#ENTRY            C0620   20000616
#SUBENT        C0620001   20000616
#BIB                 10         16                                 
#INSTITUTE  (1USAINU,1USAMRY,1CANSAS,4RUSJIA)                      
#REFERENCE  (J,PL/B,452,8,199904)                                  
#AUTHOR     (D.S.CARMAN,L.C.BLAND,N.S.CHANT,T.GU,G.M.HUBER,        
#           J.HUFFMAN,A.KLYACHKO,B.C.MARKHAM,P.G.ROOS,P.SCHWANDT,  
#           K.SOLBERG)                                             
#TITLE      Quasifree inclusive and exclusive cross sections at    
#            200 MeV                                               
#FACILITY   (CYCLO,1USAINU)                                        
#INC-SOURCE (POLIS) Average beam polarization 0.70+-0.02.          
#CORRECTION Corrected for background.                              
#ERR-ANALYS (ERR-S) Statistical uncertainty given.                 
#STATUS     (APRVD) Approved by D.S. Carman, 18 May 2000.          
#           Data received by email, D. Carman, 29 February 2000.   
#HISTORY    (20000405C) VM                                         
#           (20000531A) Author proof reply received, reference     
#                       corrected.                                 
#ENDBIB              16          0                                 
#COMMON               1          3                                 
#EN         
#MEV        
#200.       
#ENDCOMMON            3          0                                 
#ENDSUBENT           23          0                                 
#------------------------------------------------------------------------
#SUBENT        C0620007   20000616                                 
#BIB                  4          6                                 
#REACTION   (6-C-12(P,2P)5-B-11,,DA/DE)                            
#SAMPLE     12C target.                                            
#DETECTOR   (MWDC,NAICR) Higher energy protons were tracked by     
#            drift chambers and their energy measured in an array  
#            of NaI detectors.                                     
#HISTORY    (20000616A) Extra data fields deleted.                 
#ENDBIB               6          0                                 
#NOCOMMON             0          0                                 
#DATA                 4         69                                 
#ANG        E-DGD      DATA       ERR-S      
#ADEG       MEV        MB/SR/MEV  MB/SR/MEV  

Tkin	200.
no	1

 26.9       160.47 0.0      0.69989   0.09019  
 26.9       155.47 0.0       1.47588   0.13120  
 26.9       150.47 0.0       1.84324   0.14685  
 26.9       145.47 0.0       2.38678   0.16732  
 26.9       140.47 0.0       2.88050   0.18401  
 26.9       135.47 0.0       3.50200   0.20307  
 26.9       130.47 0.0       4.78067   0.23743  
 26.9       125.47 0.0       5.94593   0.26492  
 26.9       120.47 0.0       8.18451   0.31091  
 26.9       115.47 0.0       9.62319   0.33718  
 26.9       110.47 0.0      10.80846   0.35734  
 26.9       105.47 0.0      13.53546   0.39981  
 26.9       100.47 0.0      14.89113   0.41921  
 26.9        95.47 0.0      18.85323   0.47146  
 26.9        90.47 0.0      21.67394   0.50516  
 26.9        85.47 0.0      24.84836   0.54044  
 26.9        80.47 0.0      27.60772   0.56908  
 26.9        75.47 0.0      29.25776   0.58514  
 26.9        70.47 0.0      32.15942   0.61262  
 26.9        65.47 0.0      33.74180   0.62652  
 26.9        60.47 0.0      33.06479   0.61908  
 26.9        55.47 0.0      29.93981   0.58789  
 26.9        50.47 0.0      26.16037   0.54826  
 30.3       160.47 0.0       0.98002   0.09760  
 30.3       155.47 0.0       1.39697   0.11673  
 30.3       150.47 0.0       2.04172   0.14134  
 30.3       145.47 0.0       3.00744   0.17176  
 30.3       140.47 0.0       3.92952   0.19654  
 30.3       135.47 0.0       5.07800   0.22362  
 30.3       130.47 0.0       6.42614   0.25173  
 30.3       125.47 0.0       8.71166   0.29324  
 30.3       120.47 0.0       9.76429   0.31055  
 30.3       115.47 0.0      12.47964   0.35113  
 30.3       110.47 0.0      14.86362   0.38320  
 30.3       105.47 0.0      17.33374   0.41374  
 30.3       100.47 0.0      19.77177   0.44173  
 30.3        95.47 0.0      23.29373   0.47923  
 30.3        90.47 0.0      24.74897   0.49364  
 30.3        85.47 0.0      26.99747   0.51515  
 30.3        80.47 0.0      29.57379   0.53862  
 30.3        75.47 0.0      29.99586   0.54181  
 30.3        70.47 0.0      31.61089   0.55543  
 30.3        65.47 0.0      30.10713   0.54120  
 30.3        60.47 0.0      27.43242   0.51566  
 30.3        55.47 0.0      24.94156   0.49068  
 30.3        50.47 0.0      21.40878   0.45356  
 33.6       160.47 0.0       0.86652   0.09453  
 33.6       155.47 0.0       2.10100   0.14746  
 33.6       150.47 0.0       2.48192   0.16051  
 33.6       145.47 0.0       3.16233   0.18142  
 33.6       140.47 0.0       4.82610   0.22436  
 33.6       135.47 0.0       6.22882   0.25511  
 33.6       130.47 0.0       8.15627   0.29212  
 33.6       125.47 0.0      11.04921   0.34017  
 33.6       120.47 0.0      13.55765   0.37693  
 33.6       115.47 0.0      14.63342   0.39166  
 33.6       110.47 0.0      17.64599   0.43008  
 33.6       105.47 0.0      20.09695   0.45889  
 33.6       100.47 0.0      22.61380   0.48662  
 33.6        95.47 0.0      24.34492   0.50465  
 33.6        90.47 0.0      25.98825   0.52105  
 33.6        85.47 0.0      26.88841   0.52956  
 33.6        80.47 0.0      26.97134   0.52984  
 33.6        75.47 0.0      27.43732   0.53376  
 33.6        70.47 0.0      27.47035   0.53334  
 33.6        65.47 0.0      26.56246   0.52362  
 33.6        60.47 0.0      24.19732   0.49886  
 33.6        55.47 0.0      22.40668   0.47906  
 33.6        50.47 0.0      18.21591   0.43094  
#ENDDATA             71          0                                 
#ENDSUBENT           82          0                                 
