2048 1 1
1.91979e-10 2.21679e-10 3.13501e-10
4.1687
4.16854
4.16807
4.16727
4.16616
4.16474
4.16299
4.16094
4.15856
4.15588
4.15288
4.14958
4.14596
4.14204
4.13781
4.13327
4.12843
4.1233
4.11786
4.11213
4.10611
4.09979
4.09319
4.0863
4.07913
4.07168
4.06395
4.05595
4.04767
4.03913
4.03033
4.02127
4.01195
4.00238
3.99256
3.9825
3.97219
3.96165
3.95088
3.93987
3.92865
3.9172
3.90554
3.89366
3.88158
3.8693
3.85682
3.84415
3.83129
3.81824
3.80502
3.79162
3.77805
3.76432
3.75042
3.73638
3.72218
3.70783
3.69335
3.67873
3.66397
3.64909
3.63409
3.61898
3.60375
3.58841
3.57297
3.55743
3.54181
3.52609
3.51028
3.4944
3.47845
3.46242
3.44633
3.43018
3.41397
3.3977
3.38139
3.36504
3.34864
3.33221
3.31575
3.29926
3.28274
3.26621
3.24966
3.2331
3.21653
3.19995
3.18338
3.1668
3.15023
3.13367
3.11712
3.10059
3.08407
3.06758
3.05111
3.03467
3.01826
3.00188
2.98553
2.96923
2.95296
2.93674
2.92056
2.90443
2.88835
2.87232
2.85634
2.84043
2.82456
2.80876
2.79302
2.77734
2.76173
2.74618
2.7307
2.71529
2.69995
2.68468
2.66948
2.65436
2.63931
2.62434
2.60944
2.59462
2.57988
2.56522
2.55064
2.53614
2.52172
2.50738
2.49312
2.47894
2.46485
2.45084
2.43691
2.42307
2.40931
2.39563
2.38204
2.36853
2.3551
2.34176
2.3285
2.31532
2.30223
2.28922
2.27629
2.26344
2.25068
2.238
2.2254
2.21288
2.20044
2.18809
2.17581
2.16361
2.15149
2.13945
2.12748
2.1156
2.10379
2.09206
2.0804
2.06882
2.05731
2.04587
2.03451
2.02323
2.01201
2.00086
1.98979
1.97879
1.96785
1.95698
1.94619
1.93545
1.92479
1.91419
1.90366
1.89319
1.88279
1.87245
1.86217
1.85195
1.8418
1.8317
1.82167
1.8117
1.80178
1.79192
1.78212
1.77238
1.7627
1.75307
1.74349
1.73397
1.72451
1.7151
1.70574
1.69643
1.68718
1.67797
1.66882
1.65972
1.65067
1.64166
1.63271
1.6238
1.61495
1.60614
1.59738
1.58866
1.57999
1.57137
1.56279
1.55426
1.54577
1.53733
1.52893
1.52057
1.51226
1.50399
1.49576
1.48758
1.47943
1.47133
1.46327
1.45526
1.44728
1.43934
1.43144
1.42359
1.41577
1.408
1.40026
1.39256
1.3849
1.37728
1.3697
1.36216
1.35465
1.34719
1.33976
1.33237
1.32501
1.3177
1.31042
1.30318
1.29597
1.28881
1.28167
1.27458
1.26752
1.2605
1.25352
1.24657
1.23965
1.23278
1.22594
1.21913
1.21236
1.20563
1.19893
1.19226
1.18563
1.17904
1.17248
1.16596
1.15947
1.15302
1.1466
1.14022
1.13387
1.12755
1.12127
1.11503
1.10882
1.10264
1.0965
1.09039
1.08432
1.07828
1.07227
1.0663
1.06036
1.05446
1.04859
1.04275
1.03695
1.03118
1.02544
1.01974
1.01407
1.00843
1.00283
0.997261
0.991725
0.986222
0.980751
0.975314
0.969909
0.964538
0.959199
0.953892
0.948618
0.943377
0.938168
0.932991
0.927847
0.922735
0.917655
0.912607
0.90759
0.902606
0.897654
0.892733
0.887844
0.882986
0.87816
0.873365
0.868601
0.863869
0.859168
0.854497
0.849858
0.845249
0.840671
0.836124
0.831607
0.82712
0.822664
0.818238
0.813842
0.809476
0.80514
0.800834
0.796557
0.792311
0.788093
0.783905
0.779746
0.775616
0.771516
0.767444
0.763401
0.759386
0.755401
0.751443
0.747514
0.743614
0.739741
0.735896
0.732079
0.72829
0.724529
0.720795
0.717088
0.713409
0.709757
0.706131
0.702533
0.698961
0.695416
0.691898
0.688406
0.68494
0.6815
0.678086
0.674698
0.671336
0.667999
0.664688
0.661402
0.658141
0.654905
0.651695
0.648509
0.645348
0.642211
0.639099
0.63601
0.632947
0.629907
0.626891
0.623898
0.62093
0.617984
0.615062
0.612164
0.609288
0.606435
0.603605
0.600798
0.598013
0.595251
0.592511
0.589793
0.587097
0.584423
0.581771
0.57914
0.57653
0.573942
0.571376
0.56883
0.566305
0.563801
0.561317
0.558854
0.556412
0.55399
0.551587
0.549205
0.546843
0.5445
0.542177
0.539874
0.53759
0.535325
0.533079
0.530852
0.528644
0.526454
0.524283
0.522131
0.519997
0.517881
0.515783
0.513703
0.511641
0.509596
0.507569
0.50556
0.503567
0.501592
0.499634
0.497693
0.495769
0.493861
0.49197
0.490096
0.488237
0.486395
0.484569
0.482759
0.480965
0.479186
0.477423
0.475676
0.473944
0.472227
0.470525
0.468839
0.467167
0.46551
0.463868
0.46224
0.460627
0.459028
0.457443
0.455873
0.454316
0.452773
0.451245
0.449729
0.448228
0.44674
0.445265
0.443803
0.442355
0.440919
0.439497
0.438087
0.43669
0.435306
0.433934
0.432575
0.431228
0.429893
0.428571
0.42726
0.425961
0.424674
0.423399
0.422135
0.420883
0.419643
0.418413
0.417195
0.415988
0.414792
0.413607
0.412433
0.41127
0.410117
0.408975
0.407844
0.406723
0.405612
0.404511
0.403421
0.40234
0.40127
0.40021
0.399159
0.398118
0.397086
0.396064
0.395052
0.394049
0.393055
0.392071
0.391095
0.390129
0.389172
0.388223
0.387283
0.386352
0.38543
0.384516
0.383611
0.382714
0.381826
0.380945
0.380073
0.379209
0.378354
0.377506
0.376666
0.375833
0.375009
0.374192
0.373383
0.372582
0.371787
0.371001
0.370221
0.369449
0.368684
0.367927
0.367176
0.366432
0.365695
0.364965
0.364242
0.363526
0.362816
0.362113
0.361417
0.360727
0.360043
0.359366
0.358695
0.35803
0.357372
0.356719
0.356073
0.355433
0.354799
0.35417
0.353547
0.352931
0.35232
0.351714
0.351114
0.35052
0.349931
0.349348
0.34877
0.348198
0.34763
0.347068
0.346512
0.34596
0.345413
0.344872
0.344335
0.343804
0.343277
0.342755
0.342238
0.341725
0.341218
0.340715
0.340216
0.339723
0.339233
0.338748
0.338268
0.337792
0.33732
0.336853
0.33639
0.335931
0.335476
0.335025
0.334579
0.334136
0.333697
0.333263
0.332832
0.332405
0.331982
0.331563
0.331148
0.330736
0.330328
0.329923
0.329523
0.329125
0.328732
0.328341
0.327955
0.327571
0.327191
0.326815
0.326441
0.326071
0.325705
0.325341
0.324981
0.324624
0.324269
0.323918
0.32357
0.323226
0.322884
0.322545
0.322209
0.321875
0.321545
0.321218
0.320893
0.320571
0.320252
0.319935
0.319622
0.31931
0.319002
0.318696
0.318393
0.318092
0.317794
0.317498
0.317205
0.316914
0.316626
0.31634
0.316056
0.315775
0.315496
0.315219
0.314945
0.314672
0.314402
0.314135
0.313869
0.313606
0.313344
0.313085
0.312828
0.312573
0.31232
0.312069
0.31182
0.311573
0.311328
0.311084
0.310843
0.310604
0.310366
0.310131
0.309897
0.309665
0.309435
0.309206
0.30898
0.308755
0.308532
0.30831
0.30809
0.307872
0.307656
0.307441
0.307228
0.307016
0.306806
0.306597
0.30639
0.306185
0.305981
0.305779
0.305578
0.305378
0.30518
0.304984
0.304789
0.304595
0.304403
0.304212
0.304022
0.303834
0.303647
0.303462
0.303277
0.303095
0.302913
0.302733
0.302553
0.302376
0.302199
0.302024
0.301849
0.301676
0.301505
0.301334
0.301165
0.300996
0.300829
0.300663
0.300498
0.300334
0.300172
0.30001
0.29985
0.29969
0.299532
0.299374
0.299218
0.299063
0.298908
0.298755
0.298603
0.298451
0.298301
0.298152
0.298003
0.297856
0.29771
0.297564
0.297419
0.297276
0.297133
0.296991
0.29685
0.29671
0.296571
0.296432
0.296295
0.296158
0.296022
0.295888
0.295753
0.29562
0.295488
0.295356
0.295225
0.295095
0.294966
0.294838
0.29471
0.294583
0.294457
0.294331
0.294207
0.294083
0.29396
0.293838
0.293716
0.293595
0.293475
0.293355
0.293237
0.293119
0.293001
0.292885
0.292769
0.292653
0.292539
0.292425
0.292312
0.292199
0.292087
0.291976
0.291865
0.291755
0.291646
0.291537
0.291429
0.291322
0.291215
0.291109
0.291003
0.290899
0.290794
0.290691
0.290587
0.290485
0.290383
0.290282
0.290181
0.290081
0.289982
0.289883
0.289784
0.289687
0.289589
0.289493
0.289397
0.289301
0.289206
0.289112
0.289018
0.288925
0.288832
0.28874
0.288648
0.288557
0.288466
0.288376
0.288287
0.288198
0.28811
0.288022
0.287934
0.287847
0.287761
0.287675
0.28759
0.287505
0.287421
0.287337
0.287254
0.287171
0.287089
0.287007
0.286926
0.286845
0.286765
0.286685
0.286606
0.286527
0.286449
0.286371
0.286294
0.286217
0.286141
0.286065
0.28599
0.285915
0.285841
0.285767
0.285693
0.28562
0.285548
0.285476
0.285404
0.285333
0.285263
0.285193
0.285123
0.285054
0.284985
0.284917
0.284849
0.284782
0.284715
0.284648
0.284582
0.284517
0.284452
0.284387
0.284323
0.28426
0.284196
0.284134
0.284071
0.284009
0.283948
0.283887
0.283827
0.283767
0.283707
0.283648
0.283589
0.283531
0.283473
0.283416
0.283359
0.283302
0.283246
0.283191
0.283136
0.283081
0.283027
0.282973
0.282919
0.282866
0.282814
0.282762
0.28271
0.282659
0.282608
0.282558
0.282508
0.282459
0.28241
0.282361
0.282313
0.282265
0.282218
0.282171
0.282125
0.282079
0.282034
0.281988
0.281944
0.2819
0.281856
0.281812
0.28177
0.281727
0.281685
0.281643
0.281602
0.281562
0.281521
0.281481
0.281442
0.281403
0.281364
0.281326
0.281288
0.281251
0.281214
0.281178
0.281142
0.281106
0.281071
0.281036
0.281002
0.280968
0.280935
0.280902
0.280869
0.280837
0.280806
0.280774
0.280743
0.280713
0.280683
0.280653
0.280624
0.280596
0.280567
0.28054
0.280512
0.280485
0.280459
0.280432
0.280407
0.280381
0.280357
0.280332
0.280308
0.280285
0.280262
0.280239
0.280217
0.280195
0.280173
0.280152
0.280132
0.280112
0.280092
0.280073
0.280054
0.280035
0.280017
0.28
0.279983
0.279966
0.27995
0.279934
0.279919
0.279904
0.279889
0.279875
0.279861
0.279848
0.279835
0.279823
0.279811
0.279799
0.279788
0.279777
0.279767
0.279757
0.279748
0.279739
0.27973
0.279722
0.279714
0.279707
0.2797
0.279694
0.279688
0.279682
0.279677
0.279672
0.279668
0.279664
0.279661
0.279658
0.279655
0.279653
0.279651
0.27965
0.279649
0.279649
0.279649
0.279649
0.27965
0.279651
0.279653
0.279655
0.279658
0.279661
0.279664
0.279668
0.279672
0.279677
0.279682
0.279688
0.279694
0.2797
0.279707
0.279714
0.279722
0.27973
0.279739
0.279748
0.279757
0.279767
0.279777
0.279788
0.279799
0.279811
0.279823
0.279835
0.279848
0.279861
0.279875
0.279889
0.279904
0.279919
0.279934
0.27995
0.279966
0.279983
0.28
0.280017
0.280035
0.280054
0.280073
0.280092
0.280112
0.280132
0.280152
0.280173
0.280195
0.280217
0.280239
0.280262
0.280285
0.280308
0.280332
0.280357
0.280381
0.280407
0.280432
0.280459
0.280485
0.280512
0.28054
0.280567
0.280596
0.280624
0.280653
0.280683
0.280713
0.280743
0.280774
0.280806
0.280837
0.280869
0.280902
0.280935
0.280968
0.281002
0.281036
0.281071
0.281106
0.281142
0.281178
0.281214
0.281251
0.281288
0.281326
0.281364
0.281403
0.281442
0.281481
0.281521
0.281562
0.281602
0.281643
0.281685
0.281727
0.28177
0.281812
0.281856
0.2819
0.281944
0.281988
0.282034
0.282079
0.282125
0.282171
0.282218
0.282265
0.282313
0.282361
0.28241
0.282459
0.282508
0.282558
0.282608
0.282659
0.28271
0.282762
0.282814
0.282866
0.282919
0.282973
0.283027
0.283081
0.283136
0.283191
0.283246
0.283302
0.283359
0.283416
0.283473
0.283531
0.283589
0.283648
0.283707
0.283767
0.283827
0.283887
0.283948
0.284009
0.284071
0.284134
0.284196
0.28426
0.284323
0.284387
0.284452
0.284517
0.284582
0.284648
0.284715
0.284782
0.284849
0.284917
0.284985
0.285054
0.285123
0.285193
0.285263
0.285333
0.285404
0.285476
0.285548
0.28562
0.285693
0.285767
0.285841
0.285915
0.28599
0.286065
0.286141
0.286217
0.286294
0.286371
0.286449
0.286527
0.286606
0.286685
0.286765
0.286845
0.286926
0.287007
0.287089
0.287171
0.287254
0.287337
0.287421
0.287505
0.28759
0.287675
0.287761
0.287847
0.287934
0.288022
0.28811
0.288198
0.288287
0.288376
0.288466
0.288557
0.288648
0.28874
0.288832
0.288925
0.289018
0.289112
0.289206
0.289301
0.289397
0.289493
0.289589
0.289687
0.289784
0.289883
0.289982
0.290081
0.290181
0.290282
0.290383
0.290485
0.290587
0.290691
0.290794
0.290899
0.291003
0.291109
0.291215
0.291322
0.291429
0.291537
0.291646
0.291755
0.291865
0.291976
0.292087
0.292199
0.292312
0.292425
0.292539
0.292653
0.292769
0.292885
0.293001
0.293119
0.293237
0.293355
0.293475
0.293595
0.293716
0.293838
0.29396
0.294083
0.294207
0.294331
0.294457
0.294583
0.29471
0.294838
0.294966
0.295095
0.295225
0.295356
0.295488
0.29562
0.295753
0.295888
0.296022
0.296158
0.296295
0.296432
0.296571
0.29671
0.29685
0.296991
0.297133
0.297276
0.297419
0.297564
0.29771
0.297856
0.298003
0.298152
0.298301
0.298451
0.298603
0.298755
0.298908
0.299063
0.299218
0.299374
0.299532
0.29969
0.29985
0.30001
0.300172
0.300334
0.300498
0.300663
0.300829
0.300996
0.301165
0.301334
0.301505
0.301676
0.301849
0.302024
0.302199
0.302376
0.302553
0.302733
0.302913
0.303095
0.303277
0.303462
0.303647
0.303834
0.304022
0.304212
0.304403
0.304595
0.304789
0.304984
0.30518
0.305378
0.305578
0.305779
0.305981
0.306185
0.30639
0.306597
0.306806
0.307016
0.307228
0.307441
0.307656
0.307872
0.30809
0.30831
0.308532
0.308755
0.30898
0.309206
0.309435
0.309665
0.309897
0.310131
0.310366
0.310604
0.310843
0.311084
0.311328
0.311573
0.31182
0.312069
0.31232
0.312573
0.312828
0.313085
0.313344
0.313606
0.313869
0.314135
0.314402
0.314672
0.314945
0.315219
0.315496
0.315775
0.316056
0.31634
0.316626
0.316914
0.317205
0.317498
0.317794
0.318092
0.318393
0.318696
0.319002
0.31931
0.319622
0.319935
0.320252
0.320571
0.320893
0.321218
0.321545
0.321875
0.322209
0.322545
0.322884
0.323226
0.32357
0.323918
0.324269
0.324624
0.324981
0.325341
0.325705
0.326071
0.326441
0.326815
0.327191
0.327571
0.327955
0.328341
0.328732
0.329125
0.329523
0.329923
0.330328
0.330736
0.331148
0.331563
0.331982
0.332405
0.332832
0.333263
0.333697
0.334136
0.334579
0.335025
0.335476
0.335931
0.33639
0.336853
0.33732
0.337792
0.338268
0.338748
0.339233
0.339723
0.340216
0.340715
0.341218
0.341725
0.342238
0.342755
0.343277
0.343804
0.344335
0.344872
0.345413
0.34596
0.346512
0.347068
0.34763
0.348198
0.34877
0.349348
0.349931
0.35052
0.351114
0.351714
0.35232
0.352931
0.353547
0.35417
0.354799
0.355433
0.356073
0.356719
0.357372
0.35803
0.358695
0.359366
0.360043
0.360727
0.361417
0.362113
0.362816
0.363526
0.364242
0.364965
0.365695
0.366432
0.367176
0.367927
0.368684
0.369449
0.370221
0.371001
0.371787
0.372582
0.373383
0.374192
0.375009
0.375833
0.376666
0.377506
0.378354
0.379209
0.380073
0.380945
0.381826
0.382714
0.383611
0.384516
0.38543
0.386352
0.387283
0.388223
0.389172
0.390129
0.391095
0.392071
0.393055
0.394049
0.395052
0.396064
0.397086
0.398118
0.399159
0.40021
0.40127
0.40234
0.403421
0.404511
0.405612
0.406723
0.407844
0.408975
0.410117
0.41127
0.412433
0.413607
0.414792
0.415988
0.417195
0.418413
0.419643
0.420883
0.422135
0.423399
0.424674
0.425961
0.42726
0.428571
0.429893
0.431228
0.432575
0.433934
0.435306
0.43669
0.438087
0.439497
0.440919
0.442355
0.443803
0.445265
0.44674
0.448228
0.449729
0.451245
0.452773
0.454316
0.455873
0.457443
0.459028
0.460627
0.46224
0.463868
0.46551
0.467167
0.468839
0.470525
0.472227
0.473944
0.475676
0.477423
0.479186
0.480965
0.482759
0.484569
0.486395
0.488237
0.490096
0.49197
0.493861
0.495769
0.497693
0.499634
0.501592
0.503567
0.50556
0.507569
0.509596
0.511641
0.513703
0.515783
0.517881
0.519997
0.522131
0.524283
0.526454
0.528644
0.530852
0.533079
0.535325
0.53759
0.539874
0.542177
0.5445
0.546843
0.549205
0.551587
0.55399
0.556412
0.558854
0.561317
0.563801
0.566305
0.56883
0.571376
0.573942
0.57653
0.57914
0.581771
0.584423
0.587097
0.589793
0.592511
0.595251
0.598013
0.600798
0.603605
0.606435
0.609288
0.612164
0.615062
0.617984
0.62093
0.623898
0.626891
0.629907
0.632947
0.63601
0.639099
0.642211
0.645348
0.648509
0.651695
0.654905
0.658141
0.661402
0.664688
0.667999
0.671336
0.674698
0.678086
0.6815
0.68494
0.688406
0.691898
0.695416
0.698961
0.702533
0.706131
0.709757
0.713409
0.717088
0.720795
0.724529
0.72829
0.732079
0.735896
0.739741
0.743614
0.747514
0.751443
0.755401
0.759386
0.763401
0.767444
0.771516
0.775616
0.779746
0.783905
0.788093
0.792311
0.796557
0.800834
0.80514
0.809476
0.813842
0.818238
0.822664
0.82712
0.831607
0.836124
0.840671
0.845249
0.849858
0.854497
0.859168
0.863869
0.868601
0.873365
0.87816
0.882986
0.887844
0.892733
0.897654
0.902606
0.90759
0.912607
0.917655
0.922735
0.927847
0.932991
0.938168
0.943377
0.948618
0.953892
0.959199
0.964538
0.969909
0.975314
0.980751
0.986222
0.991725
0.997261
1.00283
1.00843
1.01407
1.01974
1.02544
1.03118
1.03695
1.04275
1.04859
1.05446
1.06036
1.0663
1.07227
1.07828
1.08432
1.09039
1.0965
1.10264
1.10882
1.11503
1.12127
1.12755
1.13387
1.14022
1.1466
1.15302
1.15947
1.16596
1.17248
1.17904
1.18563
1.19226
1.19893
1.20563
1.21236
1.21913
1.22594
1.23278
1.23965
1.24657
1.25352
1.2605
1.26752
1.27458
1.28167
1.28881
1.29597
1.30318
1.31042
1.3177
1.32501
1.33237
1.33976
1.34719
1.35465
1.36216
1.3697
1.37728
1.3849
1.39256
1.40026
1.408
1.41577
1.42359
1.43144
1.43934
1.44728
1.45526
1.46327
1.47133
1.47943
1.48758
1.49576
1.50399
1.51226
1.52057
1.52893
1.53733
1.54577
1.55426
1.56279
1.57137
1.57999
1.58866
1.59738
1.60614
1.61495
1.6238
1.63271
1.64166
1.65067
1.65972
1.66882
1.67797
1.68718
1.69643
1.70574
1.7151
1.72451
1.73397
1.74349
1.75307
1.7627
1.77238
1.78212
1.79192
1.80178
1.8117
1.82167
1.8317
1.8418
1.85195
1.86217
1.87245
1.88279
1.89319
1.90366
1.91419
1.92479
1.93545
1.94619
1.95698
1.96785
1.97879
1.98979
2.00086
2.01201
2.02323
2.03451
2.04587
2.05731
2.06882
2.0804
2.09206
2.10379
2.1156
2.12748
2.13945
2.15149
2.16361
2.17581
2.18809
2.20044
2.21288
2.2254
2.238
2.25068
2.26344
2.27629
2.28922
2.30223
2.31532
2.3285
2.34176
2.3551
2.36853
2.38204
2.39563
2.40931
2.42307
2.43691
2.45084
2.46485
2.47894
2.49312
2.50738
2.52172
2.53614
2.55064
2.56522
2.57988
2.59462
2.60944
2.62434
2.63931
2.65436
2.66948
2.68468
2.69995
2.71529
2.7307
2.74618
2.76173
2.77734
2.79302
2.80876
2.82456
2.84043
2.85634
2.87232
2.88835
2.90443
2.92056
2.93674
2.95296
2.96923
2.98553
3.00188
3.01826
3.03467
3.05111
3.06758
3.08407
3.10059
3.11712
3.13367
3.15023
3.1668
3.18338
3.19995
3.21653
3.2331
3.24966
3.26621
3.28274
3.29926
3.31575
3.33221
3.34864
3.36504
3.38139
3.3977
3.41397
3.43018
3.44633
3.46242
3.47845
3.4944
3.51028
3.52609
3.54181
3.55743
3.57297
3.58841
3.60375
3.61898
3.63409
3.64909
3.66397
3.67873
3.69335
3.70783
3.72218
3.73638
3.75042
3.76432
3.77805
3.79162
3.80502
3.81824
3.83129
3.84415
3.85682
3.8693
3.88158
3.89366
3.90554
3.9172
3.92865
3.93987
3.95088
3.96165
3.97219
3.9825
3.99256
4.00238
4.01195
4.02127
4.03033
4.03913
4.04767
4.05595
4.06395
4.07168
4.07913
4.0863
4.09319
4.09979
4.10611
4.11213
4.11786
4.1233
4.12843
4.13327
4.13781
4.14204
4.14596
4.14958
4.15288
4.15588
4.15856
4.16094
4.16299
4.16474
4.16616
4.16727
4.16807
4.16854
4.1687
