-1153	1153	-1532	-14.2669
0	1153	-1532	15.6606
1153	1153	-1532	-3.57335
-576.5	576.5	-1532	65.3769
576.5	576.5	-1532	-84.7612
-1153	0	-1532	66.2307
0	0	-1532	60.6251
1153	0	-1532	42.11
-576.5	-576.5	-1532	-36.308
576.5	-576.5	-1532	-70.5203
-1153	-1153	-1532	-45.2531
0	-1153	-1532	-89.7887
1153	-1153	-1532	2.66438
-576.5	1153	-1451.4	-31.3179
576.5	1153	-1451.4	28.9848
-1153	576.5	-1451.4	30.8915
0	576.5	-1451.4	-48.4838
1153	576.5	-1451.4	17.3746
-576.5	0	-1451.4	42.8924
576.5	0	-1451.4	45.8623
-1153	-576.5	-1451.4	68.4798
0	-576.5	-1451.4	82.2738
1153	-576.5	-1451.4	-12.4996
-576.5	-1153	-1451.4	-44.3739
576.5	-1153	-1451.4	-89.2397
-1153	1153	-1370.8	-51.0347
0	1153	-1370.8	-24.0034
1153	1153	-1370.8	73.3482
-576.5	576.5	-1370.8	37.0602
576.5	576.5	-1370.8	21.7597
-1153	0	-1370.8	70.9847
0	0	-1370.8	-67.2067
1153	0	-1370.8	-52.5797
-576.5	-576.5	-1370.8	-22.5886
576.5	-576.5	-1370.8	88.1702
-1153	-1153	-1370.8	-47.3409
0	-1153	-1370.8	-46.3579
1153	-1153	-1370.8	58.7953
-576.5	1153	-1290.2	84.769
576.5	1153	-1290.2	7.33407
-1153	576.5	-1290.2	78.275
0	576.5	-1290.2	-50.4841
1153	576.5	-1290.2	7.54537
-576.5	0	-1290.2	-9.0606
576.5	0	-1290.2	8.19801
-1153	-576.5	-1290.2	-53.4698
0	-576.5	-1290.2	-68.1691
1153	-576.5	-1290.2	49.7142
-576.5	-1153	-1290.2	53.9048
576.5	-1153	-1290.2	64.7233
-1153	1153	-1209.6	5.57653
0	1153	-1209.6	32.3846
1153	1153	-1209.6	56.9971
-576.5	576.5	-1209.6	83.0769
576.5	576.5	-1209.6	78.0107
-1153	0	-1209.6	57.7575
0	0	-1209.6	-57.9578
1153	0	-1209.6	-35.9927
-576.5	-576.5	-1209.6	41.1057
576.5	-576.5	-1209.6	69.1024
-1153	-1153	-1209.6	75.767
0	-1153	-1209.6	22.0904
1153	-1153	-1209.6	-88.1043
-576.5	1153	-1129	-66.8127
576.5	1153	-1129	89.5017
-1153	576.5	-1129	-89.9341
0	576.5	-1129	-24.1536
1153	576.5	-1129	-46.8562
-576.5	0	-1129	58.8613
576.5	0	-1129	-29.3846
-1153	-576.5	-1129	50.4779
0	-576.5	-1129	47.1363
1153	-576.5	-1129	10.1313
-576.5	-1153	-1129	-31.9767
576.5	-1153	-1129	-51.9243
-1153	1153	-1048.4	-71.6706
0	1153	-1048.4	4.55347
1153	1153	-1048.4	-30.0934
-576.5	576.5	-1048.4	68.0436
576.5	576.5	-1048.4	-31.5418
-1153	0	-1048.4	-55.3701
0	0	-1048.4	-16.3799
1153	0	-1048.4	-89.1572
-576.5	-576.5	-1048.4	-88.373
576.5	-576.5	-1048.4	-23.303
0	-1153	-1048.4	78.8535
1153	-1153	-1048.4	59.3845
-576.5	1153	-967.8	8.73922
576.5	1153	-967.8	-47.1392
-1153	576.5	-967.8	10.4902
0	576.5	-967.8	-12.1584
1153	576.5	-967.8	-61.3722
-576.5	0	-967.8	-57.4195
576.5	0	-967.8	-10.2627
-1153	-576.5	-967.8	-38.1849
0	-576.5	-967.8	-57.9177
1153	-576.5	-967.8	-10.1968
-576.5	-1153	-967.8	27.6615
576.5	-1153	-967.8	-14.7739
-1153	1153	-887.2	-41.3355
0	1153	-887.2	88.2769
1153	1153	-887.2	-54.296
-576.5	576.5	-887.2	-84.1992
576.5	576.5	-887.2	8.40824
-1153	0	-887.2	3.72726
0	0	-887.2	-46.1235
1153	0	-887.2	26.7376
-576.5	-576.5	-887.2	-81.7193
576.5	-576.5	-887.2	13.7831
-1153	-1153	-887.2	4.78119
0	-1153	-887.2	-23.261
1153	-1153	-887.2	48.4129
-576.5	1153	-806.6	78.4013
576.5	1153	-806.6	-22.4182
-1153	576.5	-806.6	50.04
0	576.5	-806.6	-34.9017
1153	576.5	-806.6	-33.5647
-576.5	0	-806.6	19.4244
576.5	0	-806.6	63.8375
-1153	-576.5	-806.6	9.29607
0	-576.5	-806.6	-60.0854
1153	-576.5	-806.6	-38.3209
-576.5	-1153	-806.6	37.9239
576.5	-1153	-806.6	-27.5049
-1153	1153	-726	41.4164
0	1153	-726	89.739
1153	1153	-726	4.57738
-576.5	576.5	-726	-58.7803
576.5	576.5	-726	27.4005
-1153	0	-726	79.8035
0	0	-726	-10.1158
1153	0	-726	25.6774
-576.5	-576.5	-726	-64.4925
576.5	-576.5	-726	-4.31504
-1153	-1153	-726	-55.9143
0	-1153	-726	29.2347
1153	-1153	-726	39.5614
-576.5	1153	-645.4	60.8233
576.5	1153	-645.4	37.5155
-1153	576.5	-645.4	-36.6555
0	576.5	-645.4	-24.3956
1153	576.5	-645.4	-75.7456
-576.5	0	-645.4	-78.2426
576.5	0	-645.4	-35.9943
-1153	-576.5	-645.4	-8.16381
0	-576.5	-645.4	61.7974
1153	-576.5	-645.4	19.104
-576.5	-1153	-645.4	48.2715
576.5	-1153	-645.4	-8.77817
-1153	1153	-564.8	-7.05844
0	1153	-564.8	-32.4325
1153	1153	-564.8	21.1364
-576.5	576.5	-564.8	44.6207
576.5	576.5	-564.8	-84.5086
-1153	0	-564.8	83.6316
0	0	-564.8	-3.96287
1153	0	-564.8	-84.7696
-576.5	-576.5	-564.8	-1.79106
576.5	-576.5	-564.8	27.2568
-1153	-1153	-564.8	32.631
0	-1153	-564.8	-11.9876
1153	-1153	-564.8	-72.859
-576.5	1153	-484.2	-31.6916
576.5	1153	-484.2	13.5199
-1153	576.5	-484.2	12.8259
0	576.5	-484.2	2.39402
1153	576.5	-484.2	-47.2454
-576.5	0	-484.2	-37.6127
576.5	0	-484.2	-26.7827
-1153	-576.5	-484.2	80.2701
0	-576.5	-484.2	15.7318
1153	-576.5	-484.2	38.8217
-576.5	-1153	-484.2	-85.4755
576.5	-1153	-484.2	27.4893
-1153	1153	-403.6	-87.1726
0	1153	-403.6	-3.63932
1153	1153	-403.6	-0.713371
-576.5	576.5	-403.6	21.9315
576.5	576.5	-403.6	-45.3679
-1153	0	-403.6	80.5085
0	0	-403.6	-75.127
1153	0	-403.6	12.1997
-576.5	-576.5	-403.6	11.6449
576.5	-576.5	-403.6	59.4937
-1153	-1153	-403.6	17.6911
0	-1153	-403.6	5.27645
1153	-1153	-403.6	-34.4691
-576.5	1153	-323	22.9216
576.5	1153	-323	-86.5146
-1153	576.5	-323	82.7877
0	576.5	-323	-34.4475
1153	576.5	-323	-8.50219
-576.5	0	-323	-80.0714
576.5	0	-323	23.8609
-1153	-576.5	-323	-84.9823
0	-576.5	-323	22.7545
1153	-576.5	-323	-63.7451
-576.5	-1153	-323	-42.2277
576.5	-1153	-323	75.1419
-1153	1153	-242.4	-0.527827
0	1153	-242.4	-51.9576
1153	1153	-242.4	0.873703
-576.5	576.5	-242.4	-51.7061
576.5	576.5	-242.4	-47.4331
-1153	0	-242.4	-61.6371
0	0	-242.4	-48.8787
1153	0	-242.4	38.9275
-576.5	-576.5	-242.4	27.6496
576.5	-576.5	-242.4	63.0528
-1153	-1153	-242.4	83.5597
0	-1153	-242.4	18.158
1153	-1153	-242.4	77.9259
-576.5	1153	-161.8	5.75934
576.5	1153	-161.8	-60.1971
-1153	576.5	-161.8	47.4196
0	576.5	-161.8	-66.5496
1153	576.5	-161.8	35.0794
-576.5	0	-161.8	-77.0496
576.5	0	-161.8	46.372
-1153	-576.5	-161.8	38.5648
0	-576.5	-161.8	-84.2619
1153	-576.5	-161.8	-78.0755
-576.5	-1153	-161.8	-59.9374
576.5	-1153	-161.8	-74.3333
-1153	1153	-81.2	35.7854
0	1153	-81.2	-54.9197
1153	1153	-81.2	38.4212
-576.5	576.5	-81.2	62.0403
576.5	576.5	-81.2	-7.14744
-1153	0	-81.2	23.5631
0	0	-81.2	-28.4875
1153	0	-81.2	30.8949
-576.5	-576.5	-81.2	-65.5632
576.5	-576.5	-81.2	9.80635
-1153	-1153	-81.2	73.4618
0	-1153	-81.2	-37.2002
1153	-1153	-81.2	50.9277
-576.5	1153	-0.6	22.3893
576.5	1153	-0.6	80.4493
-1153	576.5	-0.6	23.9805
0	576.5	-0.6	15.949
1153	576.5	-0.6	8.60737
-576.5	0	-0.6	11.9063
576.5	0	-0.6	-68.2917
-1153	-576.5	-0.6	38.4103
0	-576.5	-0.6	-30.6741
1153	-576.5	-0.6	-44.8412
-576.5	-1153	-0.6	-16.5103
576.5	-1153	-0.6	-17.7236
-1153	1153	80	-88.4692
0	1153	80	-67.9455
1153	1153	80	-11.9855
-576.5	576.5	80	-76.5447
576.5	576.5	80	-37.883
-1153	0	80	3.68118
0	0	80	49.2407
1153	0	80	-2.8027
-576.5	-576.5	80	-47.8976
576.5	-576.5	80	21.281
-1153	-1153	80	80.0499
0	-1153	80	65.6655
1153	-1153	80	82.7934
-576.5	1153	160.6	20.9448
576.5	1153	160.6	-89.8977
-1153	576.5	160.6	2.59976
0	576.5	160.6	4.40658
1153	576.5	160.6	-37.0979
-576.5	0	160.6	-36.4726
576.5	0	160.6	-63.2041
-1153	-576.5	160.6	-46.6486
0	-576.5	160.6	77.5079
1153	-576.5	160.6	42.7449
-576.5	-1153	160.6	51.9588
576.5	-1153	160.6	-0.58573
-1153	1153	241.2	64.4532
0	1153	241.2	0.369115
1153	1153	241.2	58.7402
-576.5	576.5	241.2	-70.388
576.5	576.5	241.2	73.8588
-1153	0	241.2	-48.9834
0	0	241.2	-68.8572
1153	0	241.2	-84.0868
-576.5	-576.5	241.2	29.031
576.5	-576.5	241.2	-55.402
-1153	-1153	241.2	-31.9697
0	-1153	241.2	-57.2878
1153	-1153	241.2	83.8387
-576.5	1153	321.8	55.2276
576.5	1153	321.8	-15.1854
-1153	576.5	321.8	15.1197
0	576.5	321.8	45.2774
1153	576.5	321.8	-39.5198
-576.5	0	321.8	7.91308
576.5	0	321.8	-23.7778
-1153	-576.5	321.8	-39.4175
0	-576.5	321.8	-79.4872
1153	-576.5	321.8	70.6288
-576.5	-1153	321.8	13.4846
576.5	-1153	321.8	-25.9597
-1153	1153	402.4	-82.5753
0	1153	402.4	56.836
1153	1153	402.4	-38.4518
-576.5	576.5	402.4	50.1696
576.5	576.5	402.4	18.7949
-1153	0	402.4	50.9625
0	0	402.4	24.6228
1153	0	402.4	-70.836
-576.5	-576.5	402.4	19.7027
576.5	-576.5	402.4	44.2348
-1153	-1153	402.4	-86.9772
0	-1153	402.4	60.7192
1153	-1153	402.4	65.3775
-576.5	1153	483	-81.064
576.5	1153	483	-0.24973
-1153	576.5	483	-80.0244
0	576.5	483	-23.0337
1153	576.5	483	32.4625
-576.5	0	483	-86.1857
576.5	0	483	-57.8062
-1153	-576.5	483	-72.7229
0	-576.5	483	18.934
1153	-576.5	483	77.4712
-576.5	-1153	483	-22.2427
576.5	-1153	483	-63.1529
-1153	1153	563.6	-36.3065
0	1153	563.6	28.3398
1153	1153	563.6	-52.6401
-576.5	576.5	563.6	-55.6778
576.5	576.5	563.6	-48.1756
-1153	0	563.6	11.4002
0	0	563.6	-48.2531
1153	0	563.6	-81.3396
-576.5	-576.5	563.6	62.9484
576.5	-576.5	563.6	-88.0835
-1153	-1153	563.6	27.4553
0	-1153	563.6	23.9108
1153	-1153	563.6	26.5393
-576.5	1153	644.2	46.6193
576.5	1153	644.2	-46.3865
-1153	576.5	644.2	-19.2259
0	576.5	644.2	49.642
1153	576.5	644.2	-75.6673
-576.5	0	644.2	-43.8483
576.5	0	644.2	58.578
-1153	-576.5	644.2	14.083
0	-576.5	644.2	-33.8727
1153	-576.5	644.2	-54.4557
-576.5	-1153	644.2	-43.4545
576.5	-1153	644.2	-30.0584
-1153	1153	724.8	-22.2619
0	1153	724.8	-26.1774
1153	1153	724.8	78.8756
-576.5	576.5	724.8	-34.7906
576.5	576.5	724.8	41.5799
-1153	0	724.8	-74.2774
0	0	724.8	18.9028
1153	0	724.8	-20.0803
-576.5	-576.5	724.8	-36.9175
576.5	-576.5	724.8	53.225
-1153	-1153	724.8	21.7441
0	-1153	724.8	64.4827
1153	-1153	724.8	-85.028
-576.5	1153	805.4	30.4045
576.5	1153	805.4	37.4311
-1153	576.5	805.4	-83.1115
1153	576.5	805.4	-32.1402
-576.5	0	805.4	-28.6581
576.5	0	805.4	33.4278
-1153	-576.5	805.4	-75.5209
0	-576.5	805.4	14.9554
1153	-576.5	805.4	-75.7981
-576.5	-1153	805.4	64.1211
576.5	-1153	805.4	29.2881
-1153	1153	886	-29.6464
0	1153	886	32.6992
1153	1153	886	-46.6289
-576.5	576.5	886	26.4809
576.5	576.5	886	68.2434
-1153	0	886	-0.0834328
0	0	886	86.4224
1153	0	886	-44.0185
-576.5	-576.5	886	63.7392
576.5	-576.5	886	75.298
-1153	-1153	886	11.1909
0	-1153	886	15.3191
1153	-1153	886	-88.9794
-576.5	1153	966.6	-59.9063
576.5	1153	966.6	85.2387
-1153	576.5	966.6	-35.8969
0	576.5	966.6	83.3187
1153	576.5	966.6	16.9828
-576.5	0	966.6	-61.4142
576.5	0	966.6	88.2907
-1153	-576.5	966.6	-42.6127
0	-576.5	966.6	66.0169
1153	-576.5	966.6	-84.8207
-576.5	-1153	966.6	15.2472
576.5	-1153	966.6	-52.6413
-1153	1153	1047.2	38.6071
0	1153	1047.2	29.7262
1153	1153	1047.2	52.3141
-576.5	576.5	1047.2	52.809
576.5	576.5	1047.2	3.84737
-1153	0	1047.2	-8.39779
0	0	1047.2	-66.8374
1153	0	1047.2	-53.4535
-576.5	-576.5	1047.2	34.9733
576.5	-576.5	1047.2	49.6435
-1153	-1153	1047.2	-75.21
0	-1153	1047.2	-55.1101
1153	-1153	1047.2	46.0659
-576.5	1153	1127.8	-29.2285
576.5	1153	1127.8	-81.371
-1153	576.5	1127.8	31.3639
0	576.5	1127.8	71.9624
1153	576.5	1127.8	23.9481
-576.5	0	1127.8	32.3845
576.5	0	1127.8	-77.9439
-1153	-576.5	1127.8	19.1869
0	-576.5	1127.8	86.4876
1153	-576.5	1127.8	-84.6252
-576.5	-1153	1127.8	-53.8303
576.5	-1153	1127.8	-64.9266
-1153	1153	1208.4	-86.3344
0	1153	1208.4	-6.44298
1153	1153	1208.4	-88.9097
-576.5	576.5	1208.4	-81.1552
576.5	576.5	1208.4	-81.1958
-1153	0	1208.4	-51.551
0	0	1208.4	47.4519
1153	0	1208.4	38.5304
-576.5	-576.5	1208.4	-89.2368
576.5	-576.5	1208.4	10.261
-1153	-1153	1208.4	-47.6222
0	-1153	1208.4	-7.63463
1153	-1153	1208.4	33.4236
-576.5	1153	1289	-11.0757
576.5	1153	1289	-62.6613
-1153	576.5	1289	-6.93292
0	576.5	1289	3.71426
1153	576.5	1289	-27.7715
-576.5	0	1289	-50.867
576.5	0	1289	64.4858
-1153	-576.5	1289	-19.1424
0	-576.5	1289	70.4969
1153	-576.5	1289	46.4482
-576.5	-1153	1289	-85.1943
576.5	-1153	1289	12.8814
-1153	1153	1369.6	58.5043
0	1153	1369.6	23.9925
1153	1153	1369.6	9.36899
-576.5	576.5	1369.6	63.8791
576.5	576.5	1369.6	60.1622
-1153	0	1369.6	34.4424
0	0	1369.6	67.5447
1153	0	1369.6	-36.2808
-576.5	-576.5	1369.6	35.5327
576.5	-576.5	1369.6	76.3895
-1153	-1153	1369.6	-27.4766
0	-1153	1369.6	73.9817
1153	-1153	1369.6	33.8415
-576.5	1153	1450.2	-78.9462
576.5	1153	1450.2	74.7449
-1153	576.5	1450.2	-45.8975
0	576.5	1450.2	-36.5684
1153	576.5	1450.2	-22.8898
-576.5	0	1450.2	77.5261
576.5	0	1450.2	42.356
-1153	-576.5	1450.2	4.4489
0	-576.5	1450.2	-19.4069
1153	-576.5	1450.2	-43.9298
-576.5	-1153	1450.2	66.6774
576.5	-1153	1450.2	19.7261
-1153	1153	1530.8	-69.444
0	1153	1530.8	-42.465
1153	1153	1530.8	0.22301
-576.5	576.5	1530.8	67.0041
576.5	576.5	1530.8	73.9817
-1153	0	1530.8	33.8415
0	0	1530.8	-78.9462
1153	0	1530.8	74.7449
-576.5	-576.5	1530.8	-45.8975
576.5	-576.5	1530.8	-36.5684
-1153	-1153	1530.8	-22.8898
0	-1153	1530.8	77.5261
1153	-1153	1530.8	42.356
