-930	930	-1309	55.333
-930	130	-1309	-79.2362
-930	-670	-1309	37.9357
-165	670	-1309	79.201
-165	-130	-1309	48.8258
-165	-930	-1309	-54.7893
600	930	-1309	52.9173
600	130	-1309	56.3859
600	-670	-1309	-4.56687
930	670	-1229.7	-30.8573
930	-130	-1229.7	11.912
930	-930	-1229.7	3.92534
165	930	-1229.7	17.4958
165	130	-1229.7	77.5247
165	-670	-1229.7	52.4241
-600	670	-1229.7	-53.7757
-600	-130	-1229.7	-65.8354
-600	-930	-1229.7	26.8544
-930	930	-1150.4	-74.5127
-930	130	-1150.4	-32.3654
-930	-670	-1150.4	-74.19
-165	670	-1150.4	-70.4021
-165	-130	-1150.4	-25.1073
-165	-930	-1150.4	-88.1986
600	930	-1150.4	-61.5766
600	130	-1150.4	-14.6131
600	-670	-1150.4	-31.6814
930	670	-1071.1	56.1996
930	-130	-1071.1	-22.9625
930	-930	-1071.1	37.2668
165	930	-1071.1	-34.9916
165	130	-1071.1	-57.6294
165	-670	-1071.1	48.0306
-600	670	-1071.1	-87.0559
-600	-130	-1071.1	-68.4284
-600	-930	-1071.1	6.85637
-930	930	-991.8	-51.8453
-930	130	-991.8	74.4888
-930	-670	-991.8	-26.7578
-165	670	-991.8	33.5879
-165	-130	-991.8	-46.3684
-165	-930	-991.8	75.1543
600	930	-991.8	-52.4868
600	130	-991.8	61.1273
600	-670	-991.8	62.6789
930	670	-912.5	89.9373
930	-130	-912.5	-82.6484
930	-930	-912.5	86.8435
165	930	-912.5	26.7917
165	130	-912.5	-67.1611
165	-670	-912.5	-35.5219
-600	670	-912.5	42.6017
-600	-130	-912.5	-47.5632
-600	-930	-912.5	29.3708
-930	930	-833.2	44.4032
-930	130	-833.2	-19.1398
-930	-670	-833.2	-75.2423
-165	670	-833.2	-77.2783
-165	-130	-833.2	-52.9402
-165	-930	-833.2	-8.20476
600	930	-833.2	49.9885
600	130	-833.2	2.0682
600	-670	-833.2	24.1658
930	670	-753.9	8.01906
930	-130	-753.9	5.01229
930	-930	-753.9	45.7374
165	930	-753.9	-75.1246
165	130	-753.9	43.167
165	-670	-753.9	30.2262
-600	670	-753.9	-11.8823
-600	-130	-753.9	-13.2451
-600	-930	-753.9	73.8577
-930	930	-674.6	-26.7281
-930	130	-674.6	24.2681
-930	-670	-674.6	44.9851
-165	670	-674.6	-54.0492
-165	-130	-674.6	24.2054
-165	-930	-674.6	52.3367
600	930	-674.6	-57.2057
600	130	-674.6	-39.0029
600	-670	-674.6	75.1756
930	670	-595.3	-2.72758
930	-130	-595.3	-86.4011
930	-930	-595.3	-62.3876
165	930	-595.3	-63.3568
165	130	-595.3	48.002
165	-670	-595.3	8.47267
-600	670	-595.3	-48.5991
-600	-130	-595.3	60.7238
-600	-930	-595.3	45.5325
-930	930	-516	33.1962
-930	130	-516	20.7123
-930	-670	-516	-42.3993
-165	670	-516	-32.638
-165	-130	-516	-61.2687
-165	-930	-516	52.613
600	930	-516	-76.9007
600	130	-516	-46.3932
600	-670	-516	5.78002
930	670	-436.7	43.3255
930	-130	-436.7	31.7245
930	-930	-436.7	82.5349
165	930	-436.7	27.1832
165	130	-436.7	-85.0036
165	-670	-436.7	16.803
-600	670	-436.7	-17.8317
-600	-130	-436.7	-49.0528
-600	-930	-436.7	-48.9916
-930	930	-357.4	-55.495
-930	130	-357.4	-16.2585
-930	-670	-357.4	2.00552
-165	670	-357.4	-70.3194
-165	-130	-357.4	71.0139
-165	-930	-357.4	5.60437
600	930	-357.4	-42.7069
600	130	-357.4	-82.3428
600	-670	-357.4	-36.3936
930	670	-278.1	55.7657
930	-130	-278.1	-40.9419
930	-930	-278.1	-65.6699
165	930	-278.1	11.2982
165	130	-278.1	82.2542
165	-670	-278.1	45.0424
-600	670	-278.1	58.8989
-600	-130	-278.1	-40.3838
-600	-930	-278.1	73.7738
-930	930	-198.8	21.512
-930	130	-198.8	-27.2845
-930	-670	-198.8	-62.6194
-165	670	-198.8	-62.708
-165	-130	-198.8	-73.959
-165	-930	-198.8	59.105
600	930	-198.8	-70.1731
600	130	-198.8	43.2243
600	-670	-198.8	64.1014
930	670	-119.5	36.6299
930	-130	-119.5	-64.6075
930	-930	-119.5	-74.9514
165	930	-119.5	77.6383
165	130	-119.5	-30.1025
165	-670	-119.5	-1.20985
-600	670	-119.5	-10.3562
-600	-130	-119.5	-10.4219
-600	-930	-119.5	-20.1959
-930	930	-40.2	85.2482
-930	130	-40.2	36.8712
-930	-670	-40.2	-12.5388
-165	670	-40.2	-41.1454
-165	-130	-40.2	2.63693
-165	-930	-40.2	36.5193
600	930	-40.2	-16.8153
600	130	-40.2	-76.0648
600	-670	-40.2	28.7735
930	670	39.1	-61.7729
930	-130	39.1	72.8341
930	-930	39.1	78.3897
165	130	39.1	-77.9991
165	-670	39.1	4.34609
-600	670	39.1	-38.8947
-600	-130	39.1	-50.6186
-600	-930	39.1	31.6381
-930	930	118.4	-22.8537
-930	130	118.4	-81.5135
-930	-670	118.4	51.465
-165	670	118.4	-69.6295
-165	-130	118.4	72.5879
-165	-930	118.4	-1.90515
600	930	118.4	-44.2369
600	130	118.4	87.6365
600	-670	118.4	-14.2669
930	670	197.7	15.6606
930	-130	197.7	-3.57335
930	-930	197.7	65.3769
165	930	197.7	-84.7612
165	130	197.7	66.2307
165	-670	197.7	60.6251
-600	670	197.7	42.11
-600	-130	197.7	-36.308
-600	-930	197.7	-70.5203
-930	930	277	-45.2531
-930	130	277	-89.7887
-930	-670	277	2.66438
-165	670	277	-31.3179
-165	-130	277	28.9848
-165	-930	277	30.8915
600	930	277	-48.4838
600	130	277	17.3746
600	-670	277	42.8924
930	670	356.3	45.8623
930	-130	356.3	68.4798
930	-930	356.3	82.2738
165	930	356.3	-12.4996
165	130	356.3	-44.3739
165	-670	356.3	-89.2397
-600	670	356.3	-51.0347
-600	-130	356.3	-24.0034
-600	-930	356.3	73.3482
-930	930	435.6	37.0602
-930	130	435.6	21.7597
-930	-670	435.6	70.9847
-165	670	435.6	-67.2067
-165	-130	435.6	-52.5797
-165	-930	435.6	-22.5886
600	930	435.6	88.1702
600	130	435.6	-47.3409
600	-670	435.6	-46.3579
930	670	514.9	58.7953
930	-130	514.9	84.769
930	-930	514.9	7.33407
165	930	514.9	78.275
165	130	514.9	-50.4841
165	-670	514.9	7.54537
-600	670	514.9	-9.0606
-600	-130	514.9	8.19801
-600	-930	514.9	-53.4698
-930	930	594.2	-68.1691
-930	130	594.2	49.7142
-930	-670	594.2	53.9048
-165	670	594.2	64.7233
-165	-130	594.2	5.57653
-165	-930	594.2	32.3846
600	930	594.2	56.9971
600	130	594.2	83.0769
600	-670	594.2	78.0107
930	670	673.5	57.7575
930	-130	673.5	-57.9578
930	-930	673.5	-35.9927
165	930	673.5	41.1057
165	130	673.5	69.1024
165	-670	673.5	75.767
-600	670	673.5	22.0904
-600	-130	673.5	-88.1043
-600	-930	673.5	-66.8127
-930	930	752.8	89.5017
-930	130	752.8	-89.9341
-930	-670	752.8	-24.1536
-165	670	752.8	-46.8562
-165	-130	752.8	58.8613
-165	-930	752.8	-29.3846
600	930	752.8	50.4779
600	130	752.8	47.1363
600	-670	752.8	10.1313
930	670	832.1	-31.9767
930	-130	832.1	-51.9243
930	-930	832.1	-71.6706
165	930	832.1	4.55347
165	130	832.1	-30.0934
165	-670	832.1	68.0436
-600	670	832.1	-31.5418
-600	-130	832.1	-55.3701
-600	-930	832.1	-16.3799
-930	930	911.4	-89.1572
-930	130	911.4	-88.373
-930	-670	911.4	-23.303
-165	670	911.4	78.8535
-165	-130	911.4	59.3845
-165	-930	911.4	8.73922
600	930	911.4	-47.1392
600	130	911.4	10.4902
600	-670	911.4	-12.1584
930	670	990.7	-61.3722
930	-130	990.7	-57.4195
930	-930	990.7	-10.2627
165	930	990.7	-38.1849
165	130	990.7	-57.9177
165	-670	990.7	-10.1968
-600	670	990.7	27.6615
-600	-130	990.7	-14.7739
-600	-930	990.7	-41.3355
-930	930	1070	88.2769
-930	130	1070	-54.296
-930	-670	1070	-84.1992
-165	670	1070	8.40824
-165	-130	1070	3.72726
-165	-930	1070	-46.1235
600	930	1070	26.7376
600	130	1070	-81.7193
600	-670	1070	13.7831
930	670	1149.3	4.78119
930	-130	1149.3	-23.261
930	-930	1149.3	48.4129
165	930	1149.3	78.4013
165	130	1149.3	-22.4182
165	-670	1149.3	50.04
-600	670	1149.3	-34.9017
-600	-130	1149.3	-33.5647
-600	-930	1149.3	19.4244
-930	930	1228.6	63.8375
-930	130	1228.6	9.29607
-930	-670	1228.6	-60.0854
-165	670	1228.6	-38.3209
-165	-130	1228.6	37.9239
-165	-930	1228.6	-27.5049
600	930	1228.6	41.4164
600	130	1228.6	89.739
600	-670	1228.6	4.57738
930	670	1307.9	-58.7803
930	-130	1307.9	27.4005
930	-930	1307.9	79.8035
165	930	1307.9	-10.1158
165	130	1307.9	25.6774
165	-670	1307.9	-64.4925
-600	670	1307.9	-4.31504
-600	-130	1307.9	-55.9143
-600	-930	1307.9	29.2347
