0.984649 
1.013460 
0.938742 
1.055190 
1.072399 
0.934436 
0.690805 
1.097407 
1.008113 
0.882408 
1.038067 
0.894237 
1.100476 
1.039867 
0.901651 
0.978140 
1.114446 
0.929895 
0.845346 
1.087048 
1.008236 
1.017379 
1.038601 
0.969624 
1.132361 
0.969751 
0.897153 
1.181044 
1.072888 
1.090930 
1.220373 
1.096846 
1.082125 
1.101370 
1.078392 
0.987184 
1.093363 
0.882147 
1.158795 
0.918748 
0.928978 
1.008758 
1.056591 
1.074943 
1.098732 
1.120854 
1.031575 
1.050440 
1.022192 
0.848159 
1.024534 
0.875038 
1.032528 
0.886992 
1.067753 
0.952537 
0.977348 
1.033316 
1.004230 
1.059765 
1.060582 
0.995668 
1.008071 
0.870123 
1.191344 
0.920763 
0.802821 
0.923281 
0.881581 
0.902631 
1.188763 
1.079125 
1.181597 
0.904890 
0.837905 
1.000537 
0.930621 
0.964625 
0.984193 
0.992701 
0.859067 
1.003623 
1.122443 
0.961761 
1.001307 
1.030415 
1.030837 
1.160043 
1.016111 
0.936907 
0.848158 
1.088508 
1.041664 
1.004103 
0.855820 
0.754174 
1.123323 
1.031137 
0.990280 
1.064571 
