0.075	92.5482
0.1	61.081
0.125	42.2201
0.15	32.382
0.175	25.6088
0.2	20.5267
0.225	16.6291
0.25	13.7179
0.275	11.7002
0.3	10.1013
0.325	8.73055
0.35	7.58775
0.375	6.71141
0.4	5.89945
0.425	5.1757
0.45	4.60221
0.475	4.19173
0.5	3.84259
0.525	3.52283
0.55	3.20597
0.575	2.93226
0.6	2.70921
0.625	2.47644
0.65	2.31611
0.675	2.19369
0.7	2.00825
0.725	1.86949
0.75	1.75933
0.775	1.633
0.8	1.54987
0.825	1.48124
0.85	1.38395
0.875	1.31205
0.9	1.226
0.925	1.13944
0.95	1.09959
0.975	1.04101
1	1
1.025	0.934527
1.05	0.899698
1.075	0.863664
1.1	0.810286
1.125	0.780294
1.15	0.761658
1.175	0.733473
1.2	0.68684
1.225	0.66871
1.25	0.637654
1.275	0.615485
1.3	0.597355
1.325	0.581979
1.35	0.553809
1.375	0.540777
1.4	0.50306
1.425	0.497341
1.45	0.470977
1.475	0.455565
1.5	0.44728
1.525	0.424859
1.55	0.416075
1.575	0.404703
1.6	0.400799
1.625	0.388543
1.65	0.369173
1.675	0.354002
1.7	0.350087
1.725	0.335543
1.75	0.323122
1.775	0.310902
1.8	0.311182
1.825	0.298186
1.85	0.29138
1.875	0.285955
1.9	0.275596
1.925	0.268234
1.95	0.265886
1.975	0.262682
2	0.250182
2.025	0.240716
2.05	0.237506
2.075	0.232205
2.1	0.220832
2.125	0.219701
2.15	0.212265
2.175	0.212666
2.2	0.21221
2.225	0.207341
2.25	0.200297
2.275	0.192517
2.3	0.189886
2.325	0.192858
2.35	0.182024
2.375	0.176782
2.4	0.177839
2.425	0.172011
2.45	0.171562
2.475	0.161152
2.5	0.1637
2.525	0.161618
2.55	0.152274
2.575	0.155768
2.6	0.151609
2.625	0.147213
2.65	0.142626
2.675	0.141163
2.7	0.135075
2.725	0.137097
2.75	0.132081
2.775	0.129722
2.8	0.129826
2.825	0.12782
2.85	0.125443
2.875	0.123756
2.9	0.119346
2.925	0.120319
2.95	0.115285
2.975	0.114092
3	0.109567
3.025	0.110225
3.05	0.109222
3.075	0.105549
3.1	0.101985
3.125	0.102391
3.15	0.101265
3.175	0.0969858
3.2	0.102007
3.225	0.0955804
3.25	0.0950316
3.275	0.0948826
3.3	0.0938242
3.325	0.0912915
3.35	0.0903772
3.375	0.0905475
3.4	0.0902642
3.425	0.0858565
3.45	0.0849508
3.475	0.0836775
3.5	0.0822695
3.525	0.0803858
3.55	0.0784546
3.575	0.0795886
3.6	0.0769547
3.625	0.0795712
3.65	0.0766047
3.675	0.076652
3.7	0.0741164
3.725	0.0734218
3.75	0.0724564
3.775	0.0712286
3.8	0.0701183
3.825	0.0707867
3.85	0.069253
3.875	0.0693129
3.9	0.0663738
3.925	0.0660028
3.95	0.0630596
3.975	0.0647959
4	0.0613724
4.025	0.0626113
4.05	0.0600383
4.075	0.0583234
4.1	0.0589922
4.125	0.0578909
4.15	0.0579463
4.175	0.0581601
4.2	0.0584712
4.225	0.0569214
4.25	0.0543628
4.275	0.0550252
4.3	0.0541416
4.325	0.0539681
4.35	0.0534594
4.375	0.0535902
4.4	0.0510096
4.425	0.0505026
4.45	0.05093
4.475	0.0509179
4.5	0.0498966
4.525	0.0493014
4.55	0.0495339
4.575	0.047684
4.6	0.0484427
4.625	0.0474193
4.65	0.0469908
4.675	0.0434269
4.7	0.0467573
4.725	0.0459587
4.75	0.0443236
4.775	0.0430312
4.8	0.0418097
4.825	0.0435871
4.85	0.0427116
4.875	0.0434484
4.9	0.0412426
4.925	0.0399403
4.95	0.0402377
4.975	0.0389141
5	0.0403137
5.025	0.0395411
5.05	0.0394111
5.075	0.0389278
5.1	0.038083
5.125	0.037606
5.15	0.0373077
5.175	0.0373318
5.2	0.0364357
5.225	0.0360548
5.25	0.0362449
5.275	0.0359516
5.3	0.0344785
5.325	0.0357682
5.35	0.0335589
5.375	0.0347111
5.4	0.0342224
5.425	0.0332132
5.45	0.0320652
5.475	0.0325691
5.5	0.0321428
5.525	0.0326143
5.55	0.0312461
5.575	0.0316446
5.6	0.0326207
5.625	0.0309292
5.65	0.031781
5.675	0.03111
5.7	0.031085
5.725	0.0298376
5.75	0.0300253
5.775	0.0291072
5.8	0.029434
5.825	0.0293647
5.85	0.0286518
5.875	0.0294225
5.9	0.0288101
5.925	0.0277371
5.95	0.0281405
5.975	0.0272806
6	0.0285658
6.025	0.0270799
6.05	0.0267617
6.075	0.0270039
6.1	0.0259037
6.125	0.0267149
6.15	0.0268916
6.175	0.0260552
6.2	0.0264474
6.225	0.0261997
6.25	0.0250775
6.275	0.0251349
6.3	0.0248374
6.325	0.0248917
6.35	0.0253588
6.375	0.0239189
6.4	0.0235247
6.425	0.0243316
6.45	0.0237805
6.475	0.024539
6.5	0.0229951
6.525	0.0234679
6.55	0.0222213
6.575	0.0226512
6.6	0.0231117
6.625	0.0226865
6.65	0.0226309
6.675	0.0221741
6.7	0.021886
6.725	0.0225204
6.75	0.0215891
6.775	0.0215803
6.8	0.0211783
6.825	0.0211231
6.85	0.0202702
6.875	0.021167
6.9	0.0200604
6.925	0.0194932
6.95	0.0202454
6.975	0.0203641
7	0.0195786
7.025	0.0199124
7.05	0.0204308
7.075	0.0201506
7.1	0.0187051
7.125	0.0194116
7.15	0.0188402
7.175	0.0186343
7.2	0.0181915
7.225	0.0182014
7.25	0.0181212
7.275	0.0187745
7.3	0.0185264
7.325	0.0179612
7.35	0.0182145
7.375	0.0173885
7.4	0.0175296
7.425	0.0173015
7.45	0.0178655
7.475	0.0171251
7.5	0.0172817
7.525	0.0169988
7.55	0.0174812
7.575	0.0163579
7.6	0.0169149
7.625	0.0158714
7.65	0.0167692
7.675	0.0159291
7.7	0.0164796
7.725	0.0162668
7.75	0.0160943
7.775	0.0154321
7.8	0.0154565
7.825	0.0152527
7.85	0.015076
7.875	0.015373
7.9	0.0159891
7.925	0.0151343
7.95	0.0152519
7.975	0.0149324
8	0.0143593
8.025	0.0146017
8.05	0.0153433
8.075	0.0148959
8.1	0.0153935
8.125	0.014794
8.15	0.0148756
8.175	0.0142601
8.2	0.0135775
8.225	0.0139981
8.25	0.0135948
8.275	0.0134384
8.3	0.0135721
8.325	0.0135676
8.35	0.013381
8.375	0.0138911
8.4	0.0137102
8.425	0.0134236
8.45	0.0132839
8.475	0.0137468
8.5	0.0126954
8.525	0.0131381
8.55	0.012917
8.575	0.0125523
8.6	0.0133552
8.625	0.0129323
8.65	0.0124276
8.675	0.0127568
8.7	0.0123417
8.725	0.0123311
8.75	0.012783
8.775	0.0125416
8.8	0.0122996
8.825	0.0119504
8.85	0.0114672
8.875	0.0118241
8.9	0.0118658
8.925	0.0113748
8.95	0.0124416
8.975	0.0120009
9	0.011586
9.025	0.0116351
9.05	0.012039
9.075	0.0114209
9.1	0.0112775
9.125	0.0114966
9.15	0.0108383
9.175	0.0115186
9.2	0.0108263
9.225	0.0106703
9.25	0.010646
9.275	0.0113658
9.3	0.0109566
9.325	0.0106675
9.35	0.0103524
9.375	0.0107476
9.4	0.00997691
9.425	0.010812
9.45	0.0102024
9.475	0.010362
9.5	0.0101172
9.525	0.0105576
9.55	0.010192
9.575	0.00999399
9.6	0.0101592
9.625	0.0103616
9.65	0.00995615
9.675	0.00976115
9.7	0.00936209
9.725	0.00957029
9.75	0.0094812
9.775	0.00989171
9.8	0.00951605
9.825	0.00946831
9.85	0.00973281
9.875	0.00911279
9.9	0.00926576
9.925	0.00939933
9.95	0.00938689
9.975	0.00915537
10	0.00882561

