0.075     97.8831
0.1     64.8343
0.125     45.6426
0.15     35.0557
0.175     27.6371
0.2     22.333
0.225     17.9853
0.25     14.6579
0.275     12.4651
0.3     10.6469
0.325     9.27029
0.35     8.09888
0.375     7.11041
0.4     6.26272
0.425     5.54229
0.45     4.94365
0.475     4.48353
0.5     4.04224
0.525     3.66408
0.55     3.36217
0.575     3.06678
0.6     2.85364
0.625     2.59989
0.65     2.40406
0.675     2.25277
0.7     2.07523
0.725     1.93671
0.75     1.7985
0.775     1.68269
0.8     1.5862
0.825     1.47646
0.85     1.39997
0.875     1.30774
0.9     1.24337
0.925     1.1717
0.95     1.1104
0.975     1.05224
1     1
1.025     0.941169
1.05     0.895355
1.075     0.857264
1.1     0.816115
1.125     0.770715
1.15     0.742036
1.175     0.707683
1.2     0.673875
1.225     0.649353
1.25     0.621536
1.275     0.590711
1.3     0.566205
1.325     0.545477
1.35     0.524319
1.375     0.497073
1.4     0.483812
1.425     0.469173
1.45     0.450797
1.475     0.434489
1.5     0.413064
1.525     0.40331
1.55     0.392264
1.575     0.373361
1.6     0.357637
1.625     0.351233
1.65     0.338029
1.675     0.323434
1.7     0.314693
1.725     0.308325
1.75     0.290771
1.775     0.280906
1.8     0.275833
1.825     0.265431
1.85     0.259054
1.875     0.252458
1.9     0.239474
1.925     0.23515
1.95     0.227119
1.975     0.222233
2     0.214953
2.025     0.20833
2.05     0.200738
2.075     0.198124
2.1     0.188285
2.125     0.185153
2.15     0.180076
2.175     0.173461
2.2     0.171245
2.225     0.166202
2.25     0.161251
2.275     0.158729
2.3     0.152551
2.325     0.147518
2.35     0.1446
2.375     0.141888
2.4     0.137821
2.425     0.135113
2.45     0.128425
2.475     0.12624
2.5     0.123117
2.525     0.120522
2.55     0.120029
2.575     0.115891
2.6     0.113524
2.625     0.107605
2.65     0.106011
2.675     0.105758
2.7     0.102996
2.725     0.0989559
2.75     0.0968507
2.775     0.0920968
2.8     0.0921967
2.825     0.0916657
2.85     0.0892332
2.875     0.0881417
2.9     0.0845164
2.925     0.082311
2.95     0.0812722
2.975     0.0774972
3     0.0767664
3.025     0.0753449
3.05     0.0716005
3.075     0.0735166
3.1     0.0710071
3.125     0.0686763
3.15     0.0687
3.175     0.0675772
3.2     0.0651626
3.225     0.0639702
3.25     0.0601031
3.275     0.0601078
3.3     0.0609665
3.325     0.0582266
3.35     0.0566836
3.375     0.0569012
3.4     0.0558207
3.425     0.0547453
3.45     0.0529047
3.475     0.0531173
3.5     0.0502012
3.525     0.049896
3.55     0.0480687
3.575     0.048212
3.6     0.0472225
3.625     0.0456206
3.65     0.0455496
3.675     0.0446149
3.7     0.0422784
3.725     0.0415637
3.75     0.0416078
3.775     0.0399578
3.8     0.0398809
3.825     0.0388724
3.85     0.03804
3.875     0.0381476
3.9     0.0363184
3.925     0.0359256
3.95     0.0340751
3.975     0.0345144
4     0.0344696
4.025     0.0335737
4.05     0.0329867
4.075     0.0329369
4.1     0.0315704
4.125     0.031338
4.15     0.0298683
4.175     0.0315873
4.2     0.0288346
4.225     0.0280856
4.25     0.0283705
4.275     0.0271974
4.3     0.0279721
4.325     0.0258866
4.35     0.0267648
4.375     0.0257557
4.4     0.0254244
4.425     0.0247643
4.45     0.0253467
4.475     0.0249144
4.5     0.0240234
4.525     0.0230208
4.55     0.0227411
4.575     0.0224449
4.6     0.022391
4.625     0.0219134
4.65     0.0210113
4.675     0.0213152
4.7     0.0210675
4.725     0.0209145
4.75     0.0198179
4.775     0.0192276
4.8     0.0190355
4.825     0.0189633
4.85     0.0183362
4.875     0.0191545
4.9     0.0180313
4.925     0.0178014
4.95     0.0170582
4.975     0.0164874
5     0.016467
5.025     0.0161937
5.05     0.01677
5.075     0.0158697
5.1     0.0158773
5.125     0.0160007
5.15     0.0157589
5.175     0.0156237
5.2     0.0149023
5.225     0.0142349
5.25     0.0143854
5.275     0.0142064
5.3     0.0142025
5.325     0.0137559
5.35     0.0130526
5.375     0.0130022
5.4     0.0130055
5.425     0.0125513
5.45     0.0127281
5.475     0.0126238
5.5     0.0126627
5.525     0.0118488
5.55     0.0114788
5.575     0.0117876
5.6     0.0111262
5.625     0.0118155
5.65     0.0111284
5.675     0.0111473
5.7     0.0103334
5.725     0.011123
5.75     0.0105247
5.775     0.0100163
5.8     0.0101033
5.825     0.00966312
5.85     0.00969339
5.875     0.00972281
5.9     0.0093975
5.925     0.00915147
5.95     0.00928708
5.975     0.00927625
6     0.00909425
6.025     0.00900216
6.05     0.00850987
6.075     0.00853985
6.1     0.00790768
6.125     0.00796157
6.15     0.00765651
6.175     0.00794464
6.2     0.00770637
6.225     0.00790731
6.25     0.00762979
6.275     0.00771008
6.3     0.00726219
6.325     0.00738032
6.35     0.00736721
6.375     0.00715063
6.4     0.00683751
6.425     0.00666425
6.45     0.00659973
6.475     0.00688233
6.5     0.00617861
6.525     0.00689568
6.55     0.00623387
6.575     0.00626105
6.6     0.00611682
6.625     0.00624718
6.65     0.00568721
6.675     0.00605136
6.7     0.00606899
6.725     0.00576317
6.75     0.00557372
6.775     0.00543931
6.8     0.00528529
6.825     0.00524691
6.85     0.00544699
6.875     0.00549379
6.9     0.0055007
6.925     0.00478698
6.95     0.00463922
6.975     0.00495719
7     0.00506129
7.025     0.00494812
7.05     0.00478794
7.075     0.00459179
7.1     0.0044824
7.125     0.00457714
7.15     0.00468149
7.175     0.0045146
7.2     0.00442745
7.225     0.00431013
7.25     0.00434222
7.275     0.00427403
7.3     0.0039537
7.325     0.00407066
7.35     0.00395438
7.375     0.00400279
7.4     0.0037411
7.425     0.00379792
7.45     0.00380062
7.475     0.00361323
7.5     0.00376226
7.525     0.00357729
7.55     0.00364535
7.575     0.00333614
7.6     0.00367617
7.625     0.00356046
7.65     0.0034105
7.675     0.00344064
7.7     0.00338426
7.725     0.00338961
7.75     0.00311852
7.775     0.00324699
7.8     0.00321997
7.825     0.00290712
7.85     0.00314188
7.875     0.00297011
7.9     0.0030052
7.925     0.00295912
7.95     0.00297089
7.975     0.00307473
8     0.00291783
8.025     0.00257723
8.05     0.00290136
8.075     0.0027446
8.1     0.00262246
8.125     0.00258447
8.15     0.00256551
8.175     0.00255361
8.2     0.00270513
8.225     0.00247792
8.25     0.00245789
8.275     0.00248513
8.3     0.00241545
8.325     0.00228783
8.35     0.00220653
8.375     0.00214931
8.4     0.00240072
8.425     0.00218172
8.45     0.00221083
8.475     0.00204897
8.5     0.00210066
8.525     0.00199627
8.55     0.00214793
8.575     0.00202793
8.6     0.001794
8.625     0.0019668
8.65     0.00194913
8.675     0.00177753
8.7     0.00183504
8.725     0.00191314
8.75     0.00180285
8.775     0.00185224
8.8     0.00188381
8.825     0.00184675
8.85     0.00168307
8.875     0.00178999
8.9     0.00174933
8.925     0.00175088
8.95     0.00152059
8.975     0.00161852
9     0.00153061
9.025     0.00162707
9.05     0.00162693
9.075     0.00152702
9.1     0.00156223
9.125     0.00149584
9.15     0.00158281
9.175     0.00146927
9.2     0.0014502
9.225     0.00159982
9.25     0.00144068
9.275     0.00144619
9.3     0.00137039
9.325     0.00150438
9.35     0.00128109
9.375     0.00130612
9.4     0.00128726
9.425     0.00129481
9.45     0.00122142
9.475     0.00135272
9.5     0.00117283
9.525     0.00117074
9.55     0.00127442
9.575     0.00140039
9.6     0.00121678
9.625     0.00132427
9.65     0.00113775
9.675     0.00109736
9.7     0.00103224
9.725     0.00111672
9.75     0.00120731
9.775     0.00112413
9.8     0.00108195
9.825     0.00113868
9.85     0.00100492
9.875     0.00108758
9.9     0.000896458
9.925     0.000835999
9.95     0.000990956
9.975     0.0011341
10     0.000895694
