-14.6054 6.63854
3.91641
3.9094
3.90262
3.89584
3.88933
3.88258
3.87592
3.869
3.86233
3.85526
3.84888
3.84242
3.83548
3.8286
3.82221
3.81551
3.80888
3.80192
3.79513
3.78856
3.7812
3.77522
3.76832
3.76163
3.75476
3.74819
3.74142
3.7346
3.72804
3.72124
3.71432
3.70769
3.70079
3.69421
3.68747
3.68054
3.67385
3.66703
3.66034
3.65329
3.64657
3.63997
3.63307
3.6261
3.61973
3.6126
3.60575
3.59919
3.59215
3.58557
3.5788
3.572
3.56484
3.55807
3.55152
3.54471
3.53779
3.531
3.52411
3.5173
3.51031
3.50356
3.4963
3.4893
3.48311
3.47607
3.46936
3.46189
3.45562
3.44886
3.4418
3.43519
3.42825
3.4212
3.41441
3.40759
3.4007
3.39376
3.38707
3.38014
3.37265
3.36624
3.35938
3.35246
3.34568
3.33878
3.33191
3.32474
3.31755
3.31041
3.30417
3.2971
3.29039
3.28346
3.27634
3.26943
3.26198
3.25558
3.2488
3.24178
3.235
3.22814
3.22094
3.21406
3.20697
3.20002
3.19316
3.18603
3.1796
3.17205
3.16516
3.15825
3.15124
3.1443
3.13733
3.13009
3.12284
3.11658
3.10906
3.1025
3.09541
3.08821
3.08135
3.07425
3.06701
3.06032
3.05326
3.04739
3.03906
3.0321
3.02508
3.01801
3.01093
3.00404
2.9967
2.99056
2.98261
2.97578
2.9687
2.96161
2.95435
2.94759
2.94057
2.93442
2.92613
2.91918
2.91221
2.90501
2.89778
2.89076
2.88347
2.87834
2.86962
2.86262
2.8553
2.84815
2.8415
2.83386
2.82689
2.81968
2.81261
2.80578
2.79856
2.79112
2.78418
2.77695
2.76957
2.76264
2.75522
2.74846
2.74121
2.73378
2.72694
2.7196
2.71261
2.70537
2.69791
2.69094
2.68382
2.67668
2.66944
2.66206
2.65523
2.64754
2.64052
2.63336
2.62608
2.61872
2.61159
2.60441
2.59712
2.59134
2.58294
2.57534
2.56861
2.56085
2.55371
2.5465
2.53963
2.53229
2.52463
2.51769
2.51009
2.50315
2.49569
2.48854
2.48115
2.47401
2.46648
2.45921
2.4519
2.44468
2.43713
2.43015
2.42301
2.41549
2.40819
2.40085
2.39353
2.38643
2.37903
2.37149
2.36429
2.35716
2.34943
2.34248
2.33528
2.32778
2.3204
2.31284
2.30554
2.29839
2.29121
2.28392
2.2761
2.26873
2.26138
2.2541
2.24679
2.23946
2.23211
2.22477
2.21739
2.21003
2.20263
2.19524
2.1878
2.18042
2.17292
2.1655
2.15816
2.15126
2.14367
2.13632
2.12832
2.12139
2.11485
2.10669
2.09927
2.09162
2.08409
2.07696
2.06937
2.0623
2.05461
2.04724
2.04033
2.03243
2.0252
2.01798
2.01017
2.00301
1.9958
1.98799
1.98067
1.9736
1.96684
1.9585
1.95128
1.94399
1.93642
1.92908
1.92175
1.91439
1.90679
1.89951
1.89243
1.88467
1.87754
1.86991
1.86277
1.85537
1.848
1.8407
1.83324
1.82628
1.81865
1.81128
1.80384
1.79667
1.78947
1.78183
1.77451
1.76726
1.75983
1.75265
1.74541
1.738
1.73093
1.72365
1.71622
1.70915
1.7018
1.69434
1.68748
1.68039
1.6729
1.66625
1.65885
1.65145
1.64425
1.63714
1.63023
1.62327
1.61549
1.60925
1.60158
1.59437
1.58711
1.58014
1.57311
1.56642
1.55925
1.55218
1.5451
1.53837
1.53118
1.52408
1.517
1.51027
1.50294
1.49535
1.48934
1.48238
1.47549
1.46903
1.46189
1.45479
1.44816
1.44137
1.43489
1.42777
1.42112
1.41482
1.4078
1.40108
1.39438
1.38774
1.38104
1.37471
1.36766
1.36119
1.35457
1.3483
1.34174
1.33496
1.32859
1.32236
1.31559
1.30975
1.30302
1.29661
1.29031
1.28379
1.2779
1.27107
1.26518
1.25875
1.25291
1.24634
1.23987
1.23387
1.22794
1.22202
1.21611
1.20942
1.20346
1.19749
1.19153
1.18557
1.17962
1.17367
1.16772
1.16178
1.15599
1.15008
1.14464
1.13867
1.13271
1.12709
1.12172
1.11572
1.10977
1.10422
1.09891
1.09296
1.08765
1.08194
1.07638
1.07116
1.06543
1.05999
1.05443
1.04906
1.04372
1.03841
1.0331
1.02794
1.02232
1.01694
1.01181
1.00684
1.00167
0.995989
0.990929
0.985762
0.980698
0.975493
0.970568
0.965339
0.960588
0.955489
0.950116
0.945178
0.94021
0.935295
0.930277
0.925304
0.920306
0.915615
0.91061
0.906129
0.900992
0.896077
0.891507
0.886653
0.881699
0.876855
0.872168
0.867384
0.862678
0.857829
0.853135
0.848465
0.843973
0.839015
0.834384
0.829891
0.825054
0.820406
0.816113
0.810822
0.806296
0.801806
0.79713
0.792562
0.787727
0.782986
0.778957
0.773862
0.768843
0.764527
0.760117
0.7549
0.750081
0.745346
0.740505
0.736463
0.731346
0.726086
0.721433
0.716807
0.711785
0.70685
0.701569
0.696672
0.691408
0.686338
0.681076
0.675956
0.670434
0.665172
0.659492
0.654176
0.648235
0.642546
0.636941
0.630246
0.62399
0.617314
0.610522
0.603624
0.59545
0.588354
0.580301
0.571112
0.561115
0.550548
0.537534
0.522122
0.501348
0.459147
