4096
3.13553e-10
3.534243
3.534284
3.534237
3.533976
3.533542
3.532935
3.532157
3.531207
3.530086
3.528794
3.527331
3.525698
3.523896
3.521924
3.519784
3.517477
3.515002
3.512361
3.509554
3.506583
3.503448
3.500150
3.496690
3.493070
3.489289
3.485350
3.481254
3.477000
3.472592
3.468030
3.463316
3.458450
3.453434
3.448270
3.442959
3.437503
3.431902
3.426159
3.420276
3.414253
3.408092
3.401796
3.395366
3.388803
3.382109
3.375287
3.368338
3.361263
3.354065
3.346746
3.339307
3.331751
3.324079
3.316294
3.308396
3.300390
3.292275
3.284055
3.275731
3.267306
3.258781
3.250160
3.241442
3.232632
3.223731
3.214741
3.205664
3.196502
3.187258
3.177934
3.168531
3.159053
3.149500
3.139876
3.130182
3.120420
3.110593
3.100703
3.090751
3.080741
3.070673
3.060551
3.050376
3.040151
3.029876
3.019556
3.009190
2.998783
2.988335
2.977848
2.967325
2.956768
2.946178
2.935558
2.924909
2.914233
2.903533
2.892809
2.882065
2.871301
2.860520
2.849723
2.838912
2.828090
2.817256
2.806414
2.795565
2.784711
2.773852
2.762992
2.752131
2.741271
2.730413
2.719560
2.708711
2.697870
2.687037
2.676214
2.665401
2.654602
2.643815
2.633044
2.622289
2.611552
2.600833
2.590134
2.579456
2.568800
2.558167
2.547559
2.536976
2.526419
2.515889
2.505388
2.494915
2.484473
2.474062
2.463682
2.453335
2.443021
2.432742
2.422497
2.412287
2.402114
2.391978
2.381879
2.371819
2.361797
2.351814
2.341871
2.331968
2.322106
2.312285
2.302506
2.292769
2.283075
2.273423
2.263814
2.254249
2.244728
2.235250
2.225817
2.216429
2.207085
2.197787
2.188533
2.179325
2.170162
2.161045
2.151974
2.142948
2.133969
2.125035
2.116148
2.107306
2.098511
2.089761
2.081058
2.072400
2.063789
2.055223
2.046703
2.038229
2.029801
2.021419
2.013081
2.004790
1.996543
1.988341
1.980185
1.972073
1.964006
1.955983
1.948004
1.940069
1.932179
1.924331
1.916528
1.908767
1.901049
1.893375
1.885742
1.878152
1.870604
1.863097
1.855632
1.848209
1.840826
1.833484
1.826182
1.818920
1.811699
1.804517
1.797374
1.790271
1.783206
1.776179
1.769191
1.762241
1.755328
1.748453
1.741615
1.734813
1.728048
1.721320
1.714627
1.707970
1.701348
1.694762
1.688210
1.681692
1.675210
1.668761
1.662345
1.655963
1.649615
1.643299
1.637016
1.630765
1.624547
1.618360
1.612206
1.606082
1.599990
1.593928
1.587897
1.581897
1.575927
1.569987
1.564076
1.558196
1.552344
1.546522
1.540728
1.534963
1.529227
1.523519
1.517839
1.512187
1.506562
1.500965
1.495396
1.489853
1.484338
1.478849
1.473387
1.467951
1.462542
1.457159
1.451802
1.446471
1.441165
1.435885
1.430631
1.425402
1.420197
1.415018
1.409864
1.404735
1.399630
1.394550
1.389494
1.384463
1.379456
1.374473
1.369514
1.364579
1.359667
1.354780
1.349916
1.345076
1.340259
1.335466
1.330696
1.325949
1.321225
1.316525
1.311847
1.307193
1.302561
1.297953
1.293367
1.288804
1.284263
1.279745
1.275250
1.270778
1.266328
1.261900
1.257495
1.253112
1.248752
1.244414
1.240098
1.235805
1.231534
1.227285
1.223058
1.218853
1.214670
1.210510
1.206372
1.202255
1.198161
1.194089
1.190039
1.186010
1.182004
1.178020
1.174057
1.170117
1.166198
1.162302
1.158427
1.154575
1.150744
1.146935
1.143148
1.139382
1.135639
1.131918
1.128218
1.124540
1.120885
1.117250
1.113638
1.110048
1.106480
1.102933
1.099408
1.095905
1.092424
1.088965
1.085527
1.082112
1.078718
1.075346
1.071996
1.068668
1.065362
1.062077
1.058815
1.055574
1.052355
1.049158
1.045983
1.042830
1.039698
1.036589
1.033501
1.030435
1.027391
1.024369
1.021369
1.018390
1.015434
1.012499
1.009586
1.006695
1.003826
1.000979
0.998154
0.995350
0.992568
0.989809
0.987071
0.984355
0.981661
0.978988
0.976338
0.973709
0.971103
0.968518
0.965955
0.963414
0.960894
0.958397
0.955921
0.953467
0.951035
0.948625
0.946237
0.943870
0.941526
0.939203
0.936902
0.934623
0.932365
0.930129
0.927916
0.925723
0.923553
0.921405
0.919278
0.917173
0.915089
0.913028
0.910988
0.908970
0.906973
0.904999
0.903046
0.901115
0.899205
0.897317
0.895451
0.893606
0.891783
0.889982
0.888203
0.886445
0.884708
0.882994
0.881301
0.879629
0.877979
0.876351
0.874744
0.873159
0.871595
0.870053
0.868533
0.867034
0.865556
0.864100
0.862666
0.861253
0.859861
0.858491
0.857143
0.855815
0.854510
0.853226
0.851963
0.850721
0.849501
0.848303
0.847126
0.845970
0.844836
0.843723
0.842631
0.841561
0.840512
0.839484
0.838478
0.837493
0.836529
0.835587
0.834666
0.833766
0.832887
0.832030
0.831194
0.830379
0.829586
0.828814
0.828063
0.827333
0.826625
0.825937
0.825271
0.824626
0.824003
0.823400
0.822819
0.822259
0.821720
0.821202
0.820706
0.820230
0.819776
0.819343
0.818931
0.818540
0.818171
0.817822
0.817495
0.817189
0.816903
0.816640
0.816397
0.816175
0.815974
0.815795
0.815637
0.815499
0.815383
0.815288
0.815214
0.815162
0.815130
0.815119
0.815130
0.815162
0.815214
0.815288
0.815383
0.815499
0.815637
0.815795
0.815974
0.816175
0.816397
0.816640
0.816903
0.817189
0.817495
0.817822
0.818171
0.818540
0.818931
0.819343
0.819776
0.820230
0.820706
0.821202
0.821720
0.822259
0.822819
0.823400
0.824003
0.824626
0.825271
0.825937
0.826625
0.827333
0.828063
0.828814
0.829586
0.830379
0.831194
0.832030
0.832887
0.833766
0.834666
0.835587
0.836529
0.837493
0.838478
0.839484
0.840512
0.841561
0.842631
0.843723
0.844836
0.845970
0.847126
0.848303
0.849501
0.850721
0.851963
0.853226
0.854510
0.855815
0.857143
0.858491
0.859861
0.861253
0.862666
0.864100
0.865556
0.867034
0.868533
0.870053
0.871595
0.873159
0.874744
0.876351
0.877979
0.879629
0.881301
0.882994
0.884708
0.886445
0.888203
0.889982
0.891783
0.893606
0.895451
0.897317
0.899205
0.901115
0.903046
0.904999
0.906973
0.908970
0.910988
0.913028
0.915089
0.917173
0.919278
0.921405
0.923553
0.925723
0.927916
0.930129
0.932365
0.934623
0.936902
0.939203
0.941526
0.943870
0.946237
0.948625
0.951035
0.953467
0.955921
0.958397
0.960894
0.963414
0.965955
0.968518
0.971103
0.973709
0.976338
0.978988
0.981661
0.984355
0.987071
0.989809
0.992568
0.995350
0.998154
1.000979
1.003826
1.006695
1.009586
1.012499
1.015434
1.018390
1.021369
1.024369
1.027391
1.030435
1.033501
1.036589
1.039698
1.042830
1.045983
1.049158
1.052355
1.055574
1.058815
1.062077
1.065362
1.068668
1.071996
1.075346
1.078718
1.082112
1.085527
1.088965
1.092424
1.095905
1.099408
1.102933
1.106480
1.110048
1.113638
1.117250
1.120885
1.124540
1.128218
1.131918
1.135639
1.139382
1.143148
1.146935
1.150744
1.154575
1.158427
1.162302
1.166198
1.170117
1.174057
1.178020
1.182004
1.186010
1.190039
1.194089
1.198161
1.202255
1.206372
1.210510
1.214670
1.218853
1.223058
1.227285
1.231534
1.235805
1.240098
1.244414
1.248752
1.253112
1.257495
1.261900
1.266328
1.270778
1.275250
1.279745
1.284263
1.288804
1.293367
1.297953
1.302561
1.307193
1.311847
1.316525
1.321225
1.325949
1.330696
1.335466
1.340259
1.345076
1.349916
1.354780
1.359667
1.364579
1.369514
1.374473
1.379456
1.384463
1.389494
1.394550
1.399630
1.404735
1.409864
1.415018
1.420197
1.425402
1.430631
1.435885
1.441165
1.446471
1.451802
1.457159
1.462542
1.467951
1.473387
1.478849
1.484338
1.489853
1.495396
1.500965
1.506562
1.512187
1.517839
1.523519
1.529227
1.534963
1.540728
1.546522
1.552344
1.558196
1.564076
1.569987
1.575927
1.581897
1.587897
1.593928
1.599990
1.606082
1.612206
1.618360
1.624547
1.630765
1.637016
1.643299
1.649615
1.655963
1.662345
1.668760
1.675210
1.681692
1.688210
1.694762
1.701348
1.707970
1.714627
1.721320
1.728049
1.734813
1.741615
1.748453
1.755328
1.762241
1.769191
1.776179
1.783206
1.790270
1.797374
1.804517
1.811699
1.818920
1.826182
1.833484
1.840826
1.848208
1.855632
1.863097
1.870604
1.878152
1.885742
1.893374
1.901049
1.908767
1.916528
1.924331
1.932179
1.940069
1.948004
1.955983
1.964006
1.972073
1.980185
1.988341
1.996543
2.004790
2.013081
2.021419
2.029801
2.038229
2.046703
2.055223
2.063789
2.072400
2.081058
2.089761
2.098511
2.107306
2.116148
2.125035
2.133969
2.142948
2.151974
2.161045
2.170162
2.179325
2.188533
2.197787
2.207085
2.216429
2.225817
2.235250
2.244728
2.254249
2.263814
2.273423
2.283075
2.292769
2.302506
2.312285
2.322106
2.331968
2.341871
2.351814
2.361797
2.371819
2.381879
2.391978
2.402114
2.412287
2.422497
2.432742
2.443021
2.453335
2.463682
2.474062
2.484473
2.494915
2.505388
2.515889
2.526419
2.536976
2.547559
2.558167
2.568800
2.579456
2.590134
2.600833
2.611552
2.622289
2.633044
2.643816
2.654601
2.665401
2.676214
2.687037
2.697870
2.708712
2.719559
2.730413
2.741271
2.752131
2.762992
2.773853
2.784711
2.795565
2.806414
2.817257
2.828089
2.838913
2.849723
2.860520
2.871301
2.882065
2.892809
2.903533
2.914233
2.924909
2.935558
2.946178
2.956768
2.967326
2.977848
2.988335
2.998783
3.009191
3.019555
3.029877
3.040150
3.050376
3.060551
3.070674
3.080741
3.090752
3.100703
3.110593
3.120420
3.130182
3.139876
3.149501
3.159053
3.168532
3.177934
3.187259
3.196502
3.205664
3.214741
3.223731
3.232632
3.241443
3.250159
3.258782
3.267306
3.275731
3.284055
3.292275
3.300389
3.308397
3.316293
3.324080
3.331751
3.339308
3.346746
3.354066
3.361263
3.368338
3.375287
3.382110
3.388803
3.395366
3.401796
3.408092
3.414253
3.420276
3.426159
3.431902
3.437503
3.442960
3.448270
3.453434
3.458450
3.463316
3.468030
3.472593
3.477000
3.481254
3.485350
3.489290
3.493070
3.496691
3.500150
3.503448
3.506583
3.509554
3.512361
3.515002
3.517477
3.519784
3.521924
3.523896
3.525698
3.527331
3.528794
3.530086
3.531207
3.532157
3.532935
3.533542
3.533976
3.534237
3.534327
3.534243
3.533987
3.533559
3.532958
3.532185
3.531239
3.530122
3.528833
3.527372
3.525741
3.523939
3.521966
3.519825
3.517514
3.515034
3.512388
3.509573
3.506593
3.503447
3.500136
3.496661
3.493024
3.489225
3.485265
3.481144
3.476866
3.472429
3.467837
3.463089
3.458187
3.453132
3.447927
3.442571
3.437067
3.431416
3.425619
3.419678
3.413595
3.407371
3.401008
3.394507
3.387871
3.381099
3.374196
3.367162
3.359999
3.352708
3.345293
3.337754
3.330094
3.322314
3.314416
3.306403
3.298276
3.290037
3.281689
3.273232
3.264671
3.256005
3.247238
3.238371
3.229407
3.220347
3.211195
3.201951
3.192619
3.183198
3.173695
3.164107
3.154440
3.144694
3.134872
3.124976
3.115008
3.104970
3.094865
3.084693
3.074459
3.064163
3.053808
3.043396
3.032929
3.022409
3.011839
3.001219
2.990553
2.979842
2.969089
2.958295
2.947463
2.936593
2.925690
2.914753
2.903786
2.892790
2.881768
2.870719
2.859649
2.848556
2.837445
2.826315
2.815171
2.804011
2.792840
2.781657
2.770466
2.759267
2.748063
2.736855
2.725645
2.714433
2.703223
2.692014
2.680809
2.669610
2.658417
2.647232
2.636056
2.624892
2.613739
2.602600
2.591476
2.580367
2.569276
2.558203
2.547150
2.536117
2.525106
2.514118
2.503154
2.492215
2.481302
2.470416
2.459558
2.448728
2.437928
2.427159
2.416421
2.405715
2.395043
2.384404
2.373800
2.363230
2.352697
2.342200
2.331740
2.321317
2.310934
2.300588
2.290283
2.280017
2.269791
2.259607
2.249463
2.239361
2.229301
2.219284
2.209309
2.199377
2.189489
2.179644
2.169843
2.160086
2.150373
2.140705
2.131082
2.121503
2.111969
2.102481
2.093037
2.083639
2.074287
2.064979
2.055717
2.046501
2.037330
2.028205
2.019125
2.010091
2.001102
1.992158
1.983259
1.974406
1.965598
1.956834
1.948116
1.939442
1.930813
1.922228
1.913688
1.905191
1.896739
1.888330
1.879965
1.871643
1.863364
1.855128
1.846935
1.838784
1.830675
1.822609
1.814584
1.806600
1.798658
1.790757
1.782896
1.775076
1.767296
1.759556
1.751855
1.744194
1.736572
1.728988
1.721443
1.713937
1.706468
1.699036
1.691642
1.684285
1.676965
1.669681
1.662433
1.655221
1.648044
1.640903
1.633797
1.626725
1.619688
1.612684
1.605715
1.598779
1.591876
1.585006
1.578169
1.571364
1.564591
1.557850
1.551141
1.544463
1.537816
1.531199
1.524613
1.518058
1.511532
1.505036
1.498569
1.492132
1.485723
1.479343
1.472992
1.466669
1.460374
1.454106
1.447867
1.441654
1.435469
1.429311
1.423179
1.417074
1.410995
1.404942
1.398915
1.392914
1.386938
1.380987
1.375062
1.369161
1.363286
1.357435
1.351608
1.345806
1.340027
1.334273
1.328543
1.322836
1.317153
1.311492
1.305856
1.300242
1.294651
1.289083
1.283538
1.278015
1.272515
1.267037
1.261581
1.256147
1.250735
1.245345
1.239977
1.234630
1.229305
1.224002
1.218720
1.213459
1.208219
1.203000
1.197802
1.192626
1.187470
1.182335
1.177220
1.172126
1.167053
1.162000
1.156967
1.151955
1.146963
1.141991
1.137040
1.132108
1.127197
1.122306
1.117434
1.112582
1.107750
1.102938
1.098146
1.093373
1.088620
1.083886
1.079172
1.074478
1.069802
1.065147
1.060510
1.055893
1.051296
1.046717
1.042158
1.037618
1.033097
1.028595
1.024112
1.019648
1.015203
1.010777
1.006371
1.001983
0.997614
0.993263
0.988932
0.984619
0.980326
0.976050
0.971794
0.967556
0.963337
0.959137
0.954955
0.950791
0.946647
0.942520
0.938412
0.934323
0.930252
0.926200
0.922165
0.918150
0.914152
0.910173
0.906212
0.902269
0.898344
0.894438
0.890550
0.886679
0.882827
0.878993
0.875177
0.871379
0.867599
0.863837
0.860093
0.856366
0.852658
0.848967
0.845294
0.841639
0.838001
0.834381
0.830779
0.827195
0.823627
0.820078
0.816546
0.813031
0.809534
0.806055
0.802592
0.799147
0.795719
0.792309
0.788916
0.785539
0.782180
0.778839
0.775514
0.772206
0.768915
0.765641
0.762384
0.759144
0.755920
0.752714
0.749524
0.746350
0.743194
0.740054
0.736930
0.733823
0.730733
0.727658
0.724601
0.721559
0.718534
0.715525
0.712532
0.709555
0.706595
0.703650
0.700722
0.697809
0.694912
0.692031
0.689166
0.686317
0.683483
0.680665
0.677862
0.675075
0.672304
0.669547
0.666807
0.664081
0.661371
0.658676
0.655996
0.653332
0.650682
0.648047
0.645428
0.642823
0.640233
0.637658
0.635097
0.632551
0.630020
0.627503
0.625001
0.622514
0.620040
0.617581
0.615136
0.612706
0.610289
0.607887
0.605499
0.603125
0.600764
0.598418
0.596085
0.593766
0.591461
0.589169
0.586891
0.584627
0.582376
0.580138
0.577914
0.575703
0.573505
0.571320
0.569149
0.566990
0.564845
0.562712
0.560592
0.558485
0.556391
0.554310
0.552241
0.550184
0.548140
0.546109
0.544090
0.542084
0.540089
0.538107
0.536137
0.534179
0.532233
0.530299
0.528377
0.526467
0.524569
0.522682
0.520807
0.518944
0.517092
0.515251
0.513423
0.511605
0.509799
0.508004
0.506220
0.504448
0.502686
0.500936
0.499196
0.497468
0.495750
0.494043
0.492347
0.490661
0.488986
0.487322
0.485668
0.484025
0.482391
0.480769
0.479156
0.477554
0.475962
0.474380
0.472808
0.471246
0.469694
0.468152
0.466620
0.465097
0.463584
0.462081
0.460588
0.459104
0.457629
0.456164
0.454708
0.453262
0.451824
0.450396
0.448978
0.447568
0.446167
0.444776
0.443393
0.442019
0.440654
0.439298
0.437950
0.436611
0.435281
0.433960
0.432646
0.431342
0.430046
0.428758
0.427478
0.426207
0.424944
0.423689
0.422442
0.421203
0.419972
0.418750
0.417535
0.416328
0.415128
0.413937
0.412753
0.411577
0.410409
0.409248
0.408094
0.406948
0.405810
0.404678
0.403555
0.402438
0.401329
0.400227
0.399132
0.398044
0.396963
0.395889
0.394822
0.393762
0.392709
0.391662
0.390623
0.389590
0.388564
0.387544
0.386531
0.385525
0.384525
0.383531
0.382544
0.381563
0.380589
0.379621
0.378659
0.377703
0.376754
0.375811
0.374873
0.373942
0.373017
0.372098
0.371184
0.370277
0.369375
0.368479
0.367589
0.366705
0.365826
0.364953
0.364085
0.363223
0.362367
0.361516
0.360670
0.359830
0.358995
0.358166
0.357342
0.356523
0.355709
0.354900
0.354097
0.353299
0.352505
0.351717
0.350934
0.350156
0.349382
0.348614
0.347850
0.347091
0.346337
0.345588
0.344844
0.344104
0.343368
0.342638
0.341912
0.341190
0.340473
0.339761
0.339053
0.338349
0.337650
0.336955
0.336264
0.335578
0.334896
0.334218
0.333544
0.332875
0.332209
0.331548
0.330891
0.330237
0.329588
0.328943
0.328302
0.327664
0.327031
0.326401
0.325775
0.325153
0.324535
0.323921
0.323310
0.322703
0.322099
0.321499
0.320903
0.320311
0.319721
0.319136
0.318554
0.317975
0.317400
0.316828
0.316260
0.315695
0.315133
0.314575
0.314020
0.313468
0.312919
0.312374
0.311832
0.311293
0.310757
0.310224
0.309694
0.309168
0.308644
0.308123
0.307606
0.307091
0.306579
0.306071
0.305565
0.305062
0.304562
0.304064
0.303570
0.303078
0.302589
0.302103
0.301619
0.301138
0.300660
0.300185
0.299712
0.299242
0.298774
0.298309
0.297846
0.297386
0.296929
0.296474
0.296021
0.295571
0.295123
0.294678
0.294235
0.293795
0.293357
0.292921
0.292487
0.292056
0.291627
0.291200
0.290776
0.290354
0.289934
0.289516
0.289100
0.288687
0.288275
0.287866
0.287459
0.287054
0.286651
0.286250
0.285851
0.285454
0.285059
0.284666
0.284275
0.283886
0.283499
0.283114
0.282731
0.282349
0.281970
0.281592
0.281216
0.280842
0.280470
0.280100
0.279731
0.279364
0.278999
0.278636
0.278274
0.277914
0.277556
0.277200
0.276845
0.276491
0.276140
0.275790
0.275441
0.275095
0.274750
0.274406
0.274064
0.273723
0.273384
0.273047
0.272711
0.272376
0.272043
0.271712
0.271382
0.271053
0.270726
0.270400
0.270076
0.269753
0.269432
0.269111
0.268793
0.268475
0.268159
0.267844
0.267531
0.267219
0.266908
0.266598
0.266290
0.265983
0.265677
0.265373
0.265069
0.264767
0.264466
0.264167
0.263868
0.263571
0.263275
0.262980
0.262686
0.262393
0.262102
0.261812
0.261522
0.261234
0.260947
0.260661
0.260376
0.260092
0.259810
0.259528
0.259247
0.258968
0.258689
0.258412
0.258135
0.257860
0.257585
0.257312
0.257039
0.256767
0.256497
0.256227
0.255958
0.255691
0.255424
0.255158
0.254893
0.254629
0.254366
0.254103
0.253842
0.253581
0.253322
0.253063
0.252805
0.252548
0.252292
0.252037
0.251782
0.251528
0.251276
0.251024
0.250772
0.250522
0.250272
0.250023
0.249775
0.249528
0.249282
0.249036
0.248791
0.248547
0.248303
0.248060
0.247818
0.247577
0.247337
0.247097
0.246858
0.246619
0.246382
0.246145
0.245908
0.245673
0.245438
0.245204
0.244970
0.244737
0.244505
0.244274
0.244043
0.243813
0.243583
0.243354
0.243126
0.242898
0.242671
0.242445
0.242219
0.241994
0.241769
0.241545
0.241322
0.241099
0.240877
0.240655
0.240434
0.240214
0.239994
0.239775
0.239556
0.239338
0.239120
0.238903
0.238687
0.238471
0.238256
0.238041
0.237827
0.237613
0.237400
0.237187
0.236975
0.236763
0.236552
0.236342
0.236132
0.235922
0.235713
0.235505
0.235297
0.235089
0.234882
0.234676
0.234470
0.234264
0.234059
0.233854
0.233650
0.233447
0.233244
0.233041
0.232839
0.232637
0.232436
0.232235
0.232035
0.231835
0.231635
0.231436
0.231238
0.231040
0.230842
0.230645
0.230448
0.230252
0.230056
0.229860
0.229665
0.229471
0.229277
0.229083
0.228890
0.228697
0.228504
0.228312
0.228120
0.227929
0.227738
0.227548
0.227358
0.227168
0.226979
0.226790
0.226602
0.226414
0.226226
0.226039
0.225852
0.225666
0.225480
0.225294
0.225109
0.224924
0.224740
0.224556
0.224372
0.224189
0.224006
0.223823
0.223641
0.223459
0.223278
0.223097
0.222916
0.222735
0.222555
0.222376
0.222197
0.222018
0.221839
0.221661
0.221483
0.221306
0.221129
0.220952
0.220776
0.220600
0.220424
0.220249
0.220074
0.219899
0.219725
0.219551
0.219378
0.219204
0.219031
0.218859
0.218687
0.218515
0.218343
0.218172
0.218002
0.217831
0.217661
0.217491
0.217322
0.217153
0.216984
0.216815
0.216647
0.216480
0.216312
0.216145
0.215978
0.215812
0.215646
0.215480
0.215315
0.215150
0.214985
0.214820
0.214656
0.214492
0.214329
0.214166
0.214003
0.213840
0.213678
0.213516
0.213355
0.213194
0.213033
0.212872
0.212712
0.212552
0.212392
0.212233
0.212074
0.211916
0.211757
0.211599
0.211442
0.211284
0.211127
0.210970
0.210814
0.210658
0.210502
0.210347
0.210191
0.210037
0.209882
0.209728
0.209574
0.209420
0.209267
0.209114
0.208962
0.208809
0.208657
0.208505
0.208354
0.208203
0.208052
0.207902
0.207752
0.207602
0.207452
0.207303
0.207154
0.207005
0.206857
0.206709
0.206562
0.206414
0.206267
0.206120
0.205974
0.205828
0.205682
0.205537
0.205391
0.205246
0.205102
0.204958
0.204814
0.204670
0.204527
0.204384
0.204241
0.204099
0.203956
0.203815
0.203673
0.203532
0.203391
0.203251
0.203110
0.202970
0.202831
0.202691
0.202552
0.202414
0.202275
0.202137
0.201999
0.201862
0.201725
0.201588
0.201451
0.201315
0.201179
0.201043
0.200908
0.200773
0.200638
0.200504
0.200370
0.200236
0.200103
0.199969
0.199837
0.199704
0.199572
0.199440
0.199308
0.199177
0.199046
0.198915
0.198785
0.198655
0.198525
0.198395
0.198266
0.198137
0.198009
0.197881
0.197753
0.197625
0.197498
0.197371
0.197244
0.197118
0.196992
0.196866
0.196741
0.196616
0.196491
0.196366
0.196242
0.196118
0.195995
0.195871
0.195748
0.195626
0.195504
0.195381
0.195260
0.195138
0.195017
0.194897
0.194776
0.194656
0.194536
0.194417
0.194298
0.194179
0.194060
0.193942
0.193824
0.193706
0.193589
0.193472
0.193355
0.193239
0.193123
0.193007
0.192892
0.192777
0.192662
0.192547
0.192433
0.192319
0.192206
0.192093
0.191980
0.191867
0.191755
0.191643
0.191531
0.191420
0.191309
0.191198
0.191088
0.190978
0.190868
0.190759
0.190650
0.190541
0.190433
0.190325
0.190217
0.190109
0.190002
0.189895
0.189789
0.189683
0.189577
0.189471
0.189366
0.189261
0.189156
0.189052
0.188948
0.188844
0.188741
0.188638
0.188535
0.188433
0.188331
0.188229
0.188128
0.188027
0.187926
0.187826
0.187726
0.187626
0.187527
0.187427
0.187329
0.187230
0.187132
0.187034
0.186937
0.186840
0.186743
0.186646
0.186550
0.186454
0.186359
0.186263
0.186168
0.186074
0.185980
0.185886
0.185792
0.185699
0.185606
0.185513
0.185421
0.185329
0.185238
0.185146
0.185055
0.184965
0.184874
0.184784
0.184695
0.184605
0.184516
0.184428
0.184339
0.184251
0.184164
0.184076
0.183989
0.183903
0.183816
0.183730
0.183645
0.183559
0.183474
0.183390
0.183305
0.183221
0.183138
0.183054
0.182971
0.182888
0.182806
0.182724
0.182642
0.182561
0.182480
0.182399
0.182319
0.182239
0.182159
0.182080
0.182001
0.181922
0.181844
0.181766
0.181688
0.181611
0.181534
0.181457
0.181381
0.181305
0.181229
0.181154
0.181079
0.181004
0.180930
0.180856
0.180782
0.180709
0.180636
0.180563
0.180491
0.180419
0.180347
0.180276
0.180205
0.180134
0.180064
0.179994
0.179925
0.179855
0.179786
0.179718
0.179650
0.179582
0.179514
0.179447
0.179380
0.179313
0.179247
0.179181
0.179116
0.179051
0.178986
0.178921
0.178857
0.178793
0.178730
0.178667
0.178604
0.178542
0.178479
0.178418
0.178356
0.178295
0.178234
0.178174
0.178114
0.178054
0.177995
0.177936
0.177877
0.177819
0.177761
0.177703
0.177646
0.177589
0.177532
0.177476
0.177420
0.177364
0.177309
0.177254
0.177200
0.177146
0.177092
0.177038
0.176985
0.176932
0.176880
0.176828
0.176776
0.176724
0.176673
0.176622
0.176572
0.176522
0.176472
0.176423
0.176374
0.176325
0.176277
0.176229
0.176181
0.176134
0.176087
0.176040
0.175994
0.175948
0.175903
0.175857
0.175813
0.175768
0.175724
0.175680
0.175637
0.175593
0.175551
0.175508
0.175466
0.175424
0.175383
0.175342
0.175301
0.175261
0.175221
0.175181
0.175142
0.175103
0.175065
0.175026
0.174988
0.174951
0.174914
0.174877
0.174840
0.174804
0.174768
0.174733
0.174698
0.174663
0.174629
0.174595
0.174561
0.174528
0.174495
0.174462
0.174430
0.174398
0.174366
0.174335
0.174304
0.174274
0.174243
0.174214
0.174184
0.174155
0.174126
0.174098
0.174070
0.174042
0.174015
0.173988
0.173961
0.173935
0.173909
0.173883
0.173858
0.173833
0.173808
0.173784
0.173760
0.173737
0.173714
0.173691
0.173668
0.173646
0.173625
0.173603
0.173582
0.173561
0.173541
0.173521
0.173502
0.173482
0.173463
0.173445
0.173427
0.173409
0.173391
0.173374
0.173357
0.173341
0.173325
0.173309
0.173294
0.173279
0.173264
0.173250
0.173236
0.173222
0.173209
0.173196
0.173183
0.173171
0.173159
0.173148
0.173137
0.173126
0.173115
0.173105
0.173095
0.173086
0.173077
0.173068
0.173060
0.173052
0.173045
0.173037
0.173030
0.173024
0.173018
0.173012
0.173006
0.173001
0.172996
0.172992
0.172988
0.172984
0.172981
0.172978
0.172975
0.172973
0.172971
0.172969
0.172968
0.172967
0.172967
0.172966
0.172967
0.172967
0.172968
0.172969
0.172971
0.172973
0.172975
0.172978
0.172981
0.172984
0.172988
0.172992
0.172996
0.173001
0.173006
0.173012
0.173018
0.173024
0.173030
0.173037
0.173045
0.173052
0.173060
0.173068
0.173077
0.173086
0.173095
0.173105
0.173115
0.173126
0.173137
0.173148
0.173159
0.173171
0.173183
0.173196
0.173209
0.173222
0.173236
0.173250
0.173264
0.173279
0.173294
0.173309
0.173325
0.173341
0.173357
0.173374
0.173391
0.173409
0.173427
0.173445
0.173463
0.173482
0.173502
0.173521
0.173541
0.173561
0.173582
0.173603
0.173625
0.173646
0.173668
0.173691
0.173714
0.173737
0.173760
0.173784
0.173808
0.173833
0.173858
0.173883
0.173909
0.173935
0.173961
0.173988
0.174015
0.174042
0.174070
0.174098
0.174126
0.174155
0.174184
0.174214
0.174243
0.174274
0.174304
0.174335
0.174366
0.174398
0.174430
0.174462
0.174495
0.174528
0.174561
0.174595
0.174629
0.174663
0.174698
0.174733
0.174768
0.174804
0.174840
0.174877
0.174914
0.174951
0.174988
0.175026
0.175065
0.175103
0.175142
0.175181
0.175221
0.175261
0.175301
0.175342
0.175383
0.175424
0.175466
0.175508
0.175551
0.175593
0.175637
0.175680
0.175724
0.175768
0.175813
0.175857
0.175903
0.175948
0.175994
0.176040
0.176087
0.176134
0.176181
0.176229
0.176277
0.176325
0.176374
0.176423
0.176472
0.176522
0.176572
0.176622
0.176673
0.176724
0.176776
0.176828
0.176880
0.176932
0.176985
0.177038
0.177092
0.177146
0.177200
0.177254
0.177309
0.177364
0.177420
0.177476
0.177532
0.177589
0.177646
0.177703
0.177761
0.177819
0.177877
0.177936
0.177995
0.178054
0.178114
0.178174
0.178234
0.178295
0.178356
0.178418
0.178479
0.178542
0.178604
0.178667
0.178730
0.178793
0.178857
0.178921
0.178986
0.179051
0.179116
0.179181
0.179247
0.179313
0.179380
0.179447
0.179514
0.179582
0.179650
0.179718
0.179786
0.179855
0.179925
0.179994
0.180064
0.180134
0.180205
0.180276
0.180347
0.180419
0.180491
0.180563
0.180636
0.180709
0.180782
0.180856
0.180930
0.181004
0.181079
0.181154
0.181229
0.181305
0.181381
0.181457
0.181534
0.181611
0.181688
0.181766
0.181844
0.181922
0.182001
0.182080
0.182159
0.182239
0.182319
0.182399
0.182480
0.182561
0.182642
0.182724
0.182806
0.182888
0.182971
0.183054
0.183138
0.183221
0.183305
0.183390
0.183474
0.183559
0.183645
0.183730
0.183816
0.183903
0.183989
0.184076
0.184164
0.184251
0.184339
0.184428
0.184516
0.184605
0.184695
0.184784
0.184874
0.184965
0.185055
0.185146
0.185238
0.185329
0.185421
0.185513
0.185606
0.185699
0.185792
0.185886
0.185980
0.186074
0.186168
0.186263
0.186359
0.186454
0.186550
0.186646
0.186743
0.186840
0.186937
0.187034
0.187132
0.187230
0.187329
0.187427
0.187527
0.187626
0.187726
0.187826
0.187926
0.188027
0.188128
0.188229
0.188331
0.188433
0.188535
0.188638
0.188741
0.188844
0.188948
0.189052
0.189156
0.189261
0.189366
0.189471
0.189577
0.189683
0.189789
0.189895
0.190002
0.190109
0.190217
0.190325
0.190433
0.190541
0.190650
0.190759
0.190868
0.190978
0.191088
0.191198
0.191309
0.191420
0.191531
0.191643
0.191755
0.191867
0.191980
0.192093
0.192206
0.192319
0.192433
0.192547
0.192662
0.192777
0.192892
0.193007
0.193123
0.193239
0.193355
0.193472
0.193589
0.193706
0.193824
0.193942
0.194060
0.194179
0.194298
0.194417
0.194536
0.194656
0.194776
0.194897
0.195017
0.195138
0.195260
0.195381
0.195504
0.195626
0.195748
0.195871
0.195995
0.196118
0.196242
0.196366
0.196491
0.196616
0.196741
0.196866
0.196992
0.197118
0.197244
0.197371
0.197498
0.197625
0.197753
0.197881
0.198009
0.198137
0.198266
0.198395
0.198525
0.198655
0.198785
0.198915
0.199046
0.199177
0.199308
0.199440
0.199572
0.199704
0.199837
0.199969
0.200103
0.200236
0.200370
0.200504
0.200638
0.200773
0.200908
0.201043
0.201179
0.201315
0.201451
0.201588
0.201725
0.201862
0.201999
0.202137
0.202275
0.202414
0.202552
0.202691
0.202831
0.202970
0.203110
0.203251
0.203391
0.203532
0.203673
0.203815
0.203956
0.204099
0.204241
0.204384
0.204527
0.204670
0.204814
0.204958
0.205102
0.205246
0.205391
0.205537
0.205682
0.205828
0.205974
0.206120
0.206267
0.206414
0.206562
0.206709
0.206857
0.207005
0.207154
0.207303
0.207452
0.207602
0.207752
0.207902
0.208052
0.208203
0.208354
0.208505
0.208657
0.208809
0.208962
0.209114
0.209267
0.209420
0.209574
0.209728
0.209882
0.210037
0.210191
0.210347
0.210502
0.210658
0.210814
0.210970
0.211127
0.211284
0.211442
0.211599
0.211757
0.211916
0.212074
0.212233
0.212392
0.212552
0.212712
0.212872
0.213033
0.213194
0.213355
0.213516
0.213678
0.213840
0.214003
0.214166
0.214329
0.214492
0.214656
0.214820
0.214985
0.215150
0.215315
0.215480
0.215646
0.215812
0.215978
0.216145
0.216312
0.216480
0.216647
0.216815
0.216984
0.217153
0.217322
0.217491
0.217661
0.217831
0.218002
0.218172
0.218343
0.218515
0.218687
0.218859
0.219031
0.219204
0.219378
0.219551
0.219725
0.219899
0.220074
0.220249
0.220424
0.220600
0.220776
0.220952
0.221129
0.221306
0.221483
0.221661
0.221839
0.222018
0.222197
0.222376
0.222555
0.222735
0.222916
0.223097
0.223278
0.223459
0.223641
0.223823
0.224006
0.224189
0.224372
0.224556
0.224740
0.224924
0.225109
0.225294
0.225480
0.225666
0.225852
0.226039
0.226226
0.226414
0.226602
0.226790
0.226979
0.227168
0.227358
0.227548
0.227738
0.227929
0.228120
0.228312
0.228504
0.228697
0.228890
0.229083
0.229277
0.229471
0.229665
0.229860
0.230056
0.230252
0.230448
0.230645
0.230842
0.231040
0.231238
0.231436
0.231635
0.231835
0.232035
0.232235
0.232436
0.232637
0.232839
0.233041
0.233244
0.233447
0.233650
0.233854
0.234059
0.234264
0.234470
0.234676
0.234882
0.235089
0.235297
0.235505
0.235713
0.235922
0.236132
0.236342
0.236552
0.236763
0.236975
0.237187
0.237400
0.237613
0.237827
0.238041
0.238256
0.238471
0.238687
0.238903
0.239120
0.239338
0.239556
0.239775
0.239994
0.240214
0.240434
0.240655
0.240877
0.241099
0.241322
0.241545
0.241769
0.241994
0.242219
0.242445
0.242671
0.242898
0.243126
0.243354
0.243583
0.243813
0.244043
0.244274
0.244505
0.244737
0.244970
0.245204
0.245438
0.245673
0.245908
0.246145
0.246382
0.246619
0.246858
0.247097
0.247337
0.247577
0.247818
0.248060
0.248303
0.248547
0.248791
0.249036
0.249282
0.249528
0.249775
0.250023
0.250272
0.250522
0.250772
0.251024
0.251276
0.251528
0.251782
0.252037
0.252292
0.252548
0.252805
0.253063
0.253322
0.253581
0.253842
0.254103
0.254366
0.254629
0.254893
0.255158
0.255424
0.255691
0.255958
0.256227
0.256497
0.256767
0.257039
0.257312
0.257585
0.257860
0.258135
0.258412
0.258689
0.258968
0.259247
0.259528
0.259810
0.260092
0.260376
0.260661
0.260947
0.261234
0.261522
0.261812
0.262102
0.262393
0.262686
0.262980
0.263275
0.263571
0.263868
0.264167
0.264466
0.264767
0.265069
0.265373
0.265677
0.265983
0.266290
0.266598
0.266908
0.267219
0.267531
0.267844
0.268159
0.268475
0.268793
0.269111
0.269432
0.269753
0.270076
0.270400
0.270726
0.271053
0.271382
0.271712
0.272043
0.272376
0.272711
0.273047
0.273384
0.273723
0.274064
0.274406
0.274750
0.275095
0.275441
0.275790
0.276140
0.276491
0.276845
0.277200
0.277556
0.277914
0.278274
0.278636
0.278999
0.279364
0.279731
0.280100
0.280470
0.280842
0.281216
0.281592
0.281970
0.282349
0.282731
0.283114
0.283499
0.283886
0.284275
0.284666
0.285059
0.285454
0.285851
0.286250
0.286651
0.287054
0.287459
0.287866
0.288275
0.288687
0.289100
0.289516
0.289934
0.290354
0.290776
0.291200
0.291627
0.292056
0.292487
0.292921
0.293357
0.293795
0.294235
0.294678
0.295123
0.295571
0.296021
0.296474
0.296929
0.297386
0.297846
0.298309
0.298774
0.299242
0.299712
0.300185
0.300660
0.301138
0.301619
0.302103
0.302589
0.303078
0.303570
0.304064
0.304562
0.305062
0.305565
0.306071
0.306579
0.307091
0.307606
0.308123
0.308644
0.309168
0.309694
0.310224
0.310757
0.311293
0.311832
0.312374
0.312919
0.313468
0.314020
0.314575
0.315133
0.315695
0.316260
0.316828
0.317400
0.317975
0.318554
0.319136
0.319721
0.320311
0.320903
0.321499
0.322099
0.322703
0.323310
0.323921
0.324535
0.325153
0.325775
0.326401
0.327031
0.327664
0.328302
0.328943
0.329588
0.330237
0.330891
0.331548
0.332209
0.332875
0.333544
0.334218
0.334896
0.335578
0.336264
0.336955
0.337650
0.338349
0.339053
0.339761
0.340473
0.341190
0.341912
0.342638
0.343368
0.344104
0.344844
0.345588
0.346337
0.347091
0.347850
0.348614
0.349382
0.350156
0.350934
0.351717
0.352505
0.353299
0.354097
0.354900
0.355709
0.356523
0.357342
0.358166
0.358995
0.359830
0.360670
0.361516
0.362367
0.363223
0.364085
0.364953
0.365826
0.366705
0.367589
0.368479
0.369375
0.370277
0.371184
0.372098
0.373017
0.373942
0.374873
0.375811
0.376754
0.377703
0.378659
0.379621
0.380589
0.381563
0.382544
0.383531
0.384525
0.385525
0.386531
0.387544
0.388564
0.389590
0.390623
0.391662
0.392709
0.393762
0.394822
0.395889
0.396963
0.398044
0.399132
0.400227
0.401329
0.402438
0.403555
0.404678
0.405810
0.406948
0.408094
0.409248
0.410409
0.411577
0.412753
0.413937
0.415128
0.416328
0.417535
0.418750
0.419972
0.421203
0.422442
0.423689
0.424944
0.426207
0.427478
0.428758
0.430046
0.431342
0.432646
0.433960
0.435281
0.436611
0.437950
0.439298
0.440654
0.442019
0.443393
0.444776
0.446167
0.447568
0.448978
0.450396
0.451824
0.453262
0.454708
0.456164
0.457629
0.459104
0.460588
0.462081
0.463584
0.465097
0.466620
0.468152
0.469694
0.471246
0.472808
0.474380
0.475962
0.477554
0.479156
0.480769
0.482391
0.484025
0.485668
0.487322
0.488986
0.490661
0.492347
0.494043
0.495750
0.497468
0.499196
0.500936
0.502686
0.504448
0.506220
0.508004
0.509799
0.511605
0.513423
0.515251
0.517092
0.518944
0.520807
0.522682
0.524569
0.526467
0.528377
0.530299
0.532233
0.534179
0.536137
0.538107
0.540089
0.542084
0.544090
0.546109
0.548140
0.550184
0.552241
0.554310
0.556391
0.558485
0.560592
0.562712
0.564845
0.566990
0.569149
0.571320
0.573505
0.575703
0.577914
0.580138
0.582376
0.584627
0.586891
0.589169
0.591461
0.593766
0.596085
0.598418
0.600764
0.603125
0.605499
0.607887
0.610289
0.612706
0.615136
0.617581
0.620040
0.622514
0.625001
0.627503
0.630020
0.632551
0.635097
0.637658
0.640233
0.642823
0.645428
0.648047
0.650682
0.653332
0.655996
0.658676
0.661371
0.664081
0.666807
0.669547
0.672304
0.675075
0.677862
0.680665
0.683483
0.686317
0.689166
0.692031
0.694912
0.697809
0.700722
0.703650
0.706595
0.709555
0.712532
0.715525
0.718534
0.721559
0.724601
0.727658
0.730733
0.733823
0.736930
0.740054
0.743194
0.746350
0.749524
0.752714
0.755920
0.759144
0.762384
0.765641
0.768915
0.772206
0.775514
0.778839
0.782180
0.785539
0.788916
0.792309
0.795719
0.799147
0.802592
0.806055
0.809534
0.813031
0.816546
0.820078
0.823627
0.827195
0.830779
0.834381
0.838001
0.841639
0.845294
0.848967
0.852658
0.856366
0.860093
0.863837
0.867599
0.871379
0.875177
0.878993
0.882827
0.886679
0.890550
0.894438
0.898344
0.902269
0.906212
0.910173
0.914152
0.918150
0.922165
0.926200
0.930252
0.934323
0.938412
0.942520
0.946647
0.950791
0.954955
0.959137
0.963337
0.967556
0.971794
0.976050
0.980326
0.984619
0.988932
0.993263
0.997614
1.001983
1.006371
1.010777
1.015203
1.019648
1.024112
1.028595
1.033097
1.037618
1.042158
1.046717
1.051296
1.055893
1.060510
1.065147
1.069802
1.074478
1.079172
1.083886
1.088620
1.093373
1.098146
1.102938
1.107750
1.112582
1.117434
1.122306
1.127197
1.132108
1.137040
1.141991
1.146963
1.151955
1.156967
1.162000
1.167053
1.172126
1.177220
1.182335
1.187470
1.192626
1.197802
1.203000
1.208219
1.213459
1.218720
1.224002
1.229305
1.234630
1.239977
1.245345
1.250735
1.256147
1.261581
1.267037
1.272515
1.278015
1.283538
1.289083
1.294651
1.300242
1.305856
1.311492
1.317153
1.322836
1.328543
1.334273
1.340027
1.345806
1.351608
1.357435
1.363286
1.369161
1.375062
1.380987
1.386938
1.392913
1.398915
1.404942
1.410995
1.417074
1.423179
1.429311
1.435469
1.441654
1.447867
1.454106
1.460374
1.466669
1.472992
1.479343
1.485723
1.492132
1.498569
1.505036
1.511532
1.518058
1.524613
1.531199
1.537816
1.544463
1.551141
1.557850
1.564591
1.571364
1.578169
1.585006
1.591876
1.598779
1.605715
1.612684
1.619688
1.626725
1.633797
1.640903
1.648044
1.655221
1.662433
1.669681
1.676965
1.684285
1.691642
1.699036
1.706468
1.713937
1.721443
1.728988
1.736572
1.744194
1.751855
1.759556
1.767296
1.775076
1.782896
1.790757
1.798658
1.806600
1.814584
1.822609
1.830675
1.838784
1.846935
1.855128
1.863364
1.871643
1.879965
1.888330
1.896739
1.905191
1.913688
1.922228
1.930813
1.939442
1.948116
1.956834
1.965598
1.974406
1.983259
1.992158
2.001102
2.010091
2.019125
2.028205
2.037330
2.046501
2.055717
2.064979
2.074287
2.083639
2.093037
2.102481
2.111969
2.121503
2.131082
2.140705
2.150373
2.160086
2.169843
2.179644
2.189489
2.199377
2.209309
2.219284
2.229301
2.239361
2.249463
2.259607
2.269791
2.280017
2.290283
2.300588
2.310934
2.321317
2.331740
2.342200
2.352697
2.363230
2.373799
2.384404
2.395043
2.405715
2.416421
2.427159
2.437928
2.448728
2.459558
2.470416
2.481302
2.492215
2.503154
2.514118
2.525106
2.536117
2.547150
2.558203
2.569276
2.580367
2.591476
2.602600
2.613739
2.624892
2.636056
2.647232
2.658417
2.669610
2.680809
2.692014
2.703223
2.714433
2.725645
2.736855
2.748063
2.759267
2.770466
2.781657
2.792840
2.804011
2.815170
2.826315
2.837445
2.848556
2.859649
2.870719
2.881767
2.892790
2.903786
2.914753
2.925690
2.936593
2.947463
2.958295
2.969089
2.979842
2.990553
3.001219
3.011839
3.022409
3.032929
3.043396
3.053808
3.064163
3.074459
3.084693
3.094864
3.104970
3.115008
3.124976
3.134872
3.144694
3.154440
3.164107
3.173694
3.183199
3.192618
3.201951
3.211195
3.220347
3.229407
3.238371
3.247238
3.256005
3.264670
3.273232
3.281689
3.290037
3.298276
3.306403
3.314416
3.322314
3.330094
3.337754
3.345293
3.352708
3.359998
3.367162
3.374196
3.381099
3.387870
3.394507
3.401008
3.407371
3.413595
3.419678
3.425619
3.431416
3.437067
3.442571
3.447927
3.453132
3.458187
3.463089
3.467837
3.472430
3.476866
3.481145
3.485265
3.489225
3.493024
3.496662
3.500136
3.503447
3.506593
3.509573
3.512388
3.515035
3.517514
3.519825
3.521966
3.523939
3.525741
3.527372
3.528833
3.530122
3.531239
3.532185
3.532958
3.533559
3.533987
