2048
3.13553e-10
13.2455
13.2591
13.2712
13.2818
13.2909
13.2985
13.3047
13.3094
13.3126
13.3144
13.3147
13.3136
13.311
13.307
13.3016
13.2949
13.2867
13.2771
13.2662
13.254
13.2404
13.2255
13.2093
13.1918
13.1731
13.1531
13.1319
13.1095
13.0859
13.0611
13.0352
13.0082
12.98
12.9508
12.9206
12.8893
12.857
12.8237
12.7895
12.7543
12.7182
12.6812
12.6434
12.6047
12.5652
12.525
12.4839
12.4422
12.3997
12.3566
12.3127
12.2683
12.2233
12.1776
12.1315
12.0847
12.0375
11.9898
11.9417
11.8931
11.8441
11.7947
11.745
11.6949
11.6445
11.5938
11.5429
11.4917
11.4402
11.3886
11.3368
11.2848
11.2327
11.1805
11.1282
11.0758
11.0233
10.9708
10.9182
10.8657
10.8131
10.7606
10.7081
10.6557
10.6033
10.551
10.4989
10.4468
10.3949
10.3431
10.2915
10.2401
10.1888
10.1377
10.0868
10.0361
9.98569
9.93548
9.88551
9.8358
9.78634
9.73716
9.68825
9.63963
9.5913
9.54327
9.49554
9.44813
9.40104
9.35427
9.30783
9.26173
9.21597
9.17055
9.12548
9.08076
9.03639
8.99239
8.94875
8.90547
8.86256
8.82003
8.77786
8.73607
8.69466
8.65362
8.61297
8.57269
8.5328
8.49329
8.45416
8.41542
8.37706
8.33909
8.3015
8.2643
8.22749
8.19105
8.15501
8.11934
8.08406
8.04917
8.01465
7.98052
7.94677
7.91339
7.8804
7.84778
7.81554
7.78368
7.75218
7.72107
7.69032
7.65994
7.62993
7.60028
7.571
7.54209
7.51353
7.48534
7.45751
7.43003
7.4029
7.37613
7.34971
7.32365
7.29793
7.27255
7.24752
7.22283
7.19849
7.17448
7.15081
7.12748
7.10448
7.08181
7.05947
7.03746
7.01578
6.99442
6.97338
6.95267
6.93228
6.9122
6.89244
6.87299
6.85386
6.83504
6.81653
6.79833
6.78043
6.76284
6.74555
6.72856
6.71187
6.69548
6.67939
6.66359
6.64809
6.63288
6.61796
6.60333
6.58899
6.57494
6.56117
6.54769
6.53449
6.52157
6.50894
6.49658
6.4845
6.4727
6.46118
6.44993
6.43895
6.42825
6.41782
6.40766
6.39777
6.38815
6.37879
6.3697
6.36088
6.35233
6.34404
6.33601
6.32825
6.32074
6.3135
6.30652
6.2998
6.29334
6.28713
6.28119
6.2755
6.27007
6.2649
6.25998
6.25531
6.2509
6.24675
6.24285
6.2392
6.2358
6.23266
6.22977
6.22714
6.22475
6.22262
6.22074
6.21911
6.21773
6.2166
6.21572
6.21509
6.21472
6.21459
6.21472
6.21509
6.21572
6.2166
6.21773
6.21911
6.22074
6.22262
6.22475
6.22714
6.22977
6.23266
6.2358
6.2392
6.24285
6.24675
6.2509
6.25531
6.25998
6.2649
6.27007
6.2755
6.28119
6.28713
6.29334
6.2998
6.30652
6.3135
6.32074
6.32825
6.33601
6.34404
6.35233
6.36088
6.3697
6.37879
6.38815
6.39777
6.40766
6.41782
6.42825
6.43895
6.44993
6.46118
6.4727
6.4845
6.49658
6.50894
6.52157
6.53449
6.54769
6.56117
6.57494
6.58899
6.60333
6.61796
6.63288
6.64809
6.66359
6.67939
6.69548
6.71187
6.72856
6.74555
6.76284
6.78043
6.79833
6.81653
6.83504
6.85386
6.87299
6.89244
6.9122
6.93228
6.95267
6.97338
6.99442
7.01578
7.03746
7.05947
7.08181
7.10448
7.12748
7.15081
7.17448
7.19849
7.22283
7.24752
7.27255
7.29793
7.32365
7.34971
7.37613
7.4029
7.43003
7.45751
7.48534
7.51353
7.54209
7.571
7.60028
7.62993
7.65994
7.69032
7.72107
7.75218
7.78368
7.81554
7.84778
7.8804
7.91339
7.94677
7.98052
8.01465
8.04917
8.08406
8.11934
8.15501
8.19105
8.22749
8.2643
8.3015
8.33909
8.37706
8.41542
8.45416
8.49329
8.5328
8.57269
8.61297
8.65362
8.69466
8.73607
8.77786
8.82003
8.86256
8.90547
8.94875
8.99239
9.03639
9.08076
9.12548
9.17055
9.21597
9.26173
9.30783
9.35427
9.40104
9.44813
9.49554
9.54327
9.5913
9.63963
9.68825
9.73716
9.78634
9.8358
9.88551
9.93548
9.98569
10.0361
10.0868
10.1377
10.1888
10.2401
10.2915
10.3431
10.3949
10.4468
10.4989
10.551
10.6033
10.6557
10.7081
10.7606
10.8131
10.8657
10.9182
10.9708
11.0233
11.0758
11.1282
11.1805
11.2327
11.2848
11.3368
11.3886
11.4402
11.4917
11.5429
11.5938
11.6445
11.6949
11.745
11.7947
11.8441
11.8931
11.9417
11.9898
12.0375
12.0847
12.1315
12.1776
12.2233
12.2683
12.3127
12.3566
12.3997
12.4422
12.4839
12.525
12.5652
12.6047
12.6434
12.6812
12.7182
12.7543
12.7895
12.8237
12.857
12.8893
12.9206
12.9508
12.98
13.0082
13.0352
13.0611
13.0859
13.1095
13.1319
13.1531
13.1731
13.1918
13.2093
13.2255
13.2404
13.254
13.2662
13.2771
13.2867
13.2949
13.3016
13.307
13.311
13.3136
13.3147
13.3144
13.3126
13.3094
13.3047
13.2985
13.2909
13.2818
13.2712
13.2591
13.2455
13.2305
13.2139
13.1959
13.1764
13.1554
13.133
13.109
13.0836
13.0568
13.0285
12.9987
12.9676
12.935
12.9009
12.8655
12.8287
12.7905
12.751
12.7101
12.6678
12.6243
12.5794
12.5333
12.4858
12.4372
12.3873
12.3362
12.2839
12.2304
12.1758
12.1201
12.0632
12.0053
11.9463
11.8863
11.8252
11.7632
11.7002
11.6363
11.5714
11.5056
11.439
11.3715
11.3033
11.2342
11.1643
11.0937
11.0224
10.9504
10.8777
10.8044
10.7305
10.656
10.5809
10.5052
10.4291
10.3525
10.2753
10.1978
10.1198
10.0414
9.9627
9.88361
9.80419
9.72447
9.64446
9.5642
9.48369
9.40297
9.32205
9.24096
9.15971
9.07833
8.99683
8.91523
8.83356
8.75182
8.67004
8.58823
8.50642
8.42461
8.34283
8.26109
8.1794
8.09778
8.01624
7.93481
7.85348
7.77228
7.69121
7.61029
7.52954
7.44895
7.36855
7.28834
7.20833
7.12854
7.04897
6.96963
6.89054
6.81169
6.73309
6.65476
6.5767
6.49892
6.42142
6.34422
6.2673
6.19069
6.11439
6.03839
5.96271
5.88735
5.81232
5.73761
5.66323
5.58919
5.51548
5.44212
5.36909
5.29641
5.22408
5.15209
5.08045
5.00917
4.93823
4.86765
4.79742
4.72755
4.65803
4.58887
4.52006
4.4516
4.38351
4.31576
4.24837
4.18134
4.11466
4.04833
3.98235
3.91673
3.85145
3.78652
3.72194
3.65771
3.59382
3.53028
3.46707
3.40421
3.34169
3.2795
3.21765
3.15613
3.09495
3.03409
2.97357
2.91336
2.85349
2.79393
2.7347
2.67578
2.61718
2.55889
2.50092
2.44325
2.3859
2.32884
2.2721
2.21565
2.1595
2.10365
2.04809
1.99282
1.93785
1.88316
1.82876
1.77464
1.7208
1.66724
1.61396
1.56096
1.50822
1.45576
1.40356
1.35164
1.29997
1.24857
1.19742
1.14654
1.09591
1.04553
0.995407
0.945531
0.895903
0.84652
0.79738
0.748482
0.699822
0.651401
0.603214
0.555262
0.50754
0.460049
0.412785
0.365747
0.318934
0.272342
0.225971
0.179819
0.133883
0.0881624
0.0426552
-0.0026404
-0.0477261
-0.0926037
-0.137275
-0.181741
-0.226004
-0.270066
-0.313928
-0.357591
-0.401058
-0.444329
-0.487407
-0.530293
-0.572988
-0.615494
-0.657813
-0.699945
-0.741893
-0.783658
-0.825241
-0.866643
-0.907867
-0.948913
-0.989783
-1.03048
-1.071
-1.11135
-1.15153
-1.19153
-1.23137
-1.27105
-1.31055
-1.3499
-1.38907
-1.42809
-1.46695
-1.50564
-1.54418
-1.58256
-1.62078
-1.65885
-1.69676
-1.73452
-1.77213
-1.80958
-1.84689
-1.88405
-1.92106
-1.95792
-1.99464
-2.03121
-2.06764
-2.10392
-2.14006
-2.17607
-2.21193
-2.24765
-2.28323
-2.31868
-2.35399
-2.38916
-2.4242
-2.45911
-2.49388
-2.52852
-2.56303
-2.59741
-2.63165
-2.66577
-2.69976
-2.73363
-2.76736
-2.80097
-2.83446
-2.86782
-2.90105
-2.93417
-2.96716
-3.00002
-3.03277
-3.0654
-3.09791
-3.1303
-3.16257
-3.19472
-3.22675
-3.25867
-3.29047
-3.32216
-3.35374
-3.38519
-3.41654
-3.44777
-3.47889
-3.5099
-3.5408
-3.57158
-3.60226
-3.63283
-3.66329
-3.69364
-3.72388
-3.75401
-3.78404
-3.81396
-3.84377
-3.87348
-3.90309
-3.93259
-3.96198
-3.99127
-4.02046
-4.04955
-4.07853
-4.10741
-4.13619
-4.16487
-4.19345
-4.22193
-4.25031
-4.27859
-4.30677
-4.33486
-4.36284
-4.39073
-4.41852
-4.44621
-4.47381
-4.50131
-4.52871
-4.55602
-4.58324
-4.61036
-4.63738
-4.66431
-4.69115
-4.71789
-4.74454
-4.7711
-4.79757
-4.82394
-4.85022
-4.87641
-4.90251
-4.92852
-4.95444
-4.98027
-5.00601
-5.03166
-5.05722
-5.08269
-5.10807
-5.13336
-5.15857
-5.18368
-5.20871
-5.23366
-5.25851
-5.28328
-5.30796
-5.33256
-5.35707
-5.38149
-5.40583
-5.43008
-5.45425
-5.47833
-5.50233
-5.52625
-5.55008
-5.57382
-5.59749
-5.62107
-5.64456
-5.66797
-5.69131
-5.71455
-5.73772
-5.7608
-5.78381
-5.80673
-5.82956
-5.85232
-5.875
-5.89759
-5.92011
-5.94254
-5.9649
-5.98717
-6.00937
-6.03148
-6.05352
-6.07548
-6.09735
-6.11915
-6.14087
-6.16251
-6.18408
-6.20556
-6.22697
-6.2483
-6.26955
-6.29072
-6.31182
-6.33284
-6.35378
-6.37465
-6.39544
-6.41615
-6.43679
-6.45735
-6.47783
-6.49824
-6.51858
-6.53884
-6.55902
-6.57913
-6.59916
-6.61912
-6.639
-6.65881
-6.67855
-6.69821
-6.71779
-6.7373
-6.75674
-6.77611
-6.7954
-6.81462
-6.83376
-6.85284
-6.87184
-6.89076
-6.90962
-6.9284
-6.94711
-6.96575
-6.98431
-7.0028
-7.02122
-7.03957
-7.05785
-7.07606
-7.0942
-7.11226
-7.13025
-7.14818
-7.16603
-7.18381
-7.20152
-7.21916
-7.23673
-7.25424
-7.27167
-7.28903
-7.30632
-7.32354
-7.34069
-7.35778
-7.37479
-7.39173
-7.40861
-7.42542
-7.44215
-7.45882
-7.47543
-7.49196
-7.50842
-7.52482
-7.54115
-7.55741
-7.5736
-7.58973
-7.60578
-7.62177
-7.6377
-7.65355
-7.66934
-7.68506
-7.70072
-7.71631
-7.73183
-7.74728
-7.76267
-7.77799
-7.79325
-7.80844
-7.82356
-7.83862
-7.85361
-7.86854
-7.8834
-7.8982
-7.91293
-7.92759
-7.94219
-7.95672
-7.97119
-7.9856
-7.99994
-8.01421
-8.02843
-8.04257
-8.05665
-8.07067
-8.08463
-8.09852
-8.11234
-8.1261
-8.1398
-8.15344
-8.16701
-8.18052
-8.19396
-8.20734
-8.22066
-8.23391
-8.2471
-8.26023
-8.2733
-8.2863
-8.29924
-8.31212
-8.32494
-8.33769
-8.35038
-8.36301
-8.37558
-8.38808
-8.40053
-8.41291
-8.42523
-8.43749
-8.44968
-8.46182
-8.47389
-8.48591
-8.49786
-8.50975
-8.52158
-8.53335
-8.54505
-8.5567
-8.56829
-8.57981
-8.59128
-8.60268
-8.61403
-8.62531
-8.63654
-8.6477
-8.65881
-8.66985
-8.68083
-8.69176
-8.70262
-8.71343
-8.72418
-8.73486
-8.74549
-8.75606
-8.76657
-8.77702
-8.78741
-8.79774
-8.80801
-8.81823
-8.82838
-8.83848
-8.84851
-8.85849
-8.86842
-8.87828
-8.88808
-8.89783
-8.90752
-8.91715
-8.92672
-8.93623
-8.94569
-8.95509
-8.96443
-8.97371
-8.98294
-8.99211
-9.00122
-9.01027
-9.01927
-9.0282
-9.03709
-9.04591
-9.05468
-9.06339
-9.07204
-9.08064
-9.08918
-9.09766
-9.10609
-9.11446
-9.12277
-9.13103
-9.13923
-9.14738
-9.15546
-9.1635
-9.17147
-9.17939
-9.18726
-9.19506
-9.20282
-9.21051
-9.21815
-9.22574
-9.23327
-9.24074
-9.24816
-9.25552
-9.26283
-9.27008
-9.27728
-9.28442
-9.2915
-9.29853
-9.30551
-9.31243
-9.3193
-9.32611
-9.33286
-9.33956
-9.34621
-9.3528
-9.35934
-9.36582
-9.37225
-9.37862
-9.38494
-9.39121
-9.39742
-9.40357
-9.40967
-9.41572
-9.42171
-9.42765
-9.43354
-9.43937
-9.44514
-9.45087
-9.45654
-9.46215
-9.46771
-9.47322
-9.47867
-9.48407
-9.48942
-9.49471
-9.49995
-9.50514
-9.51027
-9.51535
-9.52038
-9.52535
-9.53027
-9.53513
-9.53994
-9.5447
-9.54941
-9.55406
-9.55866
-9.56321
-9.5677
-9.57214
-9.57653
-9.58087
-9.58515
-9.58938
-9.59355
-9.59768
-9.60175
-9.60577
-9.60973
-9.61365
-9.61751
-9.62131
-9.62507
-9.62877
-9.63242
-9.63602
-9.63957
-9.64306
-9.6465
-9.64989
-9.65322
-9.65651
-9.65974
-9.66292
-9.66605
-9.66912
-9.67214
-9.67511
-9.67803
-9.6809
-9.68371
-9.68648
-9.68919
-9.69184
-9.69445
-9.697
-9.69951
-9.70196
-9.70436
-9.7067
-9.709
-9.71124
-9.71343
-9.71557
-9.71766
-9.71969
-9.72168
-9.72361
-9.72549
-9.72732
-9.7291
-9.73082
-9.7325
-9.73412
-9.73569
-9.73721
-9.73868
-9.74009
-9.74146
-9.74277
-9.74403
-9.74524
-9.7464
-9.7475
-9.74856
-9.74956
-9.75051
-9.75141
-9.75226
-9.75306
-9.75381
-9.7545
-9.75514
-9.75574
-9.75628
-9.75676
-9.7572
-9.75759
-9.75792
-9.7582
-9.75844
-9.75862
-9.75874
-9.75882
-9.75885
-9.75882
-9.75874
-9.75862
-9.75844
-9.7582
-9.75792
-9.75759
-9.7572
-9.75676
-9.75628
-9.75574
-9.75514
-9.7545
-9.75381
-9.75306
-9.75226
-9.75141
-9.75051
-9.74956
-9.74856
-9.7475
-9.7464
-9.74524
-9.74403
-9.74277
-9.74146
-9.74009
-9.73868
-9.73721
-9.73569
-9.73412
-9.7325
-9.73082
-9.7291
-9.72732
-9.72549
-9.72361
-9.72168
-9.71969
-9.71766
-9.71557
-9.71343
-9.71124
-9.709
-9.7067
-9.70436
-9.70196
-9.69951
-9.697
-9.69445
-9.69184
-9.68919
-9.68648
-9.68371
-9.6809
-9.67803
-9.67511
-9.67214
-9.66912
-9.66605
-9.66292
-9.65974
-9.65651
-9.65322
-9.64989
-9.6465
-9.64306
-9.63957
-9.63602
-9.63242
-9.62877
-9.62507
-9.62131
-9.61751
-9.61365
-9.60973
-9.60577
-9.60175
-9.59768
-9.59355
-9.58938
-9.58515
-9.58087
-9.57653
-9.57214
-9.5677
-9.56321
-9.55866
-9.55406
-9.54941
-9.5447
-9.53994
-9.53513
-9.53027
-9.52535
-9.52038
-9.51535
-9.51027
-9.50514
-9.49995
-9.49471
-9.48942
-9.48407
-9.47867
-9.47322
-9.46771
-9.46215
-9.45654
-9.45087
-9.44514
-9.43937
-9.43354
-9.42765
-9.42171
-9.41572
-9.40967
-9.40357
-9.39742
-9.39121
-9.38494
-9.37862
-9.37225
-9.36582
-9.35934
-9.3528
-9.34621
-9.33956
-9.33286
-9.32611
-9.3193
-9.31243
-9.30551
-9.29853
-9.2915
-9.28442
-9.27728
-9.27008
-9.26283
-9.25552
-9.24816
-9.24074
-9.23327
-9.22574
-9.21815
-9.21051
-9.20282
-9.19506
-9.18726
-9.17939
-9.17147
-9.1635
-9.15546
-9.14738
-9.13923
-9.13103
-9.12277
-9.11446
-9.10609
-9.09766
-9.08918
-9.08064
-9.07204
-9.06339
-9.05468
-9.04591
-9.03709
-9.0282
-9.01927
-9.01027
-9.00122
-8.99211
-8.98294
-8.97371
-8.96443
-8.95509
-8.94569
-8.93623
-8.92672
-8.91715
-8.90752
-8.89783
-8.88808
-8.87828
-8.86842
-8.85849
-8.84851
-8.83848
-8.82838
-8.81823
-8.80801
-8.79774
-8.78741
-8.77702
-8.76657
-8.75606
-8.74549
-8.73486
-8.72418
-8.71343
-8.70262
-8.69176
-8.68083
-8.66985
-8.65881
-8.6477
-8.63654
-8.62531
-8.61403
-8.60268
-8.59128
-8.57981
-8.56829
-8.5567
-8.54505
-8.53335
-8.52158
-8.50975
-8.49786
-8.48591
-8.47389
-8.46182
-8.44968
-8.43749
-8.42523
-8.41291
-8.40053
-8.38808
-8.37558
-8.36301
-8.35038
-8.33769
-8.32494
-8.31212
-8.29924
-8.2863
-8.2733
-8.26023
-8.2471
-8.23391
-8.22066
-8.20734
-8.19396
-8.18052
-8.16701
-8.15344
-8.1398
-8.1261
-8.11234
-8.09852
-8.08463
-8.07067
-8.05665
-8.04257
-8.02843
-8.01421
-7.99994
-7.9856
-7.97119
-7.95672
-7.94219
-7.92759
-7.91293
-7.8982
-7.8834
-7.86854
-7.85361
-7.83862
-7.82356
-7.80844
-7.79325
-7.77799
-7.76267
-7.74728
-7.73183
-7.71631
-7.70072
-7.68506
-7.66934
-7.65355
-7.6377
-7.62177
-7.60578
-7.58973
-7.5736
-7.55741
-7.54115
-7.52482
-7.50842
-7.49196
-7.47543
-7.45882
-7.44215
-7.42542
-7.40861
-7.39173
-7.37479
-7.35778
-7.34069
-7.32354
-7.30632
-7.28903
-7.27167
-7.25424
-7.23673
-7.21916
-7.20152
-7.18381
-7.16603
-7.14818
-7.13025
-7.11226
-7.0942
-7.07606
-7.05785
-7.03957
-7.02122
-7.0028
-6.98431
-6.96575
-6.94711
-6.9284
-6.90962
-6.89076
-6.87184
-6.85284
-6.83376
-6.81462
-6.7954
-6.77611
-6.75674
-6.7373
-6.71779
-6.69821
-6.67855
-6.65881
-6.639
-6.61912
-6.59916
-6.57913
-6.55902
-6.53884
-6.51858
-6.49824
-6.47783
-6.45735
-6.43679
-6.41615
-6.39544
-6.37465
-6.35378
-6.33284
-6.31182
-6.29072
-6.26955
-6.2483
-6.22697
-6.20556
-6.18408
-6.16251
-6.14087
-6.11915
-6.09735
-6.07548
-6.05352
-6.03148
-6.00937
-5.98717
-5.9649
-5.94254
-5.92011
-5.89759
-5.875
-5.85232
-5.82956
-5.80673
-5.78381
-5.7608
-5.73772
-5.71455
-5.69131
-5.66797
-5.64456
-5.62107
-5.59749
-5.57382
-5.55008
-5.52625
-5.50233
-5.47833
-5.45425
-5.43008
-5.40583
-5.38149
-5.35707
-5.33256
-5.30796
-5.28328
-5.25851
-5.23366
-5.20871
-5.18368
-5.15857
-5.13336
-5.10807
-5.08269
-5.05722
-5.03166
-5.00601
-4.98027
-4.95444
-4.92852
-4.90251
-4.87641
-4.85022
-4.82394
-4.79757
-4.7711
-4.74454
-4.71789
-4.69115
-4.66431
-4.63738
-4.61036
-4.58324
-4.55602
-4.52871
-4.50131
-4.47381
-4.44621
-4.41852
-4.39073
-4.36284
-4.33486
-4.30677
-4.27859
-4.25031
-4.22193
-4.19345
-4.16487
-4.13619
-4.10741
-4.07853
-4.04955
-4.02046
-3.99127
-3.96198
-3.93259
-3.90309
-3.87348
-3.84377
-3.81396
-3.78404
-3.75401
-3.72388
-3.69364
-3.66329
-3.63283
-3.60226
-3.57158
-3.5408
-3.5099
-3.47889
-3.44777
-3.41654
-3.38519
-3.35374
-3.32216
-3.29047
-3.25867
-3.22675
-3.19472
-3.16257
-3.1303
-3.09791
-3.0654
-3.03277
-3.00002
-2.96716
-2.93417
-2.90105
-2.86782
-2.83446
-2.80097
-2.76736
-2.73363
-2.69976
-2.66577
-2.63165
-2.59741
-2.56303
-2.52852
-2.49388
-2.45911
-2.4242
-2.38916
-2.35399
-2.31868
-2.28323
-2.24765
-2.21193
-2.17607
-2.14006
-2.10392
-2.06764
-2.03121
-1.99464
-1.95792
-1.92106
-1.88405
-1.84689
-1.80958
-1.77213
-1.73452
-1.69676
-1.65885
-1.62078
-1.58256
-1.54418
-1.50564
-1.46695
-1.42809
-1.38907
-1.3499
-1.31055
-1.27105
-1.23137
-1.19153
-1.15153
-1.11135
-1.071
-1.03048
-0.989783
-0.948913
-0.907867
-0.866643
-0.825241
-0.783658
-0.741893
-0.699945
-0.657813
-0.615494
-0.572988
-0.530293
-0.487407
-0.444329
-0.401058
-0.357591
-0.313928
-0.270066
-0.226004
-0.181741
-0.137275
-0.0926037
-0.0477261
-0.0026404
0.0426552
0.0881624
0.133883
0.179819
0.225971
0.272342
0.318934
0.365747
0.412785
0.460049
0.50754
0.555262
0.603214
0.651401
0.699822
0.748482
0.79738
0.84652
0.895903
0.945531
0.995407
1.04553
1.09591
1.14654
1.19742
1.24857
1.29997
1.35164
1.40356
1.45576
1.50822
1.56096
1.61396
1.66724
1.7208
1.77464
1.82876
1.88316
1.93785
1.99282
2.04809
2.10365
2.1595
2.21565
2.2721
2.32884
2.3859
2.44325
2.50092
2.55889
2.61718
2.67578
2.7347
2.79393
2.85349
2.91336
2.97357
3.03409
3.09495
3.15613
3.21765
3.2795
3.34169
3.40421
3.46707
3.53028
3.59382
3.65771
3.72194
3.78652
3.85145
3.91673
3.98235
4.04833
4.11466
4.18134
4.24837
4.31576
4.38351
4.4516
4.52006
4.58887
4.65803
4.72755
4.79742
4.86765
4.93823
5.00917
5.08045
5.15209
5.22408
5.29641
5.36909
5.44212
5.51548
5.58919
5.66323
5.73761
5.81232
5.88735
5.96271
6.03839
6.11439
6.19069
6.2673
6.34422
6.42142
6.49892
6.5767
6.65476
6.73309
6.81169
6.89054
6.96963
7.04897
7.12854
7.20833
7.28834
7.36855
7.44895
7.52954
7.61029
7.69121
7.77228
7.85348
7.93481
8.01624
8.09778
8.1794
8.26109
8.34283
8.42461
8.50642
8.58823
8.67004
8.75182
8.83356
8.91523
8.99683
9.07833
9.15971
9.24096
9.32205
9.40297
9.48369
9.5642
9.64446
9.72447
9.80419
9.88361
9.9627
10.0414
10.1198
10.1978
10.2753
10.3525
10.4291
10.5052
10.5809
10.656
10.7305
10.8044
10.8777
10.9504
11.0224
11.0937
11.1643
11.2342
11.3033
11.3715
11.439
11.5056
11.5714
11.6363
11.7002
11.7632
11.8252
11.8863
11.9463
12.0053
12.0632
12.1201
12.1758
12.2304
12.2839
12.3362
12.3873
12.4372
12.4858
12.5333
12.5794
12.6243
12.6678
12.7101
12.751
12.7905
12.8287
12.8655
12.9009
12.935
12.9676
12.9987
13.0285
13.0568
13.0836
13.109
13.133
13.1554
13.1764
13.1959
13.2139
13.2305
