4096
3.13553e-10
9.945069
9.944148
9.942122
9.938440
9.933289
9.926667
9.918582
9.909034
9.898029
9.885571
9.871668
9.856321
9.839542
9.821336
9.801711
9.780677
9.758241
9.734414
9.709208
9.682631
9.654697
9.625417
9.594805
9.562872
9.529634
9.495105
9.459298
9.422232
9.383919
9.344378
9.303625
9.261678
9.218554
9.174271
9.128847
9.082304
9.034658
8.985932
8.936144
8.885316
8.833467
8.780621
8.726796
8.672018
8.616305
8.559684
8.502173
8.443800
8.384583
8.324550
8.263720
8.202121
8.139773
8.076705
8.012936
7.948494
7.883401
7.817685
7.751366
7.684472
7.617026
7.549054
7.480579
7.411629
7.342225
7.272394
7.202159
7.131547
7.060580
6.989285
6.917683
6.845802
6.773663
6.701293
6.628711
6.555946
6.483018
6.409953
6.336771
6.263497
6.190153
6.116762
6.043344
5.969925
5.896523
5.823161
5.749859
5.676640
5.603521
5.530527
5.457673
5.384982
5.312470
5.240161
5.168068
5.096214
5.024612
4.953284
4.882244
4.811511
4.741099
4.671027
4.601306
4.531957
4.462990
4.394423
4.326267
4.258539
4.191248
4.124411
4.058037
3.992141
3.926732
3.861823
3.797424
3.733546
3.670198
3.607392
3.545134
3.483435
3.422302
3.361745
3.301769
3.242384
3.183594
3.125407
3.067829
3.010867
2.954523
2.898805
2.843716
2.789261
2.735442
2.682266
2.629733
2.577847
2.526610
2.476026
2.426094
2.376817
2.328195
2.280231
2.232924
2.186275
2.140282
2.094947
2.050269
2.006246
1.962877
1.920162
1.878097
1.836682
1.795915
1.755792
1.716311
1.677469
1.639263
1.601690
1.564747
1.528429
1.492733
1.457655
1.423190
1.389334
1.356083
1.323431
1.291374
1.259907
1.229025
1.198721
1.168993
1.139832
1.111234
1.083193
1.055703
1.028758
1.002354
0.976481
0.951136
0.926311
0.902000
0.878197
0.854897
0.832090
0.809773
0.787936
0.766576
0.745683
0.725254
0.705278
0.685752
0.666667
0.648018
0.629796
0.611998
0.594612
0.577637
0.561062
0.544882
0.529090
0.513681
0.498645
0.483979
0.469673
0.455724
0.442122
0.428864
0.415941
0.403349
0.391079
0.379127
0.367484
0.356148
0.345109
0.334364
0.323904
0.313726
0.303822
0.294188
0.284816
0.275703
0.266841
0.258226
0.249852
0.241714
0.233806
0.226124
0.218661
0.211414
0.204376
0.197544
0.190911
0.184474
0.178227
0.172167
0.166288
0.160586
0.155056
0.149695
0.144498
0.139460
0.134578
0.129848
0.125265
0.120827
0.116528
0.112366
0.108336
0.104436
0.100660
0.097007
0.093472
0.090054
0.086747
0.083549
0.080457
0.077469
0.074580
0.071788
0.069090
0.066485
0.063967
0.061537
0.059189
0.056923
0.054735
0.052624
0.050587
0.048621
0.046725
0.044896
0.043132
0.041432
0.039792
0.038212
0.036689
0.035222
0.033808
0.032446
0.031134
0.029871
0.028655
0.027485
0.026358
0.025274
0.024231
0.023227
0.022262
0.021334
0.020441
0.019583
0.018757
0.017965
0.017203
0.016471
0.015767
0.015092
0.014443
0.013821
0.013223
0.012649
0.012098
0.011570
0.011062
0.010576
0.010109
0.009662
0.009233
0.008822
0.008428
0.008050
0.007688
0.007341
0.007009
0.006691
0.006386
0.006095
0.005815
0.005548
0.005293
0.005048
0.004814
0.004590
0.004376
0.004171
0.003975
0.003788
0.003609
0.003438
0.003275
0.003119
0.002970
0.002827
0.002691
0.002562
0.002438
0.002320
0.002207
0.002099
0.001996
0.001899
0.001805
0.001716
0.001631
0.001550
0.001473
0.001400
0.001330
0.001263
0.001199
0.001139
0.001081
0.001026
0.000974
0.000924
0.000877
0.000832
0.000789
0.000749
0.000710
0.000673
0.000638
0.000605
0.000573
0.000543
0.000514
0.000487
0.000462
0.000437
0.000414
0.000392
0.000371
0.000351
0.000332
0.000314
0.000297
0.000281
0.000266
0.000252
0.000238
0.000225
0.000212
0.000201
0.000190
0.000179
0.000169
0.000160
0.000151
0.000143
0.000135
0.000127
0.000120
0.000113
0.000107
0.000101
0.000095
0.000090
0.000085
0.000080
0.000075
0.000071
0.000067
0.000063
0.000059
0.000056
0.000053
0.000049
0.000047
0.000044
0.000041
0.000039
0.000037
0.000034
0.000032
0.000030
0.000029
0.000027
0.000025
0.000024
0.000022
0.000021
0.000020
0.000019
0.000017
0.000016
0.000015
0.000014
0.000014
0.000013
0.000012
0.000011
0.000010
0.000010
0.000009
0.000009
0.000008
0.000008
0.000007
0.000007
0.000006
0.000006
0.000006
0.000005
0.000005
0.000005
0.000004
0.000004
0.000004
0.000003
0.000003
0.000003
0.000003
0.000003
0.000002
0.000002
0.000002
0.000002
0.000002
0.000002
0.000002
0.000002
0.000001
0.000001
0.000001
0.000001
0.000001
0.000001
0.000001
0.000001
0.000001
0.000001
0.000001
0.000001
0.000001
0.000001
0.000001
0.000001
0.000000
0.000000
0.000000
0.000000
0.000000
0.000000
0.000000
0.000000
0.000000
0.000000
0.000000
0.000000
0.000000
0.000000
0.000000
0.000000
0.000000
0.000000
0.000000
0.000000
0.000000
0.000000
0.000000
0.000000
0.000000
0.000000
0.000000
0.000000
0.000000
0.000000
0.000000
0.000000
0.000000
0.000000
0.000000
0.000000
0.000000
0.000000
0.000000
0.000000
0.000000
0.000000
0.000000
0.000000
0.000000
0.000000
0.000000
0.000000
0.000000
0.000000
0.000000
0.000000
0.000000
0.000000
0.000000
0.000000
0.000000
0.000000
0.000000
0.000000
0.000000
0.000000
0.000000
0.000000
0.000000
0.000000
0.000000
0.000000
0.000000
0.000000
0.000000
0.000001
0.000001
0.000001
0.000001
0.000001
0.000001
0.000001
0.000001
0.000001
0.000001
0.000001
0.000001
0.000001
0.000001
0.000001
0.000001
0.000002
0.000002
0.000002
0.000002
0.000002
0.000002
0.000002
0.000002
0.000003
0.000003
0.000003
0.000003
0.000003
0.000004
0.000004
0.000004
0.000005
0.000005
0.000005
0.000006
0.000006
0.000006
0.000007
0.000007
0.000008
0.000008
0.000009
0.000009
0.000010
0.000010
0.000011
0.000012
0.000013
0.000014
0.000014
0.000015
0.000016
0.000017
0.000019
0.000020
0.000021
0.000022
0.000024
0.000025
0.000027
0.000029
0.000030
0.000032
0.000034
0.000037
0.000039
0.000041
0.000044
0.000047
0.000049
0.000053
0.000056
0.000059
0.000063
0.000067
0.000071
0.000075
0.000080
0.000085
0.000090
0.000095
0.000101
0.000107
0.000113
0.000120
0.000127
0.000135
0.000143
0.000151
0.000160
0.000169
0.000179
0.000190
0.000201
0.000213
0.000225
0.000238
0.000252
0.000266
0.000281
0.000297
0.000314
0.000332
0.000351
0.000371
0.000392
0.000414
0.000437
0.000462
0.000487
0.000514
0.000543
0.000573
0.000605
0.000638
0.000673
0.000710
0.000749
0.000789
0.000832
0.000877
0.000924
0.000974
0.001026
0.001081
0.001139
0.001199
0.001263
0.001330
0.001400
0.001473
0.001550
0.001631
0.001716
0.001805
0.001899
0.001997
0.002099
0.002207
0.002320
0.002438
0.002562
0.002691
0.002827
0.002970
0.003119
0.003275
0.003438
0.003609
0.003788
0.003975
0.004171
0.004376
0.004590
0.004814
0.005048
0.005293
0.005548
0.005816
0.006095
0.006386
0.006691
0.007009
0.007341
0.007688
0.008050
0.008428
0.008822
0.009233
0.009662
0.010109
0.010576
0.011062
0.011569
0.012098
0.012649
0.013223
0.013821
0.014444
0.015092
0.015768
0.016471
0.017203
0.017965
0.018758
0.019582
0.020441
0.021333
0.022262
0.023227
0.024231
0.025274
0.026358
0.027485
0.028655
0.029871
0.031134
0.032446
0.033808
0.035221
0.036689
0.038212
0.039792
0.041431
0.043132
0.044895
0.046725
0.048621
0.050587
0.052624
0.054736
0.056923
0.059189
0.061536
0.063968
0.066484
0.069091
0.071788
0.074580
0.077468
0.080458
0.083549
0.086747
0.090053
0.093473
0.097007
0.100660
0.104435
0.108336
0.112365
0.116529
0.120826
0.125266
0.129848
0.134579
0.139460
0.144498
0.149694
0.155057
0.160585
0.166288
0.172166
0.178228
0.184473
0.190912
0.197543
0.204377
0.211413
0.218662
0.226123
0.233807
0.241713
0.249853
0.258225
0.266841
0.275702
0.284817
0.294187
0.303823
0.313725
0.323905
0.334363
0.345110
0.356147
0.367485
0.379126
0.391080
0.403348
0.415942
0.428863
0.442123
0.455723
0.469674
0.483977
0.498646
0.513679
0.529091
0.544881
0.561063
0.577636
0.594613
0.611996
0.629797
0.648017
0.666668
0.685751
0.705279
0.725252
0.745684
0.766575
0.787937
0.809771
0.832091
0.854896
0.878198
0.901999
0.926311
0.951135
0.976482
1.002352
1.028759
1.055702
1.083194
1.111233
1.139832
1.168992
1.198722
1.229024
1.259908
1.291373
1.323431
1.356082
1.389335
1.423189
1.457655
1.492733
1.528430
1.564746
1.601691
1.639263
1.677469
1.716310
1.755792
1.795914
1.836683
1.878097
1.920162
1.962877
2.006246
2.050269
2.094947
2.140282
2.186275
2.232924
2.280231
2.328196
2.376817
2.426094
2.476025
2.526611
2.577847
2.629733
2.682266
2.735443
2.789260
2.843716
2.898804
2.954524
3.010866
3.067830
3.125407
3.183595
3.242383
3.301770
3.361744
3.422303
3.483434
3.545135
3.607391
3.670200
3.733545
3.797426
3.861822
3.926733
3.992139
4.058039
4.124409
4.191250
4.258537
4.326269
4.394421
4.462993
4.531955
4.601309
4.671024
4.741101
4.811509
4.882246
4.953282
5.024615
5.096211
5.168071
5.240159
5.312474
5.384979
5.457675
5.530524
5.603524
5.676637
5.749862
5.823158
5.896526
5.969922
6.043348
6.116759
6.190156
6.263494
6.336774
6.409950
6.483022
6.555943
6.628715
6.701289
6.773666
6.845799
6.917687
6.989282
7.060584
7.131544
7.202163
7.272391
7.342228
7.411626
7.480583
7.549051
7.617029
7.684469
7.751369
7.817681
7.883405
7.948491
8.012939
8.076701
8.139777
8.202118
8.263723
8.324546
8.384586
8.443797
8.502177
8.559681
8.616309
8.672015
8.726799
8.780618
8.833469
8.885313
8.936147
8.985929
9.034661
9.082301
9.128850
9.174268
9.218555
9.261676
9.303628
9.344377
9.383922
9.422230
9.459301
9.495103
9.529635
9.562870
9.594806
9.625416
9.654698
9.682630
9.709209
9.734413
9.758243
9.780676
9.801713
9.821335
9.839543
9.856321
9.871668
9.885571
9.898030
9.909034
9.918582
9.926667
9.933289
9.938440
9.942122
9.944332
9.945069
9.944332
9.942122
9.938440
9.933288
9.926668
9.918581
9.909035
9.898028
9.885572
9.871667
9.856323
9.839541
9.821338
9.801710
9.780678
9.758240
9.734416
9.709207
9.682632
9.654696
9.625419
9.594803
9.562874
9.529633
9.495107
9.459296
9.422234
9.383917
9.344380
9.303623
9.261680
9.218551
9.174273
9.128845
9.082306
9.034657
8.985934
8.936142
8.885318
8.833465
8.780623
8.726793
8.672021
8.616303
8.559687
8.502172
8.443803
8.384581
8.324553
8.263718
8.202124
8.139771
8.076708
8.012934
7.948497
7.883399
7.817688
7.751363
7.684475
7.617023
7.549057
7.480577
7.411632
7.342222
7.272397
7.202157
7.131550
7.060578
6.989288
6.917681
6.845805
6.773661
6.701295
6.628709
6.555949
6.483016
6.409956
6.336769
6.263500
6.190151
6.116765
6.043343
5.969928
5.896521
5.823164
5.749857
5.676642
5.603519
5.530529
5.457671
5.384984
5.312469
5.240163
5.168067
5.096216
5.024611
4.953286
4.882242
4.811513
4.741097
4.671028
4.601305
4.531959
4.462989
4.394425
4.326266
4.258540
4.191247
4.124412
4.058036
3.992142
3.926731
3.861824
3.797423
3.733547
3.670198
3.607393
3.545133
3.483436
3.422302
3.361746
3.301769
3.242384
3.183593
3.125408
3.067829
3.010867
2.954523
2.898805
2.843715
2.789261
2.735442
2.682266
2.629733
2.577847
2.526610
2.476026
2.426094
2.376817
2.328195
2.280231
2.232924
2.186274
2.140282
2.094947
2.050269
2.006246
1.962877
1.920161
1.878098
1.836682
1.795915
1.755791
1.716311
1.677468
1.639264
1.601690
1.564747
1.528429
1.492734
1.457654
1.423190
1.389333
1.356083
1.323430
1.291375
1.259906
1.229025
1.198721
1.168993
1.139831
1.111235
1.083192
1.055704
1.028758
1.002354
0.976480
0.951136
0.926310
0.902001
0.878197
0.854897
0.832089
0.809773
0.787935
0.766576
0.745683
0.725254
0.705277
0.685753
0.666666
0.648019
0.629796
0.611998
0.594612
0.577637
0.561061
0.544883
0.529089
0.513681
0.498644
0.483979
0.469672
0.455724
0.442122
0.428865
0.415941
0.403349
0.391078
0.379127
0.367484
0.356148
0.345108
0.334364
0.323903
0.313726
0.303821
0.294188
0.284815
0.275703
0.266840
0.258226
0.249851
0.241714
0.233805
0.226124
0.218661
0.211414
0.204375
0.197544
0.190910
0.184474
0.178227
0.172167
0.166287
0.160586
0.155056
0.149695
0.144497
0.139461
0.134578
0.129848
0.125265
0.120827
0.116528
0.112366
0.108336
0.104436
0.100660
0.097007
0.093472
0.090054
0.086747
0.083550
0.080457
0.077469
0.074579
0.071788
0.069090
0.066485
0.063967
0.061537
0.059189
0.056923
0.054735
0.052624
0.050586
0.048621
0.046724
0.044896
0.043132
0.041432
0.039792
0.038212
0.036689
0.035222
0.033807
0.032446
0.031134
0.029871
0.028655
0.027485
0.026358
0.025274
0.024231
0.023227
0.022262
0.021334
0.020441
0.019583
0.018757
0.017965
0.017203
0.016471
0.015767
0.015092
0.014443
0.013821
0.013223
0.012649
0.012098
0.011570
0.011062
0.010576
0.010109
0.009662
0.009233
0.008822
0.008428
0.008050
0.007688
0.007341
0.007009
0.006691
0.006386
0.006095
0.005815
0.005548
0.005292
0.005048
0.004814
0.004590
0.004376
0.004171
0.003975
0.003788
0.003609
0.003438
0.003275
0.003119
0.002970
0.002827
0.002691
0.002562
0.002438
0.002320
0.002207
0.002099
0.001996
0.001899
0.001805
0.001716
0.001631
0.001550
0.001473
0.001400
0.001330
0.001263
0.001199
0.001139
0.001081
0.001026
0.000974
0.000924
0.000877
0.000832
0.000789
0.000749
0.000710
0.000673
0.000638
0.000605
0.000573
0.000543
0.000514
0.000487
0.000462
0.000437
0.000414
0.000392
0.000371
0.000351
0.000332
0.000314
0.000297
0.000281
0.000266
0.000252
0.000238
0.000225
0.000212
0.000201
0.000190
0.000179
0.000169
0.000160
0.000151
0.000143
0.000135
0.000127
0.000120
0.000113
0.000107
0.000101
0.000095
0.000090
0.000085
0.000080
0.000075
0.000071
0.000067
0.000063
0.000059
0.000056
0.000053
0.000049
0.000047
0.000044
0.000041
0.000039
0.000037
0.000034
0.000032
0.000030
0.000029
0.000027
0.000025
0.000024
0.000022
0.000021
0.000020
0.000019
0.000017
0.000016
0.000015
0.000014
0.000014
0.000013
0.000012
0.000011
0.000010
0.000010
0.000009
0.000009
0.000008
0.000008
0.000007
0.000007
0.000006
0.000006
0.000006
0.000005
0.000005
0.000005
0.000004
0.000004
0.000004
0.000003
0.000003
0.000003
0.000003
0.000003
0.000002
0.000002
0.000002
0.000002
0.000002
0.000002
0.000002
0.000002
0.000001
0.000001
0.000001
0.000001
0.000001
0.000001
0.000001
0.000001
0.000001
0.000001
0.000001
0.000001
0.000001
0.000001
0.000001
0.000001
0.000000
0.000000
0.000000
0.000000
0.000000
0.000000
0.000000
0.000000
0.000000
0.000000
0.000000
0.000000
0.000000
0.000000
0.000000
0.000000
0.000000
0.000000
0.000000
0.000000
0.000000
0.000000
0.000000
0.000000
0.000000
0.000000
0.000000
0.000000
0.000000
0.000000
0.000000
0.000000
0.000000
0.000000
0.000000
0.000000
0.000000
0.000000
0.000000
0.000000
0.000000
0.000000
0.000000
0.000000
0.000000
0.000000
0.000000
0.000000
0.000000
0.000000
0.000000
0.000000
0.000000
0.000000
0.000000
0.000000
0.000000
0.000000
0.000000
0.000000
0.000000
0.000000
0.000000
0.000000
0.000000
0.000000
0.000000
0.000000
0.000000
0.000000
0.000000
0.000000
0.000000
0.000000
0.000000
0.000000
0.000000
0.000000
0.000000
0.000000
0.000000
0.000000
0.000000
0.000000
0.000000
0.000000
0.000000
0.000000
0.000000
0.000000
0.000000
0.000000
0.000000
0.000000
0.000000
0.000000
0.000000
0.000000
0.000000
0.000000
0.000000
0.000000
0.000000
0.000000
0.000000
0.000000
0.000000
0.000000
0.000000
0.000000
0.000000
0.000000
0.000000
0.000000
0.000000
0.000000
0.000000
0.000000
0.000000
0.000000
0.000000
0.000000
0.000000
0.000000
0.000000
0.000000
0.000000
0.000000
0.000000
0.000000
0.000000
0.000000
0.000000
0.000000
0.000000
0.000000
0.000000
0.000000
0.000000
0.000000
0.000000
0.000000
0.000000
0.000000
0.000000
0.000000
0.000000
0.000000
0.000000
0.000000
0.000000
0.000000
0.000000
0.000000
0.000000
0.000000
0.000000
0.000000
0.000000
0.000000
0.000000
0.000000
0.000000
0.000000
0.000000
0.000000
0.000000
0.000000
0.000000
0.000000
0.000000
0.000000
0.000000
0.000000
0.000000
0.000000
0.000000
0.000000
0.000000
0.000000
0.000000
0.000000
0.000000
0.000000
0.000000
0.000000
0.000000
0.000000
0.000000
0.000000
0.000000
0.000000
0.000000
0.000000
0.000000
0.000000
0.000000
0.000000
0.000000
0.000000
0.000000
0.000000
0.000000
0.000000
0.000000
0.000000
0.000000
0.000000
0.000000
0.000000
0.000000
0.000000
0.000000
0.000000
0.000000
0.000000
0.000000
0.000000
0.000000
0.000000
0.000000
0.000000
0.000000
0.000000
0.000000
0.000000
0.000000
0.000000
0.000000
0.000000
0.000000
0.000000
0.000000
0.000000
-0.000000
-0.000000
-0.000000
0.000000
0.000000
0.000000
-0.000000
0.000000
0.000000
0.000000
0.000000
-0.000000
-0.000000
-0.000000
-0.000000
0.000000
0.000000
0.000000
0.000000
-0.000000
-0.000000
0.000000
0.000000
-0.000000
-0.000000
-0.000000
-0.000000
0.000000
0.000000
0.000000
-0.000000
-0.000000
-0.000000
0.000000
0.000000
0.000000
-0.000000
-0.000000
-0.000000
0.000000
0.000000
0.000000
-0.000000
-0.000000
-0.000000
-0.000000
0.000000
0.000000
0.000000
-0.000000
-0.000000
-0.000000
0.000000
-0.000000
-0.000000
-0.000000
-0.000000
-0.000000
0.000000
0.000000
0.000000
-0.000000
-0.000000
-0.000000
0.000000
-0.000000
-0.000000
-0.000000
-0.000000
-0.000000
0.000000
0.000000
0.000000
-0.000000
-0.000000
-0.000000
0.000000
0.000000
0.000000
-0.000000
-0.000000
-0.000000
0.000000
0.000000
0.000000
-0.000000
-0.000000
-0.000000
0.000000
-0.000000
-0.000000
-0.000000
-0.000000
-0.000000
-0.000000
0.000000
0.000000
-0.000000
-0.000000
-0.000000
0.000000
0.000000
-0.000000
-0.000000
-0.000000
-0.000000
-0.000000
0.000000
0.000000
-0.000000
-0.000000
-0.000000
-0.000000
0.000000
0.000000
-0.000000
-0.000000
-0.000000
0.000000
0.000000
0.000000
0.000000
-0.000000
-0.000000
-0.000000
0.000000
0.000000
-0.000000
-0.000000
-0.000000
-0.000000
0.000000
0.000000
0.000000
-0.000000
0.000000
0.000000
0.000000
0.000000
0.000000
-0.000000
0.000000
0.000000
0.000000
0.000000
-0.000000
-0.000000
-0.000000
0.000000
0.000000
0.000000
-0.000000
-0.000000
0.000000
0.000000
0.000000
0.000000
0.000000
0.000000
0.000000
0.000000
0.000000
0.000000
-0.000000
-0.000000
0.000000
0.000000
-0.000000
-0.000000
-0.000000
-0.000000
0.000000
0.000000
0.000000
0.000000
-0.000000
-0.000000
0.000000
0.000000
-0.000000
-0.000000
0.000000
0.000000
0.000000
0.000000
0.000000
-0.000000
-0.000000
0.000000
0.000000
0.000000
0.000000
0.000000
0.000000
0.000000
0.000000
0.000000
0.000000
-0.000000
-0.000000
0.000000
0.000000
0.000000
0.000000
0.000000
0.000000
0.000000
0.000000
0.000000
0.000000
-0.000000
-0.000000
0.000000
0.000000
0.000000
0.000000
0.000000
0.000000
0.000000
0.000000
0.000000
0.000000
0.000000
0.000000
0.000000
0.000000
0.000000
0.000000
0.000000
0.000000
0.000000
0.000000
0.000000
0.000000
-0.000000
0.000000
0.000000
0.000000
0.000000
0.000000
0.000000
0.000000
0.000000
0.000000
0.000000
0.000000
0.000000
0.000000
0.000000
0.000000
0.000000
0.000000
0.000000
0.000000
-0.000000
0.000000
0.000000
0.000000
0.000000
0.000000
0.000000
0.000000
0.000000
0.000000
0.000000
0.000000
0.000000
0.000000
0.000000
0.000000
0.000000
0.000000
-0.000000
0.000000
0.000000
0.000000
0.000000
0.000000
-0.000000
0.000000
0.000000
0.000000
0.000000
0.000000
-0.000000
0.000000
0.000000
0.000000
0.000000
0.000000
-0.000000
0.000000
0.000000
0.000000
0.000000
0.000000
-0.000000
0.000000
0.000000
0.000000
0.000000
0.000000
0.000000
-0.000000
-0.000000
0.000000
0.000000
0.000000
-0.000000
0.000000
0.000000
0.000000
0.000000
0.000000
0.000000
-0.000000
-0.000000
-0.000000
0.000000
0.000000
-0.000000
0.000000
0.000000
0.000000
0.000000
0.000000
-0.000000
-0.000000
-0.000000
-0.000000
-0.000000
-0.000000
-0.000000
0.000000
0.000000
0.000000
-0.000000
-0.000000
-0.000000
-0.000000
-0.000000
-0.000000
-0.000000
-0.000000
-0.000000
0.000000
0.000000
0.000000
-0.000000
-0.000000
-0.000000
-0.000000
-0.000000
-0.000000
-0.000000
-0.000000
-0.000000
0.000000
0.000000
-0.000000
-0.000000
-0.000000
-0.000000
-0.000000
-0.000000
-0.000000
-0.000000
-0.000000
-0.000000
-0.000000
-0.000000
-0.000000
-0.000000
-0.000000
-0.000000
-0.000000
-0.000000
-0.000000
-0.000000
-0.000000
-0.000000
-0.000000
-0.000000
-0.000000
-0.000000
-0.000000
-0.000000
-0.000000
-0.000000
-0.000000
-0.000000
-0.000000
-0.000000
-0.000000
-0.000000
-0.000000
-0.000000
-0.000000
-0.000000
-0.000000
-0.000000
-0.000000
-0.000000
-0.000000
-0.000000
-0.000000
-0.000000
-0.000000
-0.000000
-0.000000
-0.000000
-0.000000
-0.000000
-0.000000
-0.000000
-0.000000
-0.000000
-0.000000
-0.000000
-0.000000
-0.000000
-0.000000
-0.000000
-0.000000
-0.000000
-0.000000
-0.000000
-0.000000
-0.000000
-0.000000
-0.000000
-0.000000
-0.000000
-0.000000
-0.000000
-0.000000
-0.000000
-0.000000
-0.000000
-0.000000
-0.000000
-0.000000
-0.000000
-0.000000
-0.000000
-0.000000
-0.000000
-0.000000
-0.000000
-0.000000
-0.000000
-0.000000
-0.000000
-0.000000
-0.000000
-0.000000
-0.000000
-0.000000
-0.000000
-0.000000
-0.000000
-0.000000
0.000000
-0.000000
-0.000000
-0.000000
-0.000000
-0.000000
-0.000000
-0.000000
0.000000
-0.000000
-0.000000
0.000000
0.000000
0.000000
0.000000
-0.000000
-0.000000
-0.000000
0.000000
0.000000
0.000000
0.000000
-0.000000
0.000000
0.000000
0.000000
0.000000
0.000000
0.000000
0.000000
0.000000
0.000000
0.000000
0.000000
0.000000
0.000000
0.000000
0.000000
0.000000
0.000000
0.000000
0.000000
0.000000
0.000000
0.000000
0.000000
0.000000
0.000000
0.000000
0.000000
0.000000
0.000000
0.000000
0.000000
0.000000
0.000000
0.000000
0.000000
0.000000
0.000000
0.000000
0.000000
0.000000
0.000000
0.000000
0.000000
0.000000
0.000000
0.000000
0.000000
0.000000
0.000000
0.000000
0.000000
0.000000
0.000000
0.000000
0.000000
0.000000
0.000000
0.000000
0.000000
0.000000
0.000000
0.000000
0.000000
0.000000
0.000000
0.000000
0.000000
0.000000
0.000000
0.000000
0.000000
0.000000
0.000000
0.000000
0.000000
0.000000
0.000000
0.000000
0.000000
0.000000
0.000000
0.000000
0.000000
0.000000
0.000000
0.000000
0.000000
0.000000
0.000000
0.000000
0.000000
0.000000
0.000000
0.000000
0.000000
0.000000
0.000000
0.000000
0.000000
0.000000
0.000000
0.000000
0.000000
0.000000
0.000000
0.000000
0.000000
0.000000
0.000000
0.000000
0.000000
0.000000
0.000000
0.000000
0.000000
0.000000
0.000000
0.000000
0.000000
0.000000
0.000000
0.000000
0.000000
0.000000
0.000000
0.000000
0.000000
0.000000
0.000000
0.000000
0.000000
0.000000
0.000000
0.000000
0.000000
0.000000
0.000000
0.000000
0.000000
0.000000
0.000000
0.000000
0.000000
0.000000
0.000000
0.000000
0.000000
0.000000
0.000000
0.000000
0.000000
0.000000
0.000000
0.000000
0.000000
0.000000
0.000000
0.000000
0.000000
0.000000
0.000000
0.000000
0.000000
-0.000000
0.000000
0.000000
0.000000
0.000000
0.000000
0.000000
0.000000
0.000000
0.000000
-0.000000
0.000000
0.000000
0.000000
0.000000
-0.000000
-0.000000
-0.000000
-0.000000
0.000000
0.000000
0.000000
-0.000000
-0.000000
-0.000000
-0.000000
0.000000
-0.000000
-0.000000
-0.000000
-0.000000
-0.000000
-0.000000
-0.000000
-0.000000
-0.000000
-0.000000
-0.000000
-0.000000
-0.000000
-0.000000
-0.000000
-0.000000
-0.000000
-0.000000
-0.000000
-0.000000
-0.000000
-0.000000
-0.000000
-0.000000
-0.000000
-0.000000
-0.000000
-0.000000
-0.000000
-0.000000
-0.000000
-0.000000
-0.000000
-0.000000
-0.000000
-0.000000
-0.000000
-0.000000
-0.000000
-0.000000
-0.000000
-0.000000
-0.000000
-0.000000
-0.000000
-0.000000
-0.000000
-0.000000
-0.000000
-0.000000
-0.000000
-0.000000
-0.000000
-0.000000
-0.000000
-0.000000
-0.000000
-0.000000
-0.000000
-0.000000
-0.000000
-0.000000
-0.000000
-0.000000
-0.000000
-0.000000
-0.000000
-0.000000
-0.000000
-0.000000
-0.000000
-0.000000
-0.000000
-0.000000
-0.000000
-0.000000
-0.000000
-0.000000
-0.000000
-0.000000
-0.000000
-0.000000
-0.000000
-0.000000
-0.000000
-0.000000
-0.000000
-0.000000
-0.000000
-0.000000
-0.000000
-0.000000
-0.000000
-0.000000
-0.000000
-0.000000
-0.000000
-0.000000
-0.000000
-0.000000
-0.000000
-0.000000
-0.000000
-0.000000
-0.000000
-0.000000
-0.000000
-0.000000
-0.000000
-0.000000
-0.000000
-0.000000
-0.000000
-0.000000
-0.000000
-0.000000
-0.000000
-0.000000
-0.000000
-0.000000
-0.000000
-0.000000
-0.000000
-0.000000
-0.000000
-0.000000
-0.000000
-0.000000
-0.000000
-0.000000
-0.000000
-0.000000
-0.000000
-0.000000
-0.000000
-0.000000
-0.000000
-0.000000
-0.000000
-0.000000
-0.000000
-0.000000
-0.000000
-0.000000
-0.000000
-0.000000
-0.000000
-0.000000
-0.000000
-0.000000
-0.000000
-0.000000
-0.000000
-0.000000
-0.000000
-0.000000
-0.000000
-0.000000
-0.000000
-0.000000
-0.000000
-0.000000
-0.000000
-0.000000
-0.000000
-0.000000
-0.000000
-0.000000
-0.000000
-0.000000
-0.000000
-0.000000
-0.000000
-0.000000
-0.000000
-0.000000
-0.000000
-0.000000
-0.000000
-0.000000
-0.000000
-0.000000
-0.000000
-0.000000
-0.000000
-0.000000
-0.000000
-0.000000
-0.000000
-0.000000
-0.000000
-0.000000
-0.000000
-0.000000
-0.000000
-0.000000
-0.000000
-0.000000
-0.000000
-0.000000
-0.000000
-0.000000
-0.000000
-0.000000
-0.000000
-0.000000
-0.000000
-0.000000
-0.000000
-0.000000
-0.000000
-0.000000
-0.000000
-0.000000
-0.000000
-0.000000
-0.000000
-0.000000
-0.000000
-0.000000
-0.000000
-0.000000
-0.000000
-0.000000
-0.000000
-0.000000
-0.000000
-0.000000
-0.000000
-0.000000
-0.000000
-0.000000
-0.000000
-0.000000
-0.000000
-0.000000
-0.000000
-0.000000
-0.000000
-0.000000
-0.000000
-0.000000
-0.000000
-0.000000
-0.000000
-0.000000
-0.000000
-0.000000
-0.000000
-0.000000
-0.000000
0.000000
-0.000000
-0.000000
-0.000000
-0.000000
-0.000000
-0.000000
-0.000000
-0.000000
-0.000000
-0.000000
-0.000000
-0.000000
-0.000000
-0.000000
-0.000000
-0.000000
-0.000000
0.000000
0.000000
-0.000000
-0.000000
-0.000000
-0.000000
0.000000
0.000000
-0.000000
-0.000000
-0.000000
-0.000000
0.000000
0.000000
0.000000
-0.000000
-0.000000
-0.000000
-0.000000
-0.000000
0.000000
0.000000
-0.000000
-0.000000
0.000000
0.000000
0.000000
0.000000
-0.000000
-0.000000
-0.000000
-0.000000
-0.000000
-0.000000
-0.000000
-0.000000
0.000000
0.000000
0.000000
-0.000000
-0.000000
-0.000000
-0.000000
0.000000
0.000000
0.000000
-0.000000
0.000000
0.000000
0.000000
0.000000
0.000000
0.000000
0.000000
-0.000000
0.000000
0.000000
0.000000
0.000000
0.000000
0.000000
0.000000
0.000000
0.000000
0.000000
0.000000
0.000000
0.000000
0.000000
0.000000
0.000000
0.000000
0.000000
0.000000
0.000000
0.000000
0.000000
0.000000
0.000000
0.000000
0.000000
0.000000
0.000000
0.000000
0.000000
0.000000
0.000000
0.000000
0.000000
0.000000
0.000000
0.000000
0.000000
0.000000
0.000000
0.000000
0.000000
0.000000
0.000000
0.000000
0.000000
0.000000
0.000000
0.000000
0.000000
0.000000
0.000000
0.000000
0.000000
0.000000
0.000000
0.000000
0.000000
0.000000
0.000000
0.000000
0.000000
0.000000
0.000000
0.000000
0.000000
0.000000
0.000000
0.000000
0.000000
0.000000
0.000000
0.000000
0.000000
0.000000
0.000000
0.000000
0.000000
0.000000
0.000000
0.000000
0.000000
0.000000
0.000000
0.000000
0.000000
0.000000
0.000000
0.000000
0.000000
0.000000
0.000000
0.000000
0.000000
0.000000
0.000000
0.000000
0.000000
0.000000
0.000000
0.000000
0.000000
0.000000
0.000000
0.000000
0.000000
0.000000
0.000000
0.000000
0.000000
0.000000
0.000000
0.000000
0.000000
0.000000
0.000000
0.000000
0.000000
0.000000
0.000000
0.000000
0.000000
0.000000
0.000000
0.000000
0.000000
0.000000
0.000000
0.000000
0.000000
0.000000
0.000000
0.000000
0.000000
-0.000000
-0.000000
0.000000
0.000000
0.000000
0.000000
0.000000
0.000000
0.000000
0.000000
0.000000
0.000000
-0.000000
-0.000000
0.000000
0.000000
0.000000
0.000000
0.000000
-0.000000
-0.000000
-0.000000
-0.000000
-0.000000
-0.000000
-0.000000
-0.000000
-0.000000
-0.000000
0.000000
0.000000
-0.000000
-0.000000
-0.000000
-0.000000
-0.000000
-0.000000
-0.000000
-0.000000
0.000000
0.000000
0.000000
0.000000
-0.000000
-0.000000
0.000000
0.000000
-0.000000
-0.000000
-0.000000
-0.000000
-0.000000
-0.000000
0.000000
0.000000
-0.000000
-0.000000
-0.000000
-0.000000
-0.000000
-0.000000
-0.000000
-0.000000
0.000000
0.000000
-0.000000
-0.000000
-0.000000
-0.000000
-0.000000
-0.000000
-0.000000
-0.000000
-0.000000
-0.000000
-0.000000
-0.000000
-0.000000
-0.000000
-0.000000
-0.000000
-0.000000
-0.000000
-0.000000
-0.000000
-0.000000
-0.000000
0.000000
0.000000
-0.000000
-0.000000
-0.000000
-0.000000
-0.000000
-0.000000
-0.000000
-0.000000
-0.000000
-0.000000
-0.000000
-0.000000
-0.000000
-0.000000
-0.000000
-0.000000
-0.000000
-0.000000
-0.000000
-0.000000
-0.000000
-0.000000
-0.000000
-0.000000
-0.000000
-0.000000
-0.000000
-0.000000
-0.000000
-0.000000
-0.000000
-0.000000
0.000000
0.000000
0.000000
0.000000
-0.000000
-0.000000
-0.000000
-0.000000
0.000000
0.000000
-0.000000
0.000000
0.000000
0.000000
0.000000
0.000000
-0.000000
-0.000000
-0.000000
-0.000000
0.000000
0.000000
0.000000
0.000000
0.000000
0.000000
0.000000
0.000000
-0.000000
-0.000000
-0.000000
0.000000
0.000000
0.000000
0.000000
0.000000
0.000000
0.000000
0.000000
0.000000
0.000000
0.000000
0.000000
-0.000000
0.000000
0.000000
0.000000
0.000000
0.000000
0.000000
0.000000
0.000000
-0.000000
-0.000000
-0.000000
0.000000
-0.000000
-0.000000
0.000000
0.000000
0.000000
0.000000
0.000000
0.000000
0.000000
0.000000
0.000000
-0.000000
0.000000
0.000000
0.000000
0.000000
0.000000
0.000000
0.000000
0.000000
-0.000000
-0.000000
0.000000
0.000000
0.000000
0.000000
0.000000
0.000000
0.000000
0.000000
0.000000
0.000000
0.000000
0.000000
0.000000
0.000000
0.000000
0.000000
0.000000
0.000000
0.000000
0.000000
0.000000
0.000000
-0.000000
-0.000000
0.000000
0.000000
0.000000
0.000000
0.000000
0.000000
0.000000
0.000000
0.000000
0.000000
0.000000
0.000000
0.000000
0.000000
0.000000
0.000000
0.000000
0.000000
0.000000
0.000000
0.000000
0.000000
0.000000
0.000000
0.000000
0.000000
-0.000000
-0.000000
0.000000
0.000000
0.000000
0.000000
0.000000
0.000000
0.000000
0.000000
-0.000000
-0.000000
-0.000000
-0.000000
-0.000000
-0.000000
0.000000
0.000000
0.000000
0.000000
0.000000
-0.000000
0.000000
0.000000
-0.000000
-0.000000
-0.000000
-0.000000
-0.000000
0.000000
0.000000
0.000000
-0.000000
-0.000000
0.000000
0.000000
-0.000000
-0.000000
-0.000000
-0.000000
0.000000
0.000000
0.000000
0.000000
-0.000000
-0.000000
-0.000000
-0.000000
-0.000000
-0.000000
-0.000000
-0.000000
-0.000000
-0.000000
0.000000
0.000000
-0.000000
-0.000000
-0.000000
-0.000000
-0.000000
-0.000000
-0.000000
-0.000000
-0.000000
-0.000000
-0.000000
-0.000000
-0.000000
-0.000000
-0.000000
-0.000000
-0.000000
-0.000000
-0.000000
-0.000000
-0.000000
-0.000000
0.000000
-0.000000
-0.000000
-0.000000
-0.000000
-0.000000
-0.000000
-0.000000
-0.000000
-0.000000
-0.000000
-0.000000
-0.000000
-0.000000
-0.000000
-0.000000
-0.000000
-0.000000
-0.000000
-0.000000
-0.000000
-0.000000
-0.000000
-0.000000
-0.000000
-0.000000
-0.000000
-0.000000
-0.000000
-0.000000
-0.000000
-0.000000
-0.000000
-0.000000
-0.000000
-0.000000
-0.000000
-0.000000
-0.000000
-0.000000
-0.000000
-0.000000
-0.000000
-0.000000
-0.000000
-0.000000
-0.000000
-0.000000
-0.000000
-0.000000
-0.000000
-0.000000
-0.000000
-0.000000
-0.000000
-0.000000
-0.000000
-0.000000
-0.000000
-0.000000
-0.000000
-0.000000
-0.000000
-0.000000
-0.000000
-0.000000
-0.000000
-0.000000
-0.000000
-0.000000
-0.000000
-0.000000
-0.000000
-0.000000
-0.000000
-0.000000
-0.000000
-0.000000
-0.000000
-0.000000
-0.000000
-0.000000
-0.000000
-0.000000
-0.000000
-0.000000
-0.000000
-0.000000
-0.000000
-0.000000
-0.000000
-0.000000
-0.000000
-0.000000
-0.000000
-0.000000
-0.000000
-0.000000
-0.000000
-0.000000
-0.000000
-0.000000
-0.000000
-0.000000
-0.000000
-0.000000
0.000000
0.000000
-0.000000
-0.000000
-0.000000
-0.000000
-0.000000
-0.000000
-0.000000
-0.000000
-0.000000
-0.000000
-0.000000
-0.000000
-0.000000
-0.000000
-0.000000
-0.000000
-0.000000
-0.000000
-0.000000
-0.000000
-0.000000
-0.000000
0.000000
0.000000
-0.000000
-0.000000
-0.000000
-0.000000
-0.000000
-0.000000
-0.000000
0.000000
0.000000
0.000000
-0.000000
-0.000000
-0.000000
-0.000000
-0.000000
-0.000000
-0.000000
-0.000000
-0.000000
-0.000000
-0.000000
0.000000
0.000000
0.000000
0.000000
0.000000
-0.000000
-0.000000
-0.000000
-0.000000
-0.000000
0.000000
0.000000
0.000000
0.000000
-0.000000
-0.000000
-0.000000
-0.000000
-0.000000
-0.000000
-0.000000
-0.000000
-0.000000
-0.000000
0.000000
0.000000
0.000000
0.000000
-0.000000
-0.000000
-0.000000
-0.000000
-0.000000
0.000000
0.000000
-0.000000
-0.000000
0.000000
0.000000
0.000000
0.000000
-0.000000
-0.000000
0.000000
0.000000
0.000000
0.000000
0.000000
0.000000
0.000000
0.000000
0.000000
0.000000
0.000000
0.000000
0.000000
0.000000
0.000000
0.000000
0.000000
0.000000
0.000000
0.000000
0.000000
0.000000
0.000000
0.000000
0.000000
0.000000
0.000000
0.000000
0.000000
0.000000
0.000000
0.000000
0.000000
0.000000
0.000000
0.000000
0.000000
0.000000
0.000000
0.000000
0.000000
0.000000
0.000000
0.000000
0.000000
0.000000
0.000000
0.000000
0.000000
0.000000
0.000000
0.000000
0.000000
0.000000
0.000000
0.000000
0.000000
0.000000
0.000000
0.000000
0.000000
0.000000
0.000000
0.000000
0.000000
0.000000
0.000000
0.000000
0.000000
0.000000
0.000000
0.000000
0.000000
0.000000
0.000000
0.000000
0.000000
0.000000
0.000000
0.000000
0.000000
0.000000
0.000000
0.000000
0.000000
0.000000
0.000000
0.000000
0.000000
0.000000
0.000000
0.000000
0.000000
0.000000
0.000000
0.000000
0.000000
0.000000
0.000000
0.000000
0.000000
0.000000
0.000000
0.000000
0.000000
0.000000
0.000000
0.000000
0.000000
0.000000
0.000000
0.000000
0.000000
0.000000
0.000000
0.000000
0.000000
0.000000
0.000000
0.000000
0.000000
0.000000
0.000000
0.000000
0.000000
0.000000
0.000000
0.000000
0.000000
0.000000
0.000000
0.000000
0.000000
0.000000
0.000000
0.000000
0.000000
0.000000
0.000000
0.000000
0.000000
0.000000
0.000000
0.000000
0.000000
0.000000
0.000000
0.000000
0.000000
0.000000
0.000000
0.000000
0.000000
0.000000
0.000000
0.000000
0.000000
0.000000
0.000000
0.000000
0.000000
0.000000
0.000000
0.000000
0.000000
0.000000
0.000000
0.000000
0.000000
0.000000
0.000000
0.000000
0.000000
0.000000
0.000000
0.000000
0.000000
0.000000
0.000000
0.000000
0.000000
0.000000
0.000000
0.000000
0.000000
0.000000
0.000000
0.000000
0.000000
0.000000
0.000000
0.000000
0.000000
0.000000
0.000000
0.000000
0.000000
0.000000
0.000000
0.000000
0.000000
0.000000
0.000000
0.000000
0.000000
0.000000
0.000000
0.000000
0.000000
0.000000
0.000000
0.000000
0.000000
0.000000
0.000000
0.000000
0.000000
0.000000
0.000000
0.000000
0.000000
0.000000
0.000000
0.000000
0.000000
0.000000
0.000000
0.000000
0.000000
0.000001
0.000001
0.000001
0.000001
0.000001
0.000001
0.000001
0.000001
0.000001
0.000001
0.000001
0.000001
0.000001
0.000001
0.000001
0.000001
0.000002
0.000002
0.000002
0.000002
0.000002
0.000002
0.000002
0.000002
0.000003
0.000003
0.000003
0.000003
0.000003
0.000004
0.000004
0.000004
0.000005
0.000005
0.000005
0.000006
0.000006
0.000006
0.000007
0.000007
0.000008
0.000008
0.000009
0.000009
0.000010
0.000010
0.000011
0.000012
0.000013
0.000014
0.000014
0.000015
0.000016
0.000017
0.000019
0.000020
0.000021
0.000022
0.000024
0.000025
0.000027
0.000029
0.000030
0.000032
0.000034
0.000037
0.000039
0.000041
0.000044
0.000047
0.000049
0.000053
0.000056
0.000059
0.000063
0.000067
0.000071
0.000075
0.000080
0.000085
0.000090
0.000095
0.000101
0.000107
0.000113
0.000120
0.000127
0.000135
0.000143
0.000151
0.000160
0.000169
0.000179
0.000190
0.000201
0.000212
0.000225
0.000238
0.000252
0.000266
0.000281
0.000297
0.000314
0.000332
0.000351
0.000371
0.000392
0.000414
0.000437
0.000462
0.000487
0.000514
0.000543
0.000573
0.000605
0.000638
0.000673
0.000710
0.000749
0.000789
0.000832
0.000877
0.000924
0.000974
0.001026
0.001081
0.001139
0.001199
0.001263
0.001330
0.001400
0.001473
0.001550
0.001631
0.001716
0.001805
0.001899
0.001996
0.002099
0.002207
0.002320
0.002438
0.002562
0.002691
0.002827
0.002970
0.003119
0.003275
0.003438
0.003609
0.003788
0.003975
0.004171
0.004376
0.004590
0.004814
0.005048
0.005293
0.005548
0.005815
0.006095
0.006386
0.006691
0.007009
0.007341
0.007688
0.008050
0.008428
0.008822
0.009233
0.009662
0.010109
0.010576
0.011062
0.011570
0.012098
0.012649
0.013223
0.013821
0.014443
0.015092
0.015767
0.016471
0.017203
0.017965
0.018757
0.019583
0.020441
0.021334
0.022262
0.023227
0.024231
0.025274
0.026358
0.027485
0.028655
0.029871
0.031134
0.032446
0.033808
0.035222
0.036689
0.038212
0.039792
0.041432
0.043132
0.044896
0.046725
0.048621
0.050587
0.052624
0.054735
0.056923
0.059189
0.061537
0.063967
0.066485
0.069090
0.071788
0.074580
0.077469
0.080457
0.083549
0.086747
0.090054
0.093472
0.097007
0.100660
0.104436
0.108336
0.112366
0.116528
0.120827
0.125265
0.129848
0.134578
0.139460
0.144498
0.149695
0.155056
0.160586
0.166288
0.172167
0.178227
0.184474
0.190911
0.197544
0.204376
0.211414
0.218661
0.226124
0.233806
0.241714
0.249852
0.258226
0.266841
0.275703
0.284816
0.294188
0.303822
0.313726
0.323904
0.334364
0.345109
0.356148
0.367484
0.379127
0.391079
0.403349
0.415941
0.428864
0.442122
0.455724
0.469673
0.483979
0.498645
0.513681
0.529090
0.544882
0.561062
0.577637
0.594612
0.611998
0.629796
0.648018
0.666667
0.685752
0.705278
0.725254
0.745683
0.766576
0.787936
0.809773
0.832090
0.854897
0.878197
0.902000
0.926311
0.951136
0.976481
1.002354
1.028758
1.055703
1.083193
1.111234
1.139832
1.168993
1.198721
1.229025
1.259907
1.291374
1.323431
1.356083
1.389334
1.423190
1.457655
1.492733
1.528429
1.564747
1.601690
1.639263
1.677469
1.716311
1.755792
1.795915
1.836682
1.878097
1.920162
1.962877
2.006246
2.050269
2.094947
2.140282
2.186275
2.232924
2.280231
2.328195
2.376817
2.426094
2.476026
2.526610
2.577847
2.629733
2.682266
2.735442
2.789261
2.843716
2.898805
2.954523
3.010867
3.067829
3.125407
3.183594
3.242384
3.301769
3.361745
3.422302
3.483435
3.545134
3.607392
3.670198
3.733546
3.797424
3.861823
3.926732
3.992141
4.058037
4.124411
4.191248
4.258539
4.326267
4.394423
4.462990
4.531957
4.601306
4.671027
4.741099
4.811511
4.882244
4.953284
5.024612
5.096214
5.168068
5.240161
5.312470
5.384982
5.457673
5.530527
5.603521
5.676640
5.749859
5.823161
5.896523
5.969925
6.043344
6.116762
6.190153
6.263497
6.336771
6.409953
6.483018
6.555946
6.628711
6.701293
6.773663
6.845802
6.917683
6.989285
7.060580
7.131547
7.202159
7.272394
7.342225
7.411629
7.480579
7.549054
7.617026
7.684472
7.751366
7.817685
7.883401
7.948494
8.012936
8.076705
8.139773
8.202121
8.263720
8.324550
8.384583
8.443800
8.502173
8.559684
8.616305
8.672018
8.726796
8.780621
8.833467
8.885316
8.936144
8.985932
9.034658
9.082304
9.128847
9.174271
9.218554
9.261678
9.303625
9.344378
9.383919
9.422232
9.459298
9.495105
9.529634
9.562872
9.594805
9.625417
9.654697
9.682631
9.709208
9.734414
9.758241
9.780677
9.801711
9.821336
9.839542
9.856321
9.871668
9.885571
9.898029
9.909034
9.918582
9.926667
9.933289
9.938440
9.942122
9.944148
