-9.75885 23.0735
-7.43619e-15
-7.78506e-15
-7.34448e-15
-6.97121e-15
-7.08078e-15
-6.79935e-15
-6.86856e-15
-6.92941e-15
-6.54913e-15
-6.23607e-15
-6.32337e-15
-6.05802e-15
-5.78524e-15
-5.46384e-15
-5.57207e-15
-5.19734e-15
-5.16269e-15
-5.19957e-15
-5.0367e-15
-4.81023e-15
-4.87449e-15
-4.51575e-15
-4.52621e-15
-4.24806e-15
-4.03194e-15
-3.78989e-15
-3.66996e-15
-3.35799e-15
-3.36669e-15
-3.16895e-15
-2.86037e-15
-2.95639e-15
-2.88219e-15
-2.61367e-15
-2.59942e-15
-2.39055e-15
-2.33542e-15
-2.17383e-15
-1.98145e-15
-2.00254e-15
-1.73664e-15
-1.65875e-15
-1.48104e-15
-1.18126e-15
-1.09697e-15
-1.09571e-15
-1.02674e-15
-8.44898e-16
-8.2364e-16
-7.81409e-16
-5.98036e-16
-5.5011e-16
-5.07863e-16
-1.70611e-16
-1.48711e-16
-1.34368e-16
-1.1411e-16
1.57012e-16
1.82283e-16
2.62247e-16
4.0841e-16
4.06438e-16
3.45199e-16
4.28237e-16
5.15236e-16
6.17996e-16
6.92579e-16
7.14244e-16
7.70916e-16
7.75609e-16
6.85205e-16
9.41391e-16
9.68303e-16
8.673e-16
8.01436e-16
8.57852e-16
1.00148e-15
1.11276e-15
1.05269e-15
1.12275e-15
1.21964e-15
1.14917e-15
1.05373e-15
1.23956e-15
1.27939e-15
1.23781e-15
1.25687e-15
1.25896e-15
1.30464e-15
1.34427e-15
1.37678e-15
1.39511e-15
1.48917e-15
1.48084e-15
1.39192e-15
1.32277e-15
1.42694e-15
1.45873e-15
1.4713e-15
1.54771e-15
1.47548e-15
1.4407e-15
1.47097e-15
1.44485e-15
1.34888e-15
1.35495e-15
1.50577e-15
1.39286e-15
1.30424e-15
1.33016e-15
1.37966e-15
1.39168e-15
1.39895e-15
1.45769e-15
1.44143e-15
1.4094e-15
1.4336e-15
1.39602e-15
1.29717e-15
1.18295e-15
1.19445e-15
1.24194e-15
1.21495e-15
1.1867e-15
1.14465e-15
1.03288e-15
1.01782e-15
1.08645e-15
1.12644e-15
1.10457e-15
1.04734e-15
1.11319e-15
1.1465e-15
1.06485e-15
9.69685e-16
9.24186e-16
1.00382e-15
1.0618e-15
1.03824e-15
1.0114e-15
1.00662e-15
1.03506e-15
1.02911e-15
9.61937e-16
9.06667e-16
8.43045e-16
7.7509e-16
7.67858e-16
8.11007e-16
7.69508e-16
7.13829e-16
6.95136e-16
6.43581e-16
5.44389e-16
5.30762e-16
5.60135e-16
5.80121e-16
5.59679e-16
4.55033e-16
4.1746e-16
4.87547e-16
5.22478e-16
5.14582e-16
4.71531e-16
4.30163e-16
4.26045e-16
4.24752e-16
3.94073e-16
3.7592e-16
3.91601e-16
3.75871e-16
3.52564e-16
3.5219e-16
3.29317e-16
3.02208e-16
2.47314e-16
1.88072e-16
1.61141e-16
1.39869e-16
1.50962e-16
1.50788e-16
1.43905e-16
1.32407e-16
9.81517e-17
6.49999e-17
4.51701e-17
5.31144e-17
5.28897e-17
3.71374e-17
-2.24367e-17
-8.77976e-17
-1.05255e-16
-9.70617e-17
-5.99573e-17
-5.01822e-17
-8.05018e-17
-1.0346e-16
-7.00468e-17
-6.32994e-17
-9.26314e-17
-1.01955e-16
-5.48061e-17
-4.54063e-17
-7.2769e-17
-9.98988e-17
-1.01816e-16
-1.20159e-16
-1.3068e-16
-1.28523e-16
-7.93022e-17
-5.97413e-17
-8.70445e-17
-1.27975e-16
-1.38788e-16
-1.2982e-16
-1.25092e-16
-1.2391e-16
-1.4608e-16
-1.51159e-16
-1.588e-16
-1.60935e-16
-1.5618e-16
-1.5329e-16
-1.37546e-16
-1.30881e-16
-1.36832e-16
-1.8138e-16
-2.0565e-16
-1.91717e-16
-1.72255e-16
-1.2379e-16
-1.03022e-16
-1.37356e-16
-1.79972e-16
-1.93569e-16
-1.73407e-16
-1.32559e-16
-9.87815e-17
-1.30254e-16
-2.11788e-16
-2.28272e-16
-1.79685e-16
-1.43313e-16
-1.31261e-16
-1.19608e-16
-7.94386e-17
-4.5289e-17
-7.06014e-17
-1.24698e-16
-1.47246e-16
-1.22911e-16
-9.33055e-17
-5.95761e-17
-2.92787e-17
-5.0765e-17
-9.14058e-17
-1.32678e-16
-1.79824e-16
-1.71754e-16
-9.51791e-17
-4.01167e-17
2.10155e-19
2.81021e-17
-9.70412e-18
-5.56397e-17
-7.95125e-17
-8.1365e-17
-3.95705e-17
3.4276e-17
8.18595e-17
5.72467e-17
-1.56018e-17
-4.56255e-17
-2.23061e-17
-3.48007e-18
6.91043e-17
1.03622e-16
1.00422e-16
7.75945e-17
6.15252e-17
8.84438e-17
1.05624e-16
1.28072e-16
1.36775e-16
7.23684e-17
2.30536e-18
-3.9645e-17
-1.61832e-17
2.19043e-17
2.85917e-17
3.46917e-17
5.34843e-17
9.60542e-17
1.30498e-16
1.47291e-16
1.54252e-16
1.23698e-16
8.07689e-17
6.94078e-17
1.33859e-16
2.20858e-16
2.78831e-16
3.05691e-16
3.02306e-16
2.93305e-16
2.7245e-16
2.60523e-16
2.69796e-16
2.84889e-16
3.43869e-16
3.89035e-16
3.8345e-16
3.3859e-16
2.85734e-16
2.93817e-16
3.07041e-16
3.6178e-16
4.21865e-16
4.65114e-16
4.45974e-16
3.90323e-16
3.67433e-16
3.3936e-16
3.57558e-16
3.8012e-16
4.29554e-16
4.32486e-16
3.75373e-16
3.1015e-16
2.77182e-16
3.08179e-16
3.27804e-16
3.54111e-16
3.70514e-16
3.95843e-16
4.05265e-16
4.22778e-16
4.43394e-16
4.75825e-16
4.8552e-16
4.79646e-16
4.64943e-16
4.90275e-16
5.54161e-16
6.14206e-16
6.41783e-16
6.21052e-16
6.07428e-16
5.75338e-16
5.57526e-16
5.41938e-16
5.52427e-16
5.69416e-16
6.10277e-16
6.57111e-16
6.81514e-16
6.83742e-16
6.52395e-16
6.32401e-16
6.00794e-16
5.89871e-16
5.78377e-16
5.98076e-16
6.09569e-16
6.19665e-16
6.11617e-16
6.01482e-16
5.79977e-16
5.47087e-16
5.5534e-16
5.98019e-16
6.69806e-16
6.67946e-16
6.1849e-16
5.31879e-16
5.08375e-16
5.07325e-16
5.42833e-16
5.46383e-16
5.79911e-16
5.86845e-16
6.2231e-16
6.27397e-16
6.51443e-16
6.34941e-16
6.27577e-16
6.09413e-16
6.05081e-16
6.03091e-16
6.40488e-16
7.00076e-16
7.74149e-16
7.88542e-16
7.59504e-16
7.00566e-16
6.57912e-16
6.10297e-16
5.96539e-16
6.09306e-16
6.61528e-16
7.08658e-16
7.46332e-16
7.5374e-16
7.64949e-16
7.4785e-16
7.38676e-16
7.06141e-16
6.91224e-16
6.53165e-16
6.48035e-16
6.28364e-16
6.46237e-16
6.4046e-16
6.65578e-16
6.70881e-16
6.93141e-16
6.81897e-16
6.89714e-16
6.83044e-16
7.09622e-16
7.24392e-16
7.36915e-16
7.08937e-16
6.70839e-16
6.19085e-16
5.7524e-16
5.30708e-16
5.14974e-16
5.34967e-16
5.81289e-16
6.18622e-16
6.1907e-16
6.03869e-16
5.79943e-16
5.82646e-16
5.75658e-16
5.85469e-16
5.57289e-16
5.45696e-16
5.06061e-16
5.00142e-16
4.81922e-16
4.8052e-16
4.74927e-16
4.75739e-16
4.70799e-16
4.55216e-16
4.29536e-16
4.09658e-16
4.15709e-16
4.46556e-16
4.79115e-16
4.81872e-16
4.41999e-16
3.93819e-16
3.65994e-16
3.73919e-16
4.11346e-16
4.37785e-16
4.70939e-16
4.89879e-16
4.96972e-16
4.87127e-16
4.50718e-16
4.31927e-16
4.22792e-16
4.43975e-16
4.59355e-16
4.68355e-16
4.72242e-16
4.65188e-16
4.83685e-16
4.89657e-16
5.21591e-16
5.21573e-16
5.23056e-16
5.05757e-16
4.76579e-16
4.27804e-16
3.63377e-16
3.15624e-16
3.05488e-16
3.34459e-16
3.74526e-16
4.10792e-16
4.3547e-16
4.60997e-16
4.59122e-16
4.55225e-16
4.12935e-16
3.88395e-16
3.53743e-16
3.2098e-16
3.00303e-16
2.61285e-16
2.59878e-16
2.34874e-16
2.4307e-16
2.4296e-16
2.54668e-16
2.59121e-16
2.43607e-16
2.33689e-16
2.14336e-16
2.23795e-16
2.33997e-16
2.54395e-16
2.5206e-16
2.28038e-16
1.88366e-16
1.49065e-16
1.19211e-16
8.41314e-17
7.95312e-17
8.84164e-17
1.2832e-16
1.68411e-16
1.71612e-16
1.56246e-16
1.00201e-16
6.524e-17
5.3439e-17
5.56452e-17
7.71219e-17
7.26794e-17
7.16109e-17
6.05329e-17
5.95586e-17
7.98374e-17
9.64391e-17
1.26446e-16
1.33772e-16
1.31069e-16
1.27068e-16
1.09071e-16
9.82793e-17
6.83303e-17
4.05783e-17
1.84736e-17
3.68569e-19
-1.4085e-18
-1.98653e-17
-3.86346e-17
-5.36371e-17
-6.15328e-17
-4.3022e-17
-1.23526e-17
1.27393e-17
1.956e-17
-8.95278e-18
-4.96494e-17
-8.12384e-17
-8.18406e-17
-6.1392e-17
-3.92108e-17
-3.60716e-17
-6.93969e-17
-1.14094e-16
-1.55845e-16
-1.76448e-16
-1.65793e-16
-1.54147e-16
-1.33639e-16
-1.19351e-16
-1.11268e-16
-1.02032e-16
-1.05782e-16
-1.37837e-16
-1.66673e-16
-1.85884e-16
-2.01551e-16
-1.9509e-16
-2.03669e-16
-2.09126e-16
-2.14144e-16
-2.28265e-16
-2.30272e-16
-2.51848e-16
-2.56445e-16
-2.58568e-16
-2.62268e-16
-2.27096e-16
-2.0357e-16
-1.72079e-16
-1.51324e-16
-1.53336e-16
-1.53359e-16
-1.65357e-16
-1.68366e-16
-1.7766e-16
-1.80326e-16
-1.701e-16
-1.52083e-16
-1.1914e-16
-1.0294e-16
-9.15178e-17
-1.07237e-16
-1.32341e-16
-1.48159e-16
-1.68396e-16
-1.62722e-16
-1.65735e-16
-1.73472e-16
-1.78239e-16
-2.04518e-16
-1.93872e-16
-1.96098e-16
-1.9121e-16
-1.68404e-16
-1.72176e-16
-1.47238e-16
-1.38389e-16
-1.38084e-16
-1.34092e-16
-1.55097e-16
-1.62908e-16
-1.87183e-16
-2.06662e-16
-2.27116e-16
-2.55475e-16
-2.55181e-16
-2.40349e-16
-1.97502e-16
-1.41744e-16
-1.16757e-16
-9.17641e-17
-8.63094e-17
-9.34407e-17
-9.90443e-17
-1.16423e-16
-1.12826e-16
-1.11152e-16
-1.02439e-16
-8.77492e-17
-8.13066e-17
-4.07598e-17
-1.75498e-17
2.144e-18
3.65506e-17
4.47592e-17
6.89364e-17
6.45128e-17
5.30326e-17
7.76923e-17
9.38629e-17
1.54376e-16
2.27732e-16
2.79671e-16
3.59981e-16
4.25297e-16
4.90684e-16
5.52632e-16
5.67823e-16
5.92681e-16
6.17561e-16
6.39951e-16
7.13838e-16
7.94073e-16
8.80891e-16
9.80682e-16
1.06072e-15
1.14954e-15
1.23342e-15
1.29714e-15
1.36242e-15
1.42665e-15
1.47865e-15
1.54238e-15
1.61965e-15
1.70112e-15
1.79295e-15
1.88731e-15
1.98908e-15
2.10972e-15
2.22922e-15
2.34076e-15
2.48035e-15
2.61446e-15
2.74911e-15
2.87356e-15
2.9894e-15
3.12635e-15
3.26061e-15
3.41643e-15
3.60568e-15
3.80416e-15
4.01782e-15
4.23595e-15
4.4343e-15
4.66355e-15
4.88729e-15
5.07574e-15
5.28591e-15
5.49174e-15
5.7057e-15
5.95203e-15
6.20538e-15
6.50998e-15
6.82531e-15
7.12427e-15
7.4664e-15
7.81949e-15
8.15448e-15
8.51523e-15
8.86043e-15
9.22467e-15
9.60711e-15
9.99076e-15
1.04156e-14
1.08724e-14
1.13282e-14
1.18327e-14
1.2346e-14
1.28873e-14
1.34715e-14
1.40463e-14
1.46396e-14
1.52951e-14
1.59326e-14
1.65915e-14
1.72981e-14
1.79921e-14
1.87241e-14
1.94985e-14
2.03232e-14
2.11869e-14
2.20905e-14
2.30114e-14
2.39941e-14
2.49891e-14
2.60105e-14
2.70626e-14
2.81499e-14
2.92463e-14
3.03683e-14
3.15567e-14
3.27955e-14
3.4094e-14
3.54327e-14
3.68701e-14
3.83267e-14
3.98272e-14
4.13783e-14
4.30302e-14
4.46989e-14
4.64365e-14
4.82884e-14
5.01654e-14
5.21063e-14
5.41197e-14
5.62185e-14
5.83419e-14
6.05903e-14
6.29385e-14
6.53655e-14
6.78795e-14
7.04775e-14
7.32138e-14
7.60348e-14
7.89177e-14
8.19752e-14
8.50771e-14
8.82441e-14
9.15388e-14
9.49991e-14
9.85442e-14
1.02216e-13
1.06114e-13
1.10036e-13
1.14187e-13
1.18427e-13
1.22927e-13
1.27481e-13
1.32201e-13
1.37133e-13
1.42216e-13
1.47416e-13
1.52927e-13
1.5854e-13
1.64327e-13
1.70341e-13
1.76696e-13
1.83176e-13
1.89843e-13
1.96891e-13
2.03965e-13
2.11392e-13
2.19158e-13
2.27127e-13
2.3529e-13
2.43814e-13
2.5264e-13
2.61775e-13
2.71131e-13
2.8105e-13
2.91053e-13
3.01461e-13
3.1229e-13
3.23478e-13
3.34986e-13
3.4712e-13
3.59412e-13
3.72125e-13
3.85226e-13
3.99074e-13
4.13164e-13
4.2767e-13
4.42881e-13
4.58293e-13
4.74324e-13
4.91177e-13
5.08437e-13
5.26159e-13
5.44831e-13
5.63642e-13
5.83237e-13
6.03711e-13
6.2477e-13
6.4625e-13
6.68972e-13
6.91792e-13
7.15691e-13
7.40565e-13
7.66209e-13
7.92259e-13
8.1948e-13
8.47584e-13
8.76702e-13
9.06396e-13
9.38029e-13
9.69664e-13
1.00272e-12
1.03688e-12
1.07216e-12
1.1082e-12
1.14655e-12
1.18489e-12
1.22489e-12
1.26622e-12
1.30888e-12
1.35252e-12
1.39889e-12
1.44524e-12
1.49362e-12
1.54367e-12
1.59527e-12
1.64802e-12
1.7041e-12
1.7601e-12
1.81859e-12
1.87902e-12
1.94121e-12
2.00483e-12
2.07241e-12
2.13993e-12
2.21042e-12
2.28327e-12
2.35814e-12
2.43497e-12
2.51636e-12
2.59774e-12
2.68256e-12
2.77034e-12
2.86041e-12
2.9528e-12
3.05051e-12
3.14846e-12
3.25027e-12
3.35597e-12
3.46395e-12
3.57669e-12
3.69208e-12
3.80986e-12
3.93398e-12
4.05896e-12
4.18826e-12
4.32357e-12
4.46173e-12
4.60325e-12
4.75172e-12
4.90173e-12
5.0563e-12
5.21845e-12
5.38328e-12
5.55323e-12
5.73029e-12
5.91028e-12
6.09785e-12
6.28886e-12
6.48494e-12
6.69231e-12
6.89997e-12
7.1157e-12
7.33926e-12
7.56766e-12
7.80183e-12
8.04891e-12
8.29701e-12
8.55399e-12
8.82112e-12
9.09287e-12
9.37677e-12
9.66581e-12
9.96218e-12
1.02726e-11
1.05865e-11
1.09094e-11
1.12473e-11
1.15899e-11
1.19438e-11
1.23123e-11
1.26864e-11
1.30753e-11
1.34718e-11
1.38779e-11
1.43058e-11
1.47359e-11
1.51807e-11
1.56433e-11
1.61128e-11
1.66031e-11
1.7101e-11
1.76127e-11
1.81475e-11
1.86887e-11
1.92437e-11
1.98259e-11
2.04121e-11
2.10206e-11
2.1652e-11
2.22948e-11
2.29625e-11
2.36402e-11
2.43338e-11
2.50641e-11
2.5801e-11
2.65584e-11
2.735e-11
2.8148e-11
2.89855e-11
2.98278e-11
3.07011e-11
3.16075e-11
3.25297e-11
3.34859e-11
3.44594e-11
3.54518e-11
3.64976e-11
3.7552e-11
3.86354e-11
3.97688e-11
4.09088e-11
4.21039e-11
4.33048e-11
4.45525e-11
4.58453e-11
4.71615e-11
4.84984e-11
4.99101e-11
5.13226e-11
5.28093e-11
5.43113e-11
5.585e-11
5.74618e-11
5.90799e-11
6.07787e-11
6.24767e-11
6.42489e-11
6.60786e-11
6.79467e-11
6.9881e-11
7.18403e-11
7.38392e-11
7.59354e-11
7.80641e-11
8.02333e-11
8.2516e-11
8.47936e-11
8.71961e-11
8.95846e-11
9.20838e-11
9.46702e-11
9.72947e-11
1.00029e-10
1.02774e-10
1.05597e-10
1.08524e-10
1.11523e-10
1.14617e-10
1.17776e-10
1.20975e-10
1.24345e-10
1.27709e-10
1.31244e-10
1.34831e-10
1.38478e-10
1.42323e-10
1.46145e-10
1.5018e-10
1.54182e-10
1.58372e-10
1.62711e-10
1.67103e-10
1.71685e-10
1.76268e-10
1.80993e-10
1.85856e-10
1.90875e-10
1.96024e-10
2.013e-10
2.06747e-10
2.12235e-10
2.17852e-10
2.23683e-10
2.29661e-10
2.35807e-10
2.42093e-10
2.48431e-10
2.55113e-10
2.61776e-10
2.68762e-10
2.75861e-10
2.83062e-10
2.9067e-10
2.98187e-10
3.06157e-10
3.1405e-10
3.22242e-10
3.308e-10
3.3939e-10
3.48422e-10
3.57359e-10
3.66815e-10
3.76147e-10
3.85918e-10
3.9605e-10
4.0627e-10
4.16963e-10
4.27575e-10
4.38782e-10
4.49821e-10
4.61438e-10
4.73419e-10
4.85556e-10
4.9819e-10
5.10775e-10
5.23792e-10
5.37098e-10
5.5086e-10
5.65011e-10
5.79391e-10
5.94327e-10
6.09212e-10
6.24576e-10
6.40313e-10
6.56578e-10
6.73287e-10
6.90279e-10
7.07909e-10
7.2548e-10
7.43595e-10
7.62186e-10
7.81371e-10
8.01083e-10
8.21118e-10
8.41885e-10
8.62604e-10
8.83976e-10
9.05869e-10
9.28452e-10
9.51686e-10
9.75259e-10
9.99729e-10
1.0241e-09
1.04926e-09
1.07503e-09
1.10154e-09
1.1289e-09
1.15657e-09
1.18539e-09
1.21397e-09
1.24356e-09
1.27389e-09
1.30492e-09
1.33714e-09
1.36953e-09
1.40341e-09
1.43688e-09
1.47239e-09
1.50735e-09
1.54353e-09
1.58142e-09
1.61928e-09
1.65911e-09
1.69823e-09
1.73994e-09
1.78096e-09
1.82402e-09
1.86758e-09
1.91173e-09
1.95853e-09
2.00443e-09
2.05304e-09
2.10116e-09
2.15134e-09
2.20233e-09
2.25489e-09
2.3086e-09
2.36239e-09
2.41892e-09
2.4754e-09
2.53373e-09
2.5933e-09
2.65487e-09
2.71722e-09
2.7803e-09
2.84591e-09
2.91214e-09
2.98014e-09
3.04933e-09
3.12128e-09
3.19349e-09
3.26901e-09
3.34345e-09
3.42095e-09
3.50044e-09
3.58053e-09
3.66443e-09
3.74784e-09
3.83631e-09
3.92321e-09
4.01483e-09
4.10582e-09
4.20022e-09
4.29596e-09
4.39529e-09
4.49565e-09
4.5971e-09
4.70283e-09
4.8092e-09
4.91862e-09
5.02959e-09
5.14499e-09
5.26062e-09
5.38173e-09
5.50112e-09
5.62764e-09
5.75254e-09
5.88303e-09
6.01417e-09
6.1477e-09
6.28847e-09
6.42754e-09
6.57311e-09
6.7185e-09
6.86859e-09
7.02092e-09
7.17898e-09
7.33762e-09
7.49947e-09
7.66634e-09
7.83595e-09
8.01034e-09
8.18517e-09
8.36773e-09
8.55009e-09
8.74213e-09
8.93202e-09
9.13065e-09
9.32898e-09
9.53366e-09
9.74101e-09
9.95619e-09
1.01718e-08
1.03924e-08
1.06194e-08
1.08497e-08
1.10872e-08
1.13244e-08
1.15726e-08
1.18199e-08
1.20801e-08
1.23381e-08
1.26069e-08
1.28764e-08
1.31544e-08
1.34344e-08
1.37255e-08
1.40162e-08
1.43218e-08
1.46236e-08
1.49407e-08
1.52556e-08
1.55817e-08
1.59107e-08
1.62518e-08
1.65941e-08
1.69435e-08
1.73041e-08
1.76683e-08
1.80444e-08
1.84198e-08
1.88124e-08
1.9202e-08
1.96131e-08
2.00205e-08
2.04443e-08
2.08695e-08
2.13081e-08
2.17485e-08
2.22059e-08
2.2662e-08
2.31432e-08
2.36182e-08
2.41044e-08
2.46104e-08
2.51206e-08
2.56372e-08
2.61704e-08
2.67046e-08
2.72528e-08
2.78163e-08
2.83858e-08
2.89751e-08
2.95585e-08
3.01731e-08
3.07796e-08
3.14175e-08
3.20546e-08
3.27111e-08
3.3375e-08
3.40604e-08
3.47407e-08
3.54541e-08
3.61597e-08
3.69034e-08
3.76437e-08
3.84088e-08
3.918e-08
3.99755e-08
4.07673e-08
4.15943e-08
4.2411e-08
4.32801e-08
4.41388e-08
4.5028e-08
4.59222e-08
4.68445e-08
4.77655e-08
4.87234e-08
4.96693e-08
5.06797e-08
5.16747e-08
5.27063e-08
5.3743e-08
5.48091e-08
5.58793e-08
5.69874e-08
5.80839e-08
5.92533e-08
6.04057e-08
6.1601e-08
6.28007e-08
6.40319e-08
6.52714e-08
6.65533e-08
6.7821e-08
6.91437e-08
7.05048e-08
7.18556e-08
7.32739e-08
7.46968e-08
7.6128e-08
7.76098e-08
7.90709e-08
8.05993e-08
8.21709e-08
8.37284e-08
8.53674e-08
8.70106e-08
8.86594e-08
9.03696e-08
9.20493e-08
9.38538e-08
9.5628e-08
9.74631e-08
9.93115e-08
1.01207e-07
1.03101e-07
1.05074e-07
1.07004e-07
1.09082e-07
1.11129e-07
1.13235e-07
1.15363e-07
1.17551e-07
1.19722e-07
1.21996e-07
1.24217e-07
1.26596e-07
1.28954e-07
1.31365e-07
1.33816e-07
1.3634e-07
1.38822e-07
1.41439e-07
1.43994e-07
1.46707e-07
1.49421e-07
1.5218e-07
1.54999e-07
1.57907e-07
1.60738e-07
1.63747e-07
1.66693e-07
1.69771e-07
1.72891e-07
1.76071e-07
1.79279e-07
1.82622e-07
1.85858e-07
1.89306e-07
1.927e-07
1.96182e-07
1.99765e-07
2.03431e-07
2.07067e-07
2.10903e-07
2.14733e-07
2.18548e-07
2.22541e-07
2.2641e-07
2.30587e-07
2.34714e-07
2.3893e-07
2.43225e-07
2.47636e-07
2.51953e-07
2.5653e-07
2.60986e-07
2.65678e-07
2.7042e-07
2.75234e-07
2.80111e-07
2.85183e-07
2.90066e-07
2.95302e-07
3.00432e-07
3.05684e-07
3.11112e-07
3.16661e-07
3.22139e-07
3.27946e-07
3.33729e-07
3.39466e-07
3.45504e-07
3.51342e-07
3.57582e-07
3.63817e-07
3.70138e-07
3.76599e-07
3.83264e-07
3.89698e-07
3.96598e-07
4.03321e-07
4.10248e-07
4.17386e-07
4.24668e-07
4.31883e-07
4.39518e-07
4.47081e-07
4.54628e-07
4.62554e-07
4.70206e-07
4.78382e-07
4.86555e-07
4.94852e-07
5.03306e-07
5.12031e-07
5.20443e-07
5.29488e-07
5.38289e-07
5.47303e-07
5.56649e-07
5.66188e-07
5.75571e-07
5.85568e-07
5.95474e-07
6.05284e-07
6.15649e-07
6.25661e-07
6.36212e-07
6.4691e-07
6.57775e-07
6.68704e-07
6.80115e-07
6.91086e-07
7.028e-07
7.14309e-07
7.26047e-07
7.38366e-07
7.50542e-07
7.62947e-07
7.75638e-07
7.88604e-07
8.01206e-07
8.1472e-07
8.27805e-07
8.41274e-07
8.55174e-07
8.69376e-07
8.8333e-07
8.98235e-07
9.12951e-07
9.2752e-07
9.42932e-07
9.57829e-07
9.73368e-07
9.89273e-07
1.00545e-06
1.02155e-06
1.0385e-06
1.05481e-06
1.07205e-06
1.08913e-06
1.10657e-06
1.1245e-06
1.1426e-06
1.16103e-06
1.17954e-06
1.1988e-06
1.21736e-06
1.23719e-06
1.25661e-06
1.27648e-06
1.29709e-06
1.31765e-06
1.33864e-06
1.35986e-06
1.38174e-06
1.40287e-06
1.42559e-06
1.44764e-06
1.47026e-06
1.49386e-06
1.51723e-06
1.54112e-06
1.56537e-06
1.5902e-06
1.61425e-06
1.64018e-06
1.66523e-06
1.69096e-06
1.71716e-06
1.74443e-06
1.77161e-06
1.79921e-06
1.82741e-06
1.85478e-06
1.88425e-06
1.91272e-06
1.94197e-06
1.97172e-06
2.00268e-06
2.03358e-06
2.06489e-06
2.09693e-06
2.128e-06
2.16145e-06
2.19378e-06
2.22701e-06
2.26064e-06
2.29581e-06
2.33091e-06
2.36634e-06
2.40272e-06
2.43794e-06
2.47583e-06
2.51252e-06
2.55023e-06
2.58927e-06
2.62806e-06
2.6679e-06
2.70787e-06
2.74914e-06
2.78911e-06
2.83185e-06
2.87347e-06
2.91625e-06
2.96024e-06
3.00405e-06
3.04925e-06
3.09419e-06
3.14105e-06
3.18637e-06
3.23444e-06
3.28161e-06
3.33009e-06
3.3795e-06
3.42894e-06
3.48017e-06
3.53055e-06
3.58375e-06
3.63511e-06
3.68898e-06
3.74244e-06
3.79734e-06
3.85268e-06
3.90839e-06
3.96644e-06
4.02274e-06
4.08307e-06
4.14124e-06
4.20142e-06
4.2638e-06
4.32417e-06
4.3863e-06
4.44899e-06
4.51431e-06
4.57978e-06
4.64544e-06
4.71327e-06
4.7789e-06
4.849e-06
4.91726e-06
4.98753e-06
5.05945e-06
5.13068e-06
5.20483e-06
5.27785e-06
5.35467e-06
5.4289e-06
5.50683e-06
5.58399e-06
5.66338e-06
5.74323e-06
5.82352e-06
5.90703e-06
5.98793e-06
6.07489e-06
6.15883e-06
6.24512e-06
6.33506e-06
6.4221e-06
6.51173e-06
6.6012e-06
6.69464e-06
6.78905e-06
6.88246e-06
6.98022e-06
7.07476e-06
7.17432e-06
7.27255e-06
7.37368e-06
7.47555e-06
7.57758e-06
7.68355e-06
7.78643e-06
7.89708e-06
8.00385e-06
8.11355e-06
8.22776e-06
8.3384e-06
8.45242e-06
8.56566e-06
8.68415e-06
8.80394e-06
8.92199e-06
9.04623e-06
9.16635e-06
9.29194e-06
9.41666e-06
9.54509e-06
9.67339e-06
9.80291e-06
9.93661e-06
1.00673e-05
1.02063e-05
1.03417e-05
1.0481e-05
1.06243e-05
1.07646e-05
1.09092e-05
1.10554e-05
1.1201e-05
1.13518e-05
1.14991e-05
1.16568e-05
1.1809e-05
1.19656e-05
1.21235e-05
1.22861e-05
1.24488e-05
1.26097e-05
1.2778e-05
1.29482e-05
1.31156e-05
1.32925e-05
1.34635e-05
1.36411e-05
1.38184e-05
1.40012e-05
1.41833e-05
1.43662e-05
1.45547e-05
1.47406e-05
1.49359e-05
1.51345e-05
1.53264e-05
1.55272e-05
1.57263e-05
1.59316e-05
1.6136e-05
1.63424e-05
1.65541e-05
1.67619e-05
1.69829e-05
1.71989e-05
1.74208e-05
1.76473e-05
1.78706e-05
1.81011e-05
1.83311e-05
1.85621e-05
1.88e-05
1.90316e-05
1.92815e-05
1.95235e-05
1.97715e-05
2.00269e-05
2.02772e-05
2.05356e-05
2.07854e-05
2.10523e-05
2.1319e-05
2.15776e-05
2.18586e-05
2.21298e-05
2.2407e-05
2.26938e-05
2.29743e-05
2.32638e-05
2.35432e-05
2.38418e-05
2.41402e-05
2.44294e-05
2.4744e-05
2.50476e-05
2.53579e-05
2.56784e-05
2.59923e-05
2.63166e-05
2.66281e-05
2.69621e-05
2.72953e-05
2.76193e-05
2.79697e-05
2.83095e-05
2.86571e-05
2.90135e-05
2.93646e-05
2.97274e-05
3.00858e-05
3.04476e-05
3.08196e-05
3.11824e-05
3.15704e-05
3.19504e-05
3.23403e-05
3.2735e-05
3.31276e-05
3.35332e-05
3.39317e-05
3.43351e-05
3.4751e-05
3.51561e-05
3.55842e-05
3.60234e-05
3.64463e-05
3.68817e-05
3.73202e-05
3.77732e-05
3.82206e-05
3.86647e-05
3.91294e-05
3.95811e-05
4.00516e-05
4.05425e-05
4.10157e-05
4.14949e-05
4.19845e-05
4.24903e-05
4.29926e-05
4.34798e-05
4.3999e-05
4.4517e-05
4.50163e-05
4.55647e-05
4.60929e-05
4.663e-05
4.71853e-05
4.77308e-05
4.82942e-05
4.88269e-05
4.94067e-05
4.99843e-05
5.05416e-05
5.11382e-05
5.17276e-05
5.23324e-05
5.29361e-05
5.35441e-05
5.41729e-05
5.47911e-05
5.5403e-05
5.60473e-05
5.6668e-05
5.73141e-05
5.79948e-05
5.86502e-05
5.93118e-05
5.99832e-05
6.06836e-05
6.138e-05
6.20425e-05
6.2761e-05
6.34774e-05
6.41638e-05
6.49061e-05
6.56365e-05
6.63841e-05
6.7132e-05
6.78853e-05
6.86648e-05
6.94266e-05
7.01842e-05
7.09822e-05
7.17471e-05
7.25417e-05
7.33846e-05
7.4196e-05
7.50159e-05
7.58695e-05
7.67064e-05
7.75685e-05
7.83791e-05
7.92679e-05
8.01541e-05
8.09992e-05
8.19039e-05
8.28398e-05
8.37345e-05
8.46444e-05
8.55748e-05
8.65382e-05
8.7484e-05
8.84024e-05
8.93885e-05
9.03707e-05
9.1304e-05
9.23291e-05
9.33309e-05
9.4352e-05
9.53786e-05
9.6411e-05
9.74797e-05
9.85169e-05
9.95543e-05
0.000100648
0.000101692
0.000102766
0.000103921
0.000105032
0.000106156
0.00010731
0.000108455
0.000109634
0.000110778
0.000111944
0.000113156
0.000114306
0.000115512
0.000116793
0.00011802
0.000119262
0.000120552
0.000121821
0.00012312
0.000124341
0.000125688
0.000127031
0.0001283
0.000129644
0.000131063
0.000132418
0.000133792
0.000135175
0.000136633
0.000138066
0.000139422
0.000140914
0.0001424
0.000143802
0.00014529
0.000146861
0.000148359
0.00014988
0.00015141
0.000153023
0.000154607
0.000156106
0.000157756
0.000159399
0.000160949
0.000162587
0.000164325
0.000165983
0.000167667
0.000169349
0.000171134
0.000172886
0.000174535
0.000176359
0.000178177
0.000179892
0.000181682
0.000183604
0.000185439
0.000187304
0.000189217
0.000191117
0.000193058
0.000194878
0.000196879
0.00019889
0.000200787
0.000202743
0.000204853
0.000206885
0.000208953
0.000211036
0.000213134
0.000215287
0.000217304
0.000219481
0.000221702
0.000223804
0.000225961
0.000228242
0.000230492
0.000232785
0.000235042
0.000237357
0.000239746
0.000242076
0.000244338
0.00024679
0.000249217
0.000251509
0.000253948
0.000256532
0.000258979
0.000261479
0.000263968
0.000266616
0.000269203
0.000271637
0.000274344
0.000277033
0.00027957
0.000282182
0.000285008
0.000287727
0.000290501
0.000293274
0.000296086
0.000298965
0.000301665
0.00030456
0.000307535
0.000310347
0.000313238
0.000316213
0.000319226
0.000322306
0.000325336
0.000328362
0.000331566
0.000334695
0.000337649
0.000340928
0.000344182
0.000347251
0.000350416
0.000353816
0.000357107
0.000360471
0.000363804
0.00036721
0.000370697
0.000373965
0.000377443
0.000381045
0.000384447
0.000387951
0.000391473
0.00039527
0.000398858
0.000402535
0.000406125
0.00041001
0.000413806
0.000417373
0.00042128
0.000425222
0.000428939
0.000432774
0.000436736
0.000440728
0.000444814
0.000448839
0.000452854
0.000457093
0.000461239
0.000465146
0.000469499
0.000473808
0.000477873
0.000482073
0.000486497
0.000490862
0.000495332
0.000499733
0.000504198
0.000508826
0.000513357
0.00051769
0.000522462
0.000526972
0.000531622
0.000536221
0.000541119
0.000545893
0.000550787
0.000555593
0.000560534
0.00056559
0.000570331
0.000575326
0.000580554
0.000585486
0.000590576
0.000595613
0.000600993
0.000606218
0.000611579
0.000616854
0.000622264
0.000627794
0.000632982
0.000638456
0.000644181
0.000649578
0.000655153
0.000660672
0.000666534
0.000672255
0.00067813
0.000683884
0.000689805
0.000695863
0.000701543
0.000707507
0.000713777
0.000719685
0.000725792
0.000731838
0.000738168
0.000744439
0.000750879
0.000757189
0.000763602
0.000770244
0.000776468
0.000782928
0.000789793
0.000796264
0.000802953
0.000809575
0.000816405
0.000823228
0.000830292
0.000837223
0.000844119
0.000851409
0.000858559
0.000865271
0.000872701
0.000880127
0.000887121
0.000894376
0.00090172
0.000909105
0.000916856
0.000924474
0.000931832
0.000939847
0.000947693
0.000955055
0.000962989
0.00097114
0.000978802
0.000986751
0.000994622
0.00100296
0.00101107
0.00101945
0.00102764
0.00103606
0.00104468
0.00105276
0.00106119
0.00107013
0.00107852
0.00108723
0.00109585
0.00110471
0.00111346
0.00112267
0.00113169
0.00114057
0.00115005
0.00115936
0.0011681
0.00117761
0.00118728
0.00119637
0.00120582
0.00121517
0.00122466
0.00123468
0.00124463
0.00125437
0.00126436
0.00127459
0.00128419
0.00129415
0.00130478
0.00131474
0.00132509
0.00133535
0.00134579
0.00135606
0.00136701
0.00137775
0.00138813
0.00139942
0.00141049
0.00142088
0.00143198
0.00144348
0.00145428
0.00146551
0.00147664
0.00148821
0.00149938
0.00151126
0.00152287
0.0015344
0.0015466
0.00155801
0.00156985
0.00158213
0.00159458
0.00160629
0.00161848
0.00163056
0.00164268
0.00165545
0.00166831
0.00168088
0.00169357
0.00170678
0.00171915
0.00173199
0.00174547
0.00175831
0.00177167
0.0017849
0.00179804
0.00181128
0.00182514
0.00183906
0.00185194
0.00186656
0.00188089
0.0018943
0.00190818
0.00192293
0.00193685
0.00195135
0.00196572
0.00198002
0.00199437
0.00200938
0.00202448
0.00203847
0.00205433
0.00206988
0.00208443
0.00209944
0.00211548
0.00213058
0.00214631
0.00216191
0.00217738
0.00219293
0.00220916
0.00222556
0.00224064
0.00225786
0.00227474
0.00229053
0.00230684
0.0023241
0.00234049
0.00235757
0.00237451
0.00239113
0.00240799
0.00242549
0.00244332
0.00245974
0.00247816
0.0024965
0.00251364
0.00253145
0.00254984
0.00256762
0.00258617
0.00260456
0.0026226
0.00264061
0.00265945
0.0026788
0.00269783
0.00271627
0.00273622
0.00275485
0.00277426
0.00279374
0.00281411
0.00283319
0.00285316
0.0028729
0.00289294
0.00291237
0.0029331
0.00295384
0.00297326
0.00299498
0.00301636
0.00303634
0.00305688
0.00307904
0.00309976
0.00312143
0.00314293
0.00316402
0.0031852
0.0032073
0.00322991
0.00325049
0.0032739
0.00329716
0.00331888
0.00334137
0.0033645
0.00338702
0.00341055
0.00343389
0.00345674
0.00347908
0.00350297
0.00352718
0.00355141
0.00357406
0.00359942
0.0036244
0.00364773
0.0036716
0.00369749
0.00372167
0.003747
0.00377214
0.00379653
0.0038212
0.00384683
0.00387325
0.00389735
0.00392427
0.00395148
0.00397686
0.00400323
0.0040297
0.0040575
0.0040835
0.00411078
0.0041376
0.00416453
0.00419095
0.00421879
0.0042472
0.0042728
0.00430254
0.00433178
0.00435906
0.00438705
0.00441635
0.00444461
0.00447422
0.00450361
0.00453217
0.00456004
0.00459005
0.00462022
0.00465073
0.00467866
0.0047106
0.00474206
0.0047714
0.00480118
0.00483331
0.0048637
0.00489559
0.00492725
0.00495754
0.00498805
0.00502032
0.00505288
0.00508554
0.00511589
0.00515025
0.00518412
0.00521569
0.00524754
0.00528238
0.00531508
0.00534942
0.0053835
0.00541584
0.00544887
0.00548361
0.0055186
0.00555371
0.00558631
0.00562331
0.00565979
0.00569377
0.00572805
0.0057654
0.00580059
0.00583758
0.00587428
0.00590907
0.0059444
0.00598179
0.00601924
0.00605715
0.00609178
0.00613166
0.00617097
0.00620756
0.00624469
0.00628425
0.00632213
0.00636197
0.00640153
0.00643919
0.00647652
0.00651682
0.00655671
0.00659779
0.00663415
0.00667719
0.00671957
0.00675899
0.00679941
0.00684085
0.00688165
0.00692456
0.00696715
0.00700818
0.0070472
0.00709067
0.00713356
0.0071774
0.00721698
0.00726183
0.00730755
0.00735003
0.00739412
0.00743711
0.00748384
0.00752732
0.00757319
0.00761803
0.00766118
0.00770532
0.00775157
0.00779787
0.00784154
0.00788748
0.00793686
0.00798559
0.00803073
0.0080766
0.00812542
0.00817227
0.00822167
0.00827059
0.00831695
0.00836276
0.00841269
0.008462
0.00851235
0.00855738
0.00860946
0.00866208
0.00871091
0.00876145
0.00881088
0.00886465
0.00891463
0.00896745
0.00901874
0.00906827
0.00911895
0.00917218
0.00922494
0.00927527
0.00932725
0.00938416
0.0094403
0.00949229
0.00954539
0.00960025
0.00965414
0.00971102
0.00976738
0.00982109
0.00987235
0.00992987
0.00998666
0.0100437
0.0100964
0.0101538
0.0102145
0.0102707
0.0103295
0.0103857
0.010446
0.0105035
0.0105643
0.0106241
0.0106808
0.0107371
0.0107984
0.0108591
0.0109202
0.0109758
0.0110384
0.0111033
0.0111633
0.0112258
0.0112855
0.011351
0.0114124
0.0114774
0.0115409
0.0116011
0.0116621
0.0117277
0.0117925
0.0118577
0.0119168
0.0119843
0.0120536
0.0121177
0.0121843
0.012248
0.0123183
0.0123839
0.0124534
0.012521
0.0125852
0.0126506
0.0127207
0.01279
0.0128594
0.0129226
0.0129943
0.0130684
0.0131369
0.0132082
0.0132765
0.0133508
0.0134209
0.0134953
0.0135676
0.0136364
0.0137055
0.0137804
0.0138545
0.0139282
0.0139962
0.0140714
0.0141507
0.0142239
0.0143006
0.014374
0.0144517
0.0145266
0.0146061
0.0146839
0.0147579
0.01483
0.0149101
0.0149894
0.0150678
0.0151408
0.0152186
0.0153035
0.0153874
0.0154644
0.0155436
0.0156239
0.015704
0.0157891
0.0158729
0.0159528
0.016027
0.0161129
0.0161977
0.0162817
0.0163593
0.0164404
0.01653
0.0166199
0.0167027
0.0167885
0.0168707
0.0169623
0.0170472
0.0171374
0.0172242
0.017307
0.0173917
0.0174826
0.0175724
0.017661
0.0177431
0.0178331
0.0179294
0.0180181
0.0181114
0.0182008
0.0182928
0.0183836
0.0184803
0.0185749
0.018665
0.0187498
0.0188472
0.0189434
0.0190387
0.0191259
0.0192181
0.019319
0.019421
0.019515
0.0196125
0.0197063
0.0198085
0.0199049
0.0200074
0.020106
0.0202003
0.0202946
0.0203978
0.0204998
0.0206006
0.0206929
0.0207915
0.0209011
0.0210093
0.0211084
0.021211
0.0213112
0.0214219
0.0215243
0.0216324
0.0217358
0.0218356
0.0219385
0.0220479
0.0221563
0.0222626
0.0223602
0.0224675
0.0225837
0.0226987
0.0228032
0.0229114
0.0230198
0.0231291
0.023246
0.0233601
0.0234691
0.0235685
0.023686
0.023802
0.0239171
0.0240209
0.0241328
0.024248
0.0243713
0.0244847
0.0246039
0.0247186
0.0248344
0.0249506
0.0250747
0.0251954
0.0253107
0.0254168
0.0255414
0.0256647
0.0257869
0.0258968
0.0260153
0.0261372
0.0262683
0.0263887
0.0265153
0.0266372
0.0267593
0.0268829
0.0270147
0.0271428
0.0272655
0.0273772
0.0275095
0.0276404
0.0277702
0.027887
0.0280123
0.0281397
0.028279
0.0284068
0.0285419
0.0286719
0.028799
0.0289407
0.0290704
0.0292071
0.0293379
0.0294644
0.0295946
0.0297337
0.0298718
0.0300067
0.0301285
0.0302597
0.0304079
0.0305544
0.030688
0.030827
0.0309611
0.0311084
0.0312464
0.0313926
0.0315326
0.0316672
0.0318012
0.0319491
0.0320959
0.0322399
0.0323689
0.0325086
0.0326593
0.0328151
0.0329579
0.0331071
0.0332511
0.0334001
0.033547
0.0337036
0.0338539
0.0339985
0.0341338
0.0342911
0.0344468
0.0346011
0.0347388
0.0348868
0.0350374
0.0352033
0.0353554
0.0355161
0.0356711
0.0358206
0.0359894
0.0361437
0.036306
0.0364617
0.0366117
0.0367641
0.0369297
0.0370944
0.0372552
0.0373989
0.0375549
0.0377232
0.0378979
0.0380579
0.0382251
0.0383867
0.0385527
0.0387169
0.0388925
0.0390608
0.039223
0.0393724
0.0395487
0.0397235
0.0398965
0.0400507
0.0402153
0.0403791
0.0405651
0.0407498
0.0409168
0.0410916
0.0412604
0.0414433
0.0416161
0.0417994
0.041975
0.0421445
0.0423082
0.0424939
0.0426789
0.04286
0.0430215
0.0431952
0.0433729
0.0435691
0.043749
0.0439389
0.0441224
0.0442979
0.044482
0.04468
0.0448714
0.0450555
0.0452332
0.04541
0.0456059
0.0458012
0.0459915
0.0461611
0.0463442
0.0465345
0.0467415
0.0469312
0.0471308
0.047324
0.0475114
0.0477055
0.0479143
0.0481152
0.0483088
0.0484957
0.0486842
0.0488909
0.0490971
0.0492801
0.049476
0.0496688
0.0498698
0.0500883
0.0502885
0.050499
0.0507028
0.0509008
0.0511053
0.0513257
0.0515374
0.0517416
0.0519389
0.052137
0.0523553
0.0525729
0.0527658
0.0529726
0.0531754
0.0533849
0.0536157
0.0538271
0.0540497
0.0542653
0.0544718
0.0546875
0.0549205
0.0551444
0.0553605
0.0555693
0.0557746
0.0560049
0.0562351
0.0564587
0.0566574
0.0568718
0.0570858
0.0573296
0.0575529
0.0577892
0.0580179
0.0582357
0.0584788
0.0587047
0.0589424
0.0591715
0.0593933
0.0596032
0.0598463
0.0600897
0.0603266
0.0605368
0.0607638
0.060988
0.0612361
0.0614932
0.0617232
0.0619664
0.0621996
0.0624453
0.0626839
0.0629373
0.063181
0.0634169
0.0636288
0.0638857
0.0641428
0.0643942
0.064617
0.0648576
0.0650937
0.0653413
0.0656113
0.0658575
0.0661167
0.0663669
0.0666123
0.0668629
0.0671347
0.0673947
0.0676462
0.0678659
0.0681291
0.0683997
0.0686676
0.0689042
0.0691594
0.06941
0.0696574
0.0699359
0.070197
0.0704742
0.0707427
0.0709987
0.0712755
0.0715395
0.0718181
0.0720869
0.0723473
0.0725825
0.0728668
0.0731521
0.0734298
0.0736754
0.0739416
0.0742029
0.0744721
0.0747717
0.075044
0.0753315
0.0756091
0.0758778
0.0761552
0.0764561
0.0767442
0.0770232
0.0772666
0.0775525
0.0778526
0.0781496
0.0784386
0.0786943
0.0789723
0.0792452
0.0795412
0.0798578
0.0801392
0.0804389
0.0807253
0.08102
0.0813123
0.0816231
0.0819225
0.0822129
0.0824654
0.0827761
0.0830923
0.0834014
0.083674
0.0839698
0.0842605
0.0845465
0.0848664
0.0851697
0.0854917
0.0858042
0.0861011
0.0864205
0.0867269
0.08705
0.0873621
0.0876651
0.0879315
0.0882616
0.0885941
0.0889167
0.0892012
0.0895108
0.0898151
0.0901146
0.090456
0.0907742
0.0911114
0.0914369
0.091746
0.0920879
0.0924087
0.0927458
0.0930721
0.093389
0.0936716
0.0940191
0.0943668
0.0947044
0.0950018
0.0953262
0.095645
0.0959588
0.0963194
0.0966522
0.0970062
0.0973464
0.0976696
0.097998
0.0983668
0.0987196
0.0990614
0.0993936
0.0996899
0.100055
0.100419
0.100773
0.101085
0.101425
0.101759
0.102088
0.102464
0.102813
0.103185
0.103542
0.103881
0.104223
0.10461
0.10498
0.105339
0.105688
0.105995
0.106379
0.106761
0.107132
0.107458
0.107816
0.108167
0.108512
0.108896
0.109264
0.109656
0.110031
0.110389
0.110778
0.111147
0.111536
0.111914
0.112281
0.112598
0.112997
0.113399
0.11379
0.114132
0.114507
0.114877
0.115239
0.115629
0.116014
0.116427
0.116824
0.117203
0.117597
0.117986
0.118397
0.118794
0.119181
0.119515
0.11992
0.120344
0.120755
0.121115
0.121509
0.121897
0.122279
0.122668
0.123114
0.123508
0.123929
0.12433
0.124727
0.125135
0.125569
0.125989
0.126397
0.12675
0.127158
0.127603
0.128036
0.128459
0.12883
0.129238
0.12964
0.130034
0.130488
0.130905
0.131353
0.131779
0.132186
0.132601
0.133063
0.133507
0.133938
0.134311
0.134719
0.135183
0.135642
0.136088
0.136478
0.136908
0.137331
0.137747
0.138185
0.138674
0.139104
0.139558
0.139992
0.14044
0.140885
0.141355
0.141811
0.142255
0.142638
0.143093
0.14358
0.144052
0.144463
0.144916
0.145362
0.1458
0.146231
0.146732
0.147188
0.147674
0.148138
0.148581
0.149041
0.149543
0.150027
0.150497
0.150903
0.15135
0.151859
0.152359
0.152846
0.153271
0.15374
0.154203
0.154657
0.155129
0.155666
0.156135
0.156631
0.157106
0.157592
0.158077
0.158591
0.15909
0.159576
0.159994
0.160485
0.161017
0.161533
0.161981
0.162476
0.162964
0.163444
0.163916
0.164444
0.164946
0.165479
0.165989
0.166476
0.166962
0.167513
0.168043
0.168558
0.169061
0.169492
0.170033
0.170581
0.171115
0.171579
0.172093
0.1726
0.173098
0.17359
0.17417
0.174689
0.175236
0.17576
0.176267
0.176798
0.177364
0.177912
0.178446
0.178905
0.179418
0.18
0.180566
0.181119
0.1816
0.182134
0.18266
0.183178
0.183708
0.184263
0.184855
0.185419
0.185959
0.186512
0.18706
0.187644
0.188211
0.188764
0.189239
0.189792
0.190398
0.190984
0.191493
0.192057
0.192612
0.193159
0.193696
0.194275
0.194851
0.195459
0.196041
0.196599
0.197133
0.197762
0.198367
0.198955
0.199529
0.200019
0.200616
0.201242
0.20185
0.202377
0.202963
0.20354
0.204109
0.204668
0.205292
0.205888
0.206516
0.207118
0.207694
0.20827
0.20892
0.209546
0.210156
0.210752
0.21126
0.211897
0.212545
0.213177
0.213723
0.214333
0.214933
0.215524
0.216106
0.216778
0.21739
0.218039
0.218663
0.219259
0.219874
0.220547
0.221197
0.22183
0.222373
0.222975
0.223651
0.224323
0.224979
0.225546
0.22618
0.226804
0.227419
0.228024
0.228741
0.229372
0.230044
0.23069
0.23131
0.231961
0.232658
0.233332
0.23399
0.234553
0.235179
0.235893
0.23659
0.237272
0.237861
0.23852
0.239169
0.239809
0.240441
0.241197
0.241848
0.242545
0.243215
0.243871
0.244545
0.245268
0.245968
0.246652
0.247236
0.247888
0.248637
0.249362
0.25007
0.250681
0.251366
0.252042
0.252707
0.253371
0.254076
0.254834
0.255558
0.256254
0.256945
0.257643
0.258393
0.259121
0.259831
0.260437
0.261122
0.2619
0.262652
0.263389
0.264023
0.264736
0.265439
0.266131
0.266826
0.267561
0.268347
0.269099
0.269821
0.270548
0.27127
0.272048
0.272805
0.273543
0.274172
0.27489
0.275698
0.27648
0.277245
0.277903
0.278645
0.279375
0.280095
0.280822
0.281588
0.282404
0.283183
0.283933
0.284696
0.285443
0.286252
0.287037
0.287805
0.288458
0.28921
0.290047
0.29086
0.291655
0.292338
0.293109
0.293869
0.294617
0.295376
0.296174
0.29702
0.297829
0.298608
0.299407
0.300181
0.30102
0.301836
0.302634
0.303311
0.304097
0.304967
0.30581
0.306636
0.307346
0.308147
0.308936
0.309714
0.310507
0.311338
0.312215
0.313054
0.313863
0.3147
0.315501
0.316372
0.317219
0.318047
0.31875
0.319572
0.320474
0.32135
0.322208
0.322944
0.323776
0.324596
0.325404
0.32624
0.327098
0.328007
0.328878
0.329716
0.330594
0.331422
0.332326
0.333205
0.334065
0.334793
0.335654
0.33659
0.337498
0.338389
0.339152
0.340015
0.340867
0.341707
0.342591
0.343475
0.344416
0.345318
0.346187
0.347109
0.347965
0.348902
0.349814
0.350705
0.351459
0.352364
0.353333
0.354275
0.35508
0.355989
0.356886
0.35777
0.358641
0.35958
0.36049
0.361462
0.362396
0.363295
0.364146
0.365151
0.366121
0.367066
0.36799
0.36877
0.369723
0.370726
0.371702
0.372535
0.373478
0.374408
0.375325
0.376229
0.377229
0.378164
0.379168
0.380133
0.381063
0.381964
0.383002
0.384005
0.384983
0.38594
0.386747
0.387753
0.38879
0.389801
0.390663
0.39164
0.392603
0.393554
0.39449
0.395562
0.39652
0.397555
0.398552
0.39951
0.400471
0.401541
0.402577
0.403589
0.404579
0.405411
0.406479
0.40755
0.408595
0.409486
0.410498
0.411496
0.41248
0.41345
0.414603
0.415582
0.416648
0.417675
0.418677
0.41969
0.420792
0.421862
0.422907
0.423929
0.424791
0.425925
0.42703
0.42811
0.42903
0.430076
0.431109
0.432128
0.433166
0.434233
0.435376
0.43647
0.437525
0.438613
0.439648
0.440781
0.441883
0.442962
0.44387
0.444946
0.446118
0.447255
0.44837
0.449319
0.450401
0.451469
0.452522
0.45367
0.454757
0.455925
0.457047
0.458129
0.459164
0.460369
0.461533
0.462668
0.463779
0.464712
0.465881
0.467083
0.468254
0.469249
0.470382
0.471499
0.472602
0.473691
0.47497
0.476064
0.477257
0.478405
0.47953
0.480652
0.481883
0.483077
0.484244
0.485386
0.486358
0.487618
0.488849
0.490054
0.491078
0.492246
0.493399
0.494536
0.495747
0.496917
0.498183
0.499398
0.500568
0.501821
0.50296
0.504217
0.505441
0.506639
0.507644
0.508888
0.510185
0.511447
0.512518
0.513738
0.514941
0.516129
0.517313
0.518683
0.519858
0.52114
0.522375
0.523597
0.524796
0.526118
0.527401
0.528655
0.529882
0.530942
0.532292
0.533614
0.534907
0.536005
0.53726
0.538499
0.539724
0.541079
0.542317
0.543667
0.544964
0.546213
0.547426
0.548815
0.550157
0.551467
0.552749
0.553821
0.555205
0.556588
0.557937
0.559081
0.560388
0.561678
0.562952
0.564311
0.565598
0.567015
0.568373
0.569681
0.571073
0.572344
0.573745
0.575111
0.576446
0.577564
0.578962
0.580406
0.581811
0.583191
0.58436
0.585701
0.587026
0.588422
0.589934
0.591223
0.592639
0.594002
0.595422
0.596745
0.598203
0.599623
0.601011
0.602369
0.603611
0.605107
0.606568
0.608
0.609213
0.610605
0.611985
0.613437
0.614997
0.616333
0.617802
0.619216
0.620692
0.622059
0.623572
0.625043
0.626482
0.62789
0.629186
0.630733
0.632246
0.633731
0.634987
0.63643
0.637866
0.639398
0.641011
0.642386
0.643902
0.645363
0.646919
0.648331
0.649892
0.651413
0.652901
0.654355
0.655726
0.657327
0.65889
0.660425
0.661724
0.663216
0.664708
0.666352
0.667801
0.669424
0.670982
0.672484
0.674156
0.675602
0.677208
0.678775
0.680307
0.681638
0.683283
0.684932
0.686543
0.687905
0.689466
0.691022
0.692634
0.694355
0.695834
0.697489
0.69908
0.700711
0.70222
0.703916
0.705562
0.707172
0.708745
0.710196
0.711905
0.713595
0.715251
0.716652
0.718269
0.719883
0.721656
0.723206
0.724943
0.726621
0.72825
0.730036
0.731591
0.733317
0.735001
0.736648
0.738104
0.739863
0.741633
0.743362
0.744824
0.746506
0.748187
0.749993
0.751836
0.753402
0.755162
0.756854
0.75868
0.760291
0.762095
0.76385
0.765568
0.767057
0.768884
0.770714
0.772515
0.774284
0.77579
0.777538
0.779406
0.781311
0.782938
0.784766
0.786528
0.788413
0.790079
0.791955
0.793779
0.795562
0.797112
0.799006
0.8009
0.802769
0.804604
0.80618
0.807987
0.809954
0.811925
0.813605
0.815493
0.817314
0.819299
0.821021
0.82296
0.824846
0.826691
0.828332
0.830293
0.832252
0.834185
0.836084
0.837733
0.839659
0.8417
0.843739
0.845463
0.847403
0.849341
0.8514
0.853178
0.855171
0.857114
0.859015
0.860782
0.862809
0.864836
0.866827
0.868548
0.870506
0.872607
0.874715
0.876534
0.878572
0.880551
0.882667
0.884511
0.886611
0.888651
0.890644
0.892421
0.894532
0.89663
0.898715
0.900513
0.902562
0.904702
0.90689
0.908785
0.910913
0.912988
0.915141
0.917059
0.919249
0.92138
0.923461
0.925577
0.92748
0.929655
0.931825
0.934002
0.935841
0.938065
0.940335
0.942299
0.944511
0.946669
0.948906
0.950899
0.953169
0.955384
0.957547
0.959758
0.961735
0.963991
0.966246
0.968521
0.970422
0.972777
0.975128
0.977161
0.979445
0.981677
0.984047
0.986111
0.988459
0.990748
0.992985
0.995022
0.997381
0.999719
1.0021
1.00412
1.00647
1.00893
1.01136
1.01345
1.0158
1.01817
1.02065
1.02278
1.0252
1.02756
1.02993
1.03207
1.03451
1.03698
1.03943
1.04151
1.04407
1.04661
1.04879
1.05125
1.05368
1.05627
1.05849
1.06102
1.06348
1.06593
1.06816
1.0707
1.07328
1.07584
1.07801
1.08067
1.0833
1.08558
1.08814
1.09069
1.09336
1.09568
1.0983
1.10087
1.10343
1.10576
1.1084
1.11111
1.11376
1.11607
1.11883
1.12156
1.12392
1.12657
1.12928
1.13205
1.13446
1.13718
1.13984
1.14256
1.14498
1.14778
1.15058
1.15294
1.15581
1.15867
1.16149
1.16393
1.16669
1.16959
1.17211
1.17495
1.17776
1.18054
1.18308
1.186
1.18893
1.19178
1.19437
1.19735
1.2003
1.20285
1.20573
1.20875
1.21175
1.21435
1.21728
1.22018
1.22283
1.2259
1.22895
1.23193
1.23466
1.23776
1.24083
1.24349
1.24653
1.24967
1.25241
1.2555
1.25856
1.26163
1.26443
1.26763
1.27079
1.27354
1.27681
1.28003
1.28322
1.28598
1.28924
1.29251
1.29536
1.29857
1.30174
1.30505
1.30802
1.31134
1.31459
1.31761
1.32098
1.32432
1.32723
1.33061
1.33403
1.33702
1.34039
1.34372
1.34718
1.3503
1.35376
1.35717
1.36034
1.36387
1.36736
1.3704
1.37397
1.37754
1.38067
1.38419
1.38768
1.39097
1.39463
1.39824
1.40189
1.40519
1.40887
1.41251
1.41574
1.41951
1.42323
1.42651
1.43019
1.43399
1.43743
1.44123
1.44501
1.4485
1.45236
1.45619
1.45958
1.46353
1.46744
1.47089
1.47476
1.47877
1.48239
1.48637
1.49036
1.49403
1.49808
1.50209
1.5057
1.50984
1.51394
1.51757
1.5217
1.52595
1.52973
1.5339
1.53817
1.54201
1.54625
1.55047
1.55435
1.55869
1.56254
1.56688
1.57134
1.57532
1.57973
1.58421
1.58826
1.59274
1.59718
1.60128
1.60584
1.60995
1.61455
1.61924
1.62345
1.62808
1.63284
1.63711
1.64183
1.64658
1.65091
1.65575
1.6601
1.66504
1.66998
1.67441
1.67937
1.68391
1.68891
1.6939
1.69851
1.70364
1.70875
1.71348
1.7187
1.7234
1.72866
1.73348
1.73877
1.74407
1.74899
1.75444
1.75937
1.76492
1.77045
1.77545
1.78109
1.78621
1.79182
1.79752
1.80281
1.80858
1.81393
1.81981
1.82516
1.83112
1.83711
1.84257
1.84863
1.85429
1.86043
1.86617
1.87243
1.87815
1.88453
1.89092
1.89677
1.90333
1.90938
1.91597
1.92214
1.92883
1.93504
1.94187
1.94819
1.95517
1.96165
1.9687
1.97532
1.9825
1.9892
1.99653
2.00336
2.01088
2.01786
2.02548
2.03262
2.04034
2.04765
2.05559
2.06307
2.07117
2.07877
2.08706
2.09481
2.10273
2.1113
2.11941
2.12818
2.13644
2.14543
2.15387
2.16256
2.17187
2.18078
2.19031
2.19943
2.20866
2.21867
2.22819
2.23788
2.24829
2.25828
2.26842
2.27939
2.28987
2.30056
2.31201
2.32313
2.33443
2.34654
2.35827
2.3702
2.38246
2.39558
2.40832
2.42136
2.43474
2.4484
2.46242
2.47741
2.49218
2.50737
2.52294
2.53898
2.55552
2.57259
2.59023
2.6085
2.6274
2.647
2.66743
2.68869
2.71024
2.73349
2.75788
2.78293
2.81888
2.85489
2.88904
2.92597
2.96627
3.00655
3.07585
3.13311
3.2041
3.28789
3.41259
3.94207
4.15301
