-9.75885 23.0735
0.17342
0.173498
0.173575
0.173652
0.173729
0.173807
0.173884
0.173961
0.174038
0.174114
0.17419
0.174267
0.174343
0.17442
0.174498
0.174577
0.174651
0.174726
0.174806
0.17488
0.174955
0.175035
0.175109
0.175189
0.175263
0.175336
0.175415
0.175489
0.175568
0.175646
0.175719
0.175797
0.175869
0.175947
0.176024
0.176102
0.176172
0.176249
0.176326
0.176403
0.176479
0.176555
0.176631
0.176707
0.176782
0.176857
0.176932
0.177007
0.177082
0.177156
0.17723
0.177304
0.177378
0.177459
0.177532
0.177605
0.177678
0.177759
0.177831
0.177903
0.177983
0.178055
0.178126
0.178206
0.178277
0.178356
0.178427
0.178506
0.178576
0.178655
0.178725
0.178803
0.178873
0.178951
0.17902
0.179098
0.179166
0.179244
0.179321
0.179389
0.179466
0.179543
0.179611
0.179688
0.179764
0.179831
0.179907
0.179983
0.180059
0.180125
0.180201
0.180277
0.180352
0.180427
0.180503
0.180567
0.180642
0.180717
0.180792
0.180866
0.18094
0.181015
0.181089
0.181152
0.181226
0.181299
0.181373
0.181446
0.18152
0.181593
0.181666
0.181739
0.181811
0.181884
0.181956
0.182029
0.182101
0.182173
0.182245
0.182317
0.182389
0.18246
0.182543
0.182614
0.182686
0.182757
0.182828
0.182898
0.182969
0.183039
0.18311
0.183192
0.183262
0.183332
0.183403
0.183472
0.183542
0.183624
0.183693
0.183762
0.183832
0.1839
0.183982
0.184051
0.18412
0.184188
0.184269
0.184338
0.184406
0.184474
0.184555
0.184623
0.18469
0.184758
0.184838
0.184906
0.184973
0.185054
0.18512
0.185187
0.185267
0.185334
0.185401
0.18548
0.185547
0.185613
0.185693
0.185759
0.185824
0.185904
0.185969
0.186035
0.186114
0.186179
0.186258
0.186324
0.186389
0.186467
0.186532
0.186611
0.186675
0.18674
0.186818
0.186882
0.186961
0.187024
0.187102
0.187166
0.18723
0.187308
0.187371
0.187449
0.187512
0.18759
0.187653
0.187731
0.187793
0.187871
0.187933
0.18801
0.188073
0.18815
0.188212
0.188289
0.188351
0.188428
0.188489
0.188566
0.188627
0.188704
0.188766
0.188842
0.188903
0.188979
0.189055
0.189116
0.189192
0.189253
0.189329
0.189389
0.189465
0.189541
0.189601
0.189677
0.189737
0.189812
0.189872
0.189947
0.190022
0.190082
0.190157
0.190216
0.190291
0.190366
0.190425
0.1905
0.190574
0.190633
0.190708
0.190766
0.19084
0.190915
0.190973
0.191047
0.191122
0.19118
0.191254
0.191328
0.191385
0.191459
0.191533
0.191591
0.191664
0.191738
0.191795
0.191869
0.191942
0.191999
0.192072
0.192146
0.192202
0.192275
0.192349
0.192405
0.192478
0.192551
0.192624
0.19268
0.192753
0.192825
0.192881
0.192954
0.193026
0.193098
0.193154
0.193226
0.193298
0.193371
0.193426
0.193498
0.193571
0.193625
0.193697
0.193769
0.193841
0.193912
0.193967
0.194038
0.194109
0.194181
0.194236
0.194307
0.194379
0.19445
0.194504
0.194575
0.194647
0.194718
0.194788
0.194841
0.194913
0.194983
0.195054
0.195108
0.195178
0.195249
0.19532
0.195391
0.195443
0.195513
0.195584
0.195654
0.195725
0.195777
0.195847
0.195917
0.195987
0.196057
0.196128
0.196179
0.196249
0.196319
0.196389
0.196459
0.196529
0.19658
0.19665
0.196719
0.196789
0.196859
0.196927
0.196997
0.197048
0.197118
0.197187
0.197257
0.197326
0.197394
0.197463
0.197514
0.197583
0.197652
0.197721
0.19779
0.197858
0.197927
0.197977
0.198046
0.198114
0.198183
0.198251
0.19832
0.198388
0.198457
0.198526
0.198574
0.198643
0.198711
0.198779
0.198847
0.198916
0.198984
0.199052
0.19912
0.199188
0.199236
0.199304
0.199372
0.19944
0.199507
0.199575
0.199643
0.19971
0.199778
0.199846
0.199913
0.199981
0.200048
0.200096
0.200163
0.20023
0.200298
0.200365
0.200432
0.2005
0.200566
0.200633
0.200701
0.200768
0.200835
0.200901
0.200968
0.201036
0.201103
0.201169
0.201236
0.201283
0.201349
0.201415
0.201482
0.201549
0.201615
0.201682
0.201749
0.201815
0.201881
0.201948
0.202014
0.20208
0.202146
0.202213
0.20228
0.202345
0.202411
0.202478
0.202544
0.20261
0.202675
0.202742
0.202808
0.202874
0.202939
0.203005
0.203072
0.203137
0.203202
0.203268
0.203335
0.2034
0.203465
0.203531
0.203597
0.203662
0.203728
0.203793
0.203859
0.203924
0.20399
0.204055
0.20412
0.204186
0.204251
0.204316
0.204381
0.204447
0.204512
0.204577
0.204642
0.204707
0.204773
0.204837
0.204902
0.204968
0.205032
0.205097
0.205162
0.205227
0.205314
0.205379
0.205444
0.205508
0.205573
0.205638
0.205703
0.205767
0.205832
0.205898
0.205962
0.206025
0.206091
0.206156
0.206219
0.206284
0.206349
0.206414
0.206478
0.206542
0.206629
0.206693
0.206758
0.206822
0.206885
0.206951
0.207016
0.207079
0.207143
0.207208
0.207273
0.207336
0.2074
0.207464
0.207551
0.207616
0.20768
0.207743
0.207808
0.207873
0.207936
0.207999
0.208064
0.208128
0.208192
0.208256
0.208342
0.208406
0.208471
0.208535
0.208598
0.208662
0.208727
0.20879
0.208854
0.208917
0.208981
0.209068
0.209132
0.209195
0.209259
0.209324
0.209387
0.209451
0.209514
0.209578
0.209665
0.209729
0.209792
0.209856
0.20992
0.209983
0.210047
0.21011
0.210174
0.210261
0.210325
0.210388
0.210452
0.210515
0.210579
0.210643
0.210706
0.210793
0.210857
0.21092
0.210984
0.211047
0.21111
0.211174
0.211238
0.211325
0.211388
0.211451
0.211515
0.211579
0.211642
0.211705
0.211793
0.211856
0.21192
0.211983
0.212045
0.21211
0.212173
0.212261
0.212324
0.212386
0.212451
0.212515
0.212577
0.212641
0.212728
0.212791
0.212856
0.212919
0.212981
0.213045
0.213133
0.213197
0.21326
0.213321
0.213387
0.21345
0.213538
0.213601
0.213663
0.213728
0.213792
0.213854
0.213918
0.214005
0.214069
0.214133
0.214196
0.214259
0.214347
0.21441
0.214475
0.214538
0.2146
0.214664
0.214752
0.214817
0.21488
0.214941
0.215006
0.21507
0.215158
0.215222
0.215284
0.215348
0.215412
0.2155
0.215564
0.215626
0.215691
0.215755
0.215843
0.215907
0.215969
0.216033
0.216097
0.21616
0.216249
0.216312
0.216376
0.21644
0.216503
0.216593
0.216655
0.21672
0.216784
0.216847
0.216936
0.216999
0.217063
0.217127
0.217191
0.21728
0.217343
0.217407
0.217471
0.217561
0.217625
0.217688
0.217752
0.217816
0.217906
0.217969
0.218033
0.218097
0.21816
0.218251
0.218314
0.218379
0.218442
0.218532
0.218596
0.21866
0.218725
0.218788
0.218879
0.218943
0.219006
0.219071
0.219161
0.219225
0.219289
0.219353
0.219417
0.219508
0.219572
0.219636
0.219701
0.219792
0.219856
0.219919
0.219983
0.220075
0.22014
0.220205
0.220268
0.220332
0.220424
0.220488
0.220554
0.220617
0.220708
0.220772
0.220838
0.220903
0.220994
0.221058
0.221122
0.221188
0.221279
0.221345
0.221408
0.221473
0.221565
0.22163
0.221696
0.221759
0.221852
0.221916
0.221982
0.222048
0.222139
0.222204
0.222267
0.222335
0.222426
0.222493
0.222557
0.222621
0.222715
0.22278
0.222847
0.22291
0.223004
0.223067
0.223135
0.223228
0.223293
0.223358
0.223422
0.223517
0.223582
0.223649
0.223713
0.223807
0.223871
0.223939
0.224005
0.224099
0.224164
0.224228
0.224324
0.224389
0.224457
0.22452
0.224616
0.22468
0.224748
0.224814
0.224909
0.224975
0.225039
0.225135
0.225201
0.225269
0.225333
0.225429
0.225493
0.225562
0.225657
0.225724
0.22579
0.225856
0.225951
0.226018
0.226086
0.22618
0.226247
0.226312
0.226381
0.226476
0.226544
0.226609
0.226706
0.226772
0.226841
0.226908
0.227004
0.227071
0.227137
0.227234
0.227301
0.22737
0.227465
0.227533
0.227599
0.227668
0.227765
0.227833
0.2279
0.227997
0.228064
0.228133
0.22823
0.228298
0.228365
0.228433
0.22853
0.228599
0.228667
0.228765
0.228833
0.228901
0.228999
0.229067
0.229136
0.229234
0.229303
0.229371
0.229439
0.229538
0.229607
0.229675
0.229774
0.229842
0.229911
0.23001
0.23008
0.230148
0.230248
0.230316
0.230385
0.230484
0.230554
0.230623
0.230723
0.230791
0.230861
0.230961
0.231031
0.2311
0.23117
0.231269
0.231339
0.231409
0.23151
0.231579
0.23165
0.231749
0.23182
0.23189
0.231991
0.232061
0.232132
0.232232
0.232302
0.232373
0.232475
0.232545
0.232616
0.232716
0.232787
0.232858
0.23296
0.233031
0.233103
0.233203
0.233275
0.233345
0.233448
0.233519
0.233592
0.233693
0.233764
0.233835
0.233939
0.23401
0.234083
0.234185
0.234256
0.234328
0.234431
0.234504
0.234576
0.234679
0.23475
0.234854
0.234926
0.235
0.235104
0.235176
0.235247
0.235352
0.235424
0.235498
0.235602
0.235676
0.235747
0.235852
0.235924
0.235999
0.236103
0.236178
0.236281
0.236355
0.236426
0.236535
0.236607
0.236682
0.236786
0.23686
0.236932
0.23704
0.237114
0.237189
0.237294
0.237368
0.237474
0.237548
0.237624
0.237731
0.237805
0.237878
0.237985
0.238058
0.238136
0.238242
0.238319
0.238423
0.2385
0.238572
0.238683
0.238757
0.238834
0.238941
0.239016
0.239123
0.2392
0.239276
0.239385
0.239461
0.239535
0.239644
0.239718
0.239798
0.239905
0.239984
0.24009
0.240168
0.240242
0.240354
0.24043
0.240508
0.240617
0.240693
0.240803
0.240879
0.240958
0.241068
0.241147
0.241254
0.241333
0.241408
0.241522
0.241599
0.241678
0.241788
0.241865
0.241976
0.242054
0.242134
0.242245
0.242324
0.242399
0.242513
0.242589
0.242704
0.242782
0.242862
0.242974
0.243052
0.243164
0.243242
0.243324
0.243436
0.243517
0.243628
0.243708
0.243785
0.243901
0.243981
0.244061
0.244175
0.244253
0.244368
0.244446
0.244529
0.244642
0.244724
0.244837
0.244918
0.244997
0.245113
0.245195
0.24531
0.245392
0.24547
0.245587
0.245666
0.245784
0.245865
0.245947
0.246063
0.246143
0.246261
0.24634
0.246424
0.246541
0.246624
0.24674
0.246821
0.246903
0.247019
0.247104
0.247221
0.247305
0.247421
0.247504
0.247586
0.247704
0.247788
0.247907
0.24799
0.248071
0.248192
0.248274
0.248394
0.248477
0.248561
0.248681
0.248762
0.248884
0.248966
0.249051
0.249172
0.249256
0.249376
0.24946
0.249581
0.249664
0.24975
0.249871
0.249956
0.250077
0.250162
0.250283
0.250366
0.250453
0.250575
0.250661
0.250783
0.250869
0.250954
0.251075
0.251162
0.251285
0.251372
0.251494
0.25158
0.251667
0.251788
0.251876
0.252
0.252087
0.252211
0.252298
0.252385
0.252506
0.252595
0.25272
0.252807
0.252932
0.25302
0.253108
0.25323
0.253319
0.253445
0.253533
0.25366
0.253747
0.253836
0.25396
0.254049
0.254176
0.254264
0.254392
0.25448
0.25457
0.254695
0.254783
0.254912
0.255001
0.25513
0.255218
0.255347
0.255435
0.255524
0.255654
0.255742
0.255873
0.255961
0.256091
0.256181
0.256308
0.2564
0.256489
0.256621
0.256711
0.256841
0.256933
0.25706
0.257153
0.257281
0.257374
0.257467
0.257597
0.25769
0.257817
0.25791
0.258041
0.258133
0.258228
0.258358
0.258452
0.258581
0.258672
0.258806
0.258897
0.259033
0.259124
0.259219
0.259351
0.259442
0.259576
0.259667
0.259804
0.259898
0.260031
0.260126
0.260257
0.260352
0.260485
0.26058
0.260677
0.26081
0.260907
0.261038
0.261133
0.261269
0.261362
0.261502
0.261594
0.261733
0.261827
0.26196
0.262057
0.262151
0.262291
0.262387
0.262523
0.262621
0.262754
0.262851
0.262988
0.263083
0.263184
0.263319
0.263419
0.263555
0.26365
0.263789
0.263884
0.264027
0.264124
0.264263
0.264362
0.264497
0.264596
0.264735
0.264832
0.264935
0.265071
0.265173
0.265312
0.265407
0.265549
0.265646
0.265791
0.26589
0.26603
0.266131
0.266269
0.266369
0.26651
0.266608
0.266755
0.266853
0.266997
0.267097
0.267235
0.267337
0.267478
0.267581
0.267684
0.267824
0.267929
0.26807
0.268169
0.268313
0.268412
0.268562
0.268663
0.268807
0.26891
0.269051
0.269154
0.269297
0.269399
0.269549
0.269649
0.269754
0.269899
0.27004
0.270146
0.27029
0.270395
0.2705
0.270644
0.270751
0.270896
0.270997
0.271145
0.271247
0.271398
0.271503
0.271649
0.271756
0.271902
0.272005
0.272154
0.272255
0.27241
0.272514
0.272663
0.27277
0.272915
0.273021
0.27317
0.273273
0.273429
0.273533
0.273685
0.273791
0.273938
0.274045
0.274195
0.2743
0.274456
0.274561
0.274714
0.274822
0.274969
0.275078
0.275229
0.275335
0.275492
0.275598
0.275753
0.27586
0.276009
0.276119
0.276271
0.276378
0.276491
0.276643
0.276753
0.276907
0.277058
0.277169
0.277322
0.27743
0.277543
0.277697
0.277808
0.277963
0.278115
0.278227
0.278381
0.278489
0.27865
0.278759
0.278917
0.279028
0.279181
0.279293
0.279449
0.279557
0.27972
0.27983
0.279989
0.280101
0.280256
0.280368
0.280526
0.280635
0.280798
0.28091
0.281068
0.281182
0.281339
0.281451
0.281612
0.281721
0.281884
0.281998
0.282156
0.282273
0.282431
0.282543
0.282706
0.282816
0.282979
0.283095
0.283255
0.283371
0.283532
0.283643
0.283808
0.28392
0.284081
0.2842
0.284362
0.284477
0.284641
0.284802
0.284918
0.285081
0.285193
0.285361
0.285477
0.28564
0.285758
0.285921
0.286037
0.286202
0.286316
0.286482
0.2866
0.286765
0.286884
0.287049
0.287163
0.287332
0.287448
0.287611
0.287733
0.2879
0.288017
0.288185
0.288351
0.288469
0.288637
0.288752
0.288922
0.289042
0.289208
0.289329
0.289497
0.289614
0.289785
0.289903
0.290069
0.290192
0.290362
0.290481
0.290651
0.290821
0.290941
0.291111
0.291229
0.2914
0.291522
0.291691
0.291814
0.291986
0.292104
0.292278
0.292398
0.292565
0.29269
0.292864
0.292984
0.293158
0.293331
0.293452
0.293625
0.293746
0.293918
0.294042
0.294215
0.294338
0.294514
0.294635
0.29481
0.294933
0.295104
0.29528
0.295406
0.295577
0.295703
0.295881
0.296002
0.296179
0.296303
0.296474
0.296601
0.296779
0.296901
0.297079
0.297258
0.297382
0.29756
0.297683
0.297857
0.297985
0.298163
0.298288
0.298469
0.298594
0.298772
0.298899
0.299074
0.299251
0.299381
0.299559
0.299685
0.299868
0.299992
0.300173
0.300301
0.300477
0.300656
0.300787
0.300965
0.301093
0.301279
0.301402
0.301586
0.301715
0.301891
0.302072
0.302204
0.302383
0.302513
0.3027
0.302824
0.303009
0.303139
0.303316
0.303445
0.303633
0.303812
0.303944
0.304133
0.304257
0.304444
0.304575
0.304753
0.304882
0.305072
0.305253
0.305387
0.305576
0.305702
0.30589
0.306022
0.306201
0.306331
0.306522
0.306705
0.306839
0.307031
0.307157
0.307347
0.30748
0.307661
0.307847
0.307983
0.308169
0.308302
0.308496
0.308624
0.308814
0.308949
0.309132
0.309318
0.309455
0.309643
0.309776
0.309972
0.310103
0.310292
0.310429
0.310615
0.310801
0.310938
0.311129
0.311261
0.311459
0.311592
0.311781
0.31192
0.312108
0.312294
0.312431
0.312625
0.312755
0.312956
0.313092
0.31328
0.313478
0.313613
0.313798
0.313935
0.314131
0.314322
0.314463
0.314661
0.314792
0.31499
0.315127
0.315316
0.315508
0.315647
0.315842
0.315979
0.316182
0.316316
0.31651
0.316652
0.316845
0.317033
0.317174
0.317372
0.317505
0.317712
0.31785
0.318041
0.318245
0.318383
0.318574
0.318712
0.318911
0.319108
0.31925
0.319454
0.319589
0.319788
0.319931
0.320126
0.320318
0.320461
0.320661
0.320796
0.321006
0.321146
0.32134
0.321548
0.321687
0.321881
0.322021
0.322222
0.322423
0.322566
0.322773
0.322911
0.323112
0.323257
0.323455
0.323649
0.323795
0.323998
0.324136
0.324347
0.32449
0.324688
0.324896
0.325039
0.325237
0.325437
0.325582
0.325785
0.325926
0.326139
0.326281
0.32648
0.326629
0.326833
0.327031
0.327175
0.327381
0.327585
0.327731
0.327943
0.328083
0.328289
0.328437
0.32864
0.328839
0.328986
0.329193
0.329334
0.329548
0.329759
0.329899
0.330109
0.330256
0.33046
0.330661
0.33081
0.331018
0.33116
0.331377
0.331524
0.331728
0.331942
0.332088
0.332293
0.332498
0.332647
0.332855
0.332998
0.333218
0.333365
0.33357
0.333786
0.333933
0.334138
0.334281
0.334496
0.334705
0.334848
0.335071
0.335218
0.335425
0.335643
0.33579
0.335997
0.336141
0.336357
0.336568
0.336712
0.336935
0.337084
0.337292
0.337511
0.33766
0.337868
0.338013
0.338231
0.338442
0.338588
0.338812
0.338962
0.339172
0.339391
0.339542
0.339752
0.339963
0.340117
0.34033
0.340476
0.3407
0.340852
0.341065
0.341283
0.341435
0.341648
0.341858
0.342014
0.34223
0.342377
0.3426
0.342821
0.342969
0.343186
0.343341
0.343557
0.343769
0.343923
0.344141
0.344288
0.34451
0.344735
0.344885
0.3451
0.345258
0.345476
0.345691
0.345842
0.346065
0.34628
0.34643
0.34666
0.346812
0.34703
0.347254
0.347408
0.347625
0.347772
0.347999
0.348218
0.348367
0.348595
0.348751
0.348971
0.349192
0.349349
0.349569
0.349787
0.349943
0.350166
0.350315
0.350538
0.350769
0.350922
0.351142
0.351301
0.351525
0.351746
0.351897
0.352125
0.352346
0.352497
0.352728
0.352885
0.353109
0.353333
0.353491
0.353714
0.353936
0.354093
0.354319
0.354468
0.354693
0.354928
0.355083
0.355307
0.355537
0.355693
0.355918
0.356068
0.3563
0.356525
0.356677
0.356907
0.35714
0.357296
0.357519
0.357681
0.357908
0.358135
0.35829
0.35852
0.358746
0.358898
0.359133
0.359292
0.359521
0.359749
0.359909
0.360137
0.360364
0.360523
0.360753
0.360906
0.361131
0.361371
0.361529
0.361759
0.361991
0.36215
0.362381
0.362607
0.362768
0.362999
0.363153
0.363381
0.363621
0.36378
0.36401
0.364244
0.364404
0.364637
0.364788
0.365026
0.365257
0.365412
0.365643
0.365884
0.366044
0.366274
0.366435
0.36667
0.366905
0.367058
0.367297
0.367529
0.367684
0.367917
0.368158
0.36832
0.36855
0.368712
0.368949
0.369186
0.369339
0.369579
0.369814
0.369969
0.370201
0.370445
0.370608
0.37084
0.371001
0.37124
0.37148
0.371632
0.371874
0.37211
0.372267
0.372497
0.372743
0.372907
0.373142
0.37338
0.373543
0.373785
0.373938
0.37418
0.374418
0.374577
0.374806
0.375053
0.375218
0.375457
0.375692
0.375857
0.376102
0.376258
0.376498
0.376738
0.376899
0.37713
0.377373
0.377539
0.377782
0.378015
0.378182
0.378429
0.378668
0.378826
0.379069
0.379312
0.379467
0.379703
0.379951
0.380118
0.380355
0.380518
0.380765
0.381011
0.381164
0.381411
0.381655
0.381814
0.382045
0.382295
0.382464
0.382707
0.382944
0.383113
0.383363
0.383521
0.383763
0.384008
0.384172
0.384408
0.384648
0.384817
0.385067
0.385305
0.38547
0.385723
0.385969
0.386123
0.386372
0.386621
0.38678
0.387013
0.387264
0.387435
0.387681
0.387918
0.38809
0.388344
0.388503
0.388746
0.388995
0.389161
0.3894
0.389637
0.389891
0.390063
0.390306
0.390467
0.390724
0.390976
0.391131
0.39138
0.391632
0.391795
0.392032
0.392276
0.392449
0.392702
0.392943
0.393111
0.39337
0.393619
0.393773
0.394026
0.39428
0.394441
0.394678
0.394927
0.395101
0.395352
0.395594
0.395766
0.396026
0.396274
0.39643
0.396685
0.396854
0.397099
0.397336
0.397588
0.397764
0.398015
0.398257
0.398433
0.398694
0.398855
0.399099
0.399356
0.399525
0.39977
0.400007
0.400261
0.400438
0.40069
0.400934
0.401112
0.401373
0.401533
0.401779
0.402038
0.402207
0.402453
0.402692
0.402945
0.403124
0.403377
0.403621
0.403801
0.404063
0.404224
0.404469
0.404731
0.4049
0.405148
0.405389
0.40564
0.405819
0.406075
0.406322
0.406499
0.406764
0.406927
0.407171
0.407434
0.407605
0.407855
0.408098
0.408347
0.408525
0.408784
0.409035
0.409206
0.409475
0.40973
0.409885
0.410146
0.41041
0.410573
0.410819
0.411065
0.41124
0.411504
0.411758
0.411922
0.412196
0.412456
0.412614
0.412867
0.413136
0.413302
0.413551
0.413793
0.414055
0.414232
0.414492
0.414741
0.414925
0.41519
0.415352
0.4156
0.41587
0.41604
0.416293
0.416539
0.416792
0.416969
0.417233
0.417489
0.41766
0.417933
0.418193
0.41835
0.418611
0.41888
0.419045
0.419296
0.41954
0.419714
0.419982
0.420245
0.420495
0.420682
0.420949
0.421112
0.42136
0.421634
0.421805
0.422061
0.42231
0.422563
0.422738
0.423007
0.423266
0.423434
0.423712
0.423975
0.424134
0.424393
0.424666
0.424834
0.425088
0.425336
0.4256
0.425772
0.426042
0.426298
0.426477
0.42675
0.426916
0.427168
0.427437
0.427708
0.427873
0.428127
0.428374
0.428551
0.42882
0.429087
0.429341
0.429528
0.429799
0.429963
0.430215
0.43049
0.430664
0.430924
0.431178
0.431429
0.431606
0.431877
0.432143
0.432301
0.432587
0.432858
0.433021
0.433274
0.433553
0.433725
0.433986
0.434241
0.434495
0.434672
0.434943
0.43521
0.43537
0.435657
0.435928
0.436091
0.436345
0.436625
0.436798
0.43706
0.437316
0.437571
0.437748
0.43802
0.438288
0.438446
0.438735
0.439009
0.439172
0.439427
0.439707
0.439881
0.440145
0.440402
0.440656
0.440834
0.441106
0.441377
0.441536
0.441823
0.442099
0.442264
0.442522
0.442798
0.442974
0.44324
0.4435
0.443754
0.44393
0.444201
0.444475
0.444738
0.444918
0.445199
0.445366
0.445627
0.445897
0.446177
0.446346
0.446608
0.446865
0.447135
0.447309
0.447583
0.44785
0.44802
0.448307
0.44858
0.448742
0.449003
0.449289
0.44946
0.449726
0.449986
0.450247
0.450426
0.450698
0.450972
0.451132
0.451422
0.451701
0.451867
0.452129
0.452407
0.452583
0.452854
0.453118
0.453377
0.453549
0.453826
0.4541
0.454369
0.454541
0.454829
0.455104
0.455266
0.45553
0.455817
0.455989
0.456258
0.45652
0.456782
0.456962
0.457234
0.457511
0.457672
0.457961
0.458244
0.458411
0.458677
0.458952
0.459236
0.459405
0.459672
0.459936
0.460208
0.460383
0.460657
0.460931
0.461093
0.461388
0.461669
0.461834
0.462099
0.462382
0.462557
0.462831
0.463099
0.463362
0.463535
0.463814
0.464089
0.464363
0.464531
0.464824
0.465104
0.465268
0.465533
0.465821
0.465995
0.466269
0.466537
0.4668
0.466977
0.467256
0.467532
0.467806
0.467977
0.468269
0.46855
0.468713
0.468979
0.469269
0.469443
0.469718
0.469986
0.470251
0.470429
0.470708
0.470985
0.471261
0.471431
0.471724
0.472006
0.472169
0.472437
0.472727
0.472901
0.473178
0.473448
0.473714
0.473891
0.474172
0.474448
0.474726
0.474892
0.475188
0.475472
0.475637
0.475907
0.476194
0.47637
0.476648
0.47692
0.477189
0.477362
0.477645
0.477921
0.478201
0.478362
0.478661
0.478949
0.479115
0.479389
0.47967
0.479848
0.480129
0.480404
0.480677
0.480842
0.481129
0.481407
0.481686
0.48185
0.482143
0.482435
0.482603
0.482881
0.483153
0.483448
0.48362
0.483898
0.484174
0.484444
0.484622
0.484903
0.485181
0.485349
0.48563
0.485928
0.486215
0.486381
0.486654
0.486943
0.487119
0.487401
0.487679
0.487952
0.488122
0.488409
0.488688
0.48897
0.489131
0.489428
0.489722
0.48989
0.490171
0.490445
0.490742
0.490913
0.491194
0.491474
0.491745
0.491923
0.492207
0.492484
0.492654
0.492933
0.493235
0.493525
0.493693
0.493971
0.494255
0.494433
0.494719
0.495
0.495279
0.495442
0.495733
0.496016
0.496296
0.496463
0.496751
0.49705
0.497222
0.497508
0.497782
0.498075
0.49825
0.498536
0.498821
0.499095
0.499265
0.499555
0.499837
0.500121
0.500284
0.500578
0.500877
0.501047
0.501334
0.501607
0.501905
0.502079
0.502365
0.502653
0.502925
0.503099
0.503389
0.503671
0.503957
0.504118
0.504415
0.504715
0.504884
0.505173
0.505445
0.505746
0.50592
0.506208
0.506497
0.506769
0.506944
0.507235
0.507518
0.507805
0.507966
0.508262
0.508563
0.508734
0.509025
0.509299
0.509598
0.509772
0.510063
0.510354
0.510628
0.5108
0.511093
0.511378
0.511664
0.511828
0.51212
0.512424
0.512595
0.512889
0.513167
0.513461
0.513637
0.513929
0.514224
0.514502
0.514667
0.514963
0.515251
0.515535
0.515703
0.515987
0.516295
0.516593
0.516765
0.517049
0.517334
0.517512
0.517808
0.518105
0.518389
0.518545
0.518845
0.519136
0.519422
0.519589
0.519868
0.520176
0.520478
0.520651
0.520943
0.521217
0.521524
0.521697
0.521996
0.522289
0.522563
0.522738
0.523033
0.523322
0.523612
0.523775
0.524066
0.524374
0.524547
0.524847
0.525131
0.525421
0.525598
0.525898
0.526199
0.526483
0.526641
0.526942
0.527235
0.527526
0.52769
0.527971
0.528279
0.528585
0.528759
0.529055
0.529333
0.529637
0.529813
0.530116
0.530413
0.53069
0.53086
0.531159
0.531451
0.531746
0.531907
0.53219
0.532504
0.532809
0.532985
0.533276
0.533556
0.533866
0.534042
0.534349
0.53464
0.534916
0.535093
0.535392
0.535686
0.53598
0.536139
0.53643
0.536743
0.537047
0.537224
0.537513
0.5378
0.537979
0.538287
0.538595
0.538883
0.539034
0.539341
0.53964
0.539937
0.540099
0.540388
0.540683
0.540997
0.541172
0.541479
0.541768
0.542057
0.542238
0.542547
0.542856
0.543145
0.543297
0.543605
0.543904
0.544205
0.544366
0.544655
0.54495
0.545265
0.545442
0.545751
0.546041
0.546329
0.546512
0.546824
0.547134
0.547424
0.547575
0.547884
0.548186
0.548488
0.54865
0.548939
0.549231
0.549549
0.549726
0.550039
0.550333
0.550616
0.550936
0.551114
0.551429
0.551723
0.552003
0.55218
0.552484
0.552789
0.553088
0.553242
0.553526
0.553848
0.554161
0.554343
0.554642
0.554926
0.555241
0.555421
0.55574
0.55604
0.556322
0.556492
0.556799
0.557105
0.557409
0.557565
0.557852
0.558162
0.558479
0.558663
0.558969
0.55926
0.559561
0.559745
0.560067
0.560374
0.560664
0.560819
0.561131
0.561437
0.561748
0.561908
0.562197
0.562491
0.562814
0.562995
0.563312
0.563611
0.563895
0.564223
0.564406
0.564725
0.565023
0.565306
0.56548
0.56579
0.566103
0.566408
0.566562
0.56685
0.567163
0.567483
0.567669
0.567979
0.568273
0.568577
0.568761
0.569089
0.569399
0.569692
0.569844
0.57016
0.570471
0.570787
0.570947
0.571238
0.571525
0.571853
0.572177
0.57236
0.572666
0.572957
0.573277
0.573462
0.573788
0.574094
0.574383
0.574546
0.574862
0.575179
0.575491
0.575648
0.575939
0.576236
0.576564
0.576751
0.577072
0.577376
0.577665
0.577855
0.578186
0.578509
0.578812
0.579099
0.57927
0.579585
0.579907
0.580218
0.580374
0.580665
0.580968
0.581296
0.581486
0.581806
0.58211
0.582406
0.582595
0.582931
0.583252
0.583554
0.583842
0.584016
0.584333
0.584659
0.584825
0.585125
0.585417
0.585721
0.586052
0.586243
0.586565
0.586871
0.587169
0.587358
0.587697
0.588019
0.588323
0.588613
0.588786
0.589106
0.589434
0.589601
0.589903
0.590196
0.590498
0.590831
0.591024
0.591349
0.591658
0.591954
0.592145
0.592487
0.592813
0.59312
0.593413
0.593581
0.593903
0.594235
0.594551
0.594708
0.595004
0.595297
0.595634
0.595828
0.596159
0.596473
0.596771
0.597105
0.5973
0.597632
0.597944
0.598241
0.598401
0.598727
0.599061
0.599382
0.599541
0.599841
0.600135
0.600462
0.600805
0.600993
0.601313
0.60162
0.601942
0.602137
0.602477
0.602795
0.603099
0.603247
0.603577
0.603912
0.60424
0.604403
0.604708
0.605004
0.605315
0.605655
0.605853
0.606181
0.606497
0.606803
0.606994
0.607346
0.607674
0.607985
0.60813
0.608453
0.608788
0.609124
0.609293
0.609603
0.609905
0.610201
0.610537
0.610735
0.611075
0.6114
0.611706
0.612038
0.612239
0.612579
0.6129
0.613206
0.613357
0.61369
0.614034
0.614364
0.614528
0.614837
0.615137
0.615446
0.615792
0.615993
0.616328
0.616649
0.616956
0.617151
0.617509
0.617842
0.618158
0.618306
0.618627
0.618968
0.61931
0.619637
0.619798
0.620105
0.620405
0.620731
0.621088
0.621281
0.621616
0.621931
0.622255
0.622458
0.622808
0.623138
0.623452
0.623596
0.623931
0.62428
0.624619
0.624788
0.625104
0.625412
0.625712
0.626051
0.626256
0.626604
0.626939
0.627251
0.627587
0.627796
0.628142
0.62847
0.628784
0.62893
0.629272
0.629626
0.629965
0.630132
0.630449
0.630757
0.631059
0.631406
0.631615
0.631965
0.632299
0.63261
0.632956
0.633168
0.633513
0.633842
0.634156
0.634307
0.634654
0.63501
0.635349
0.635516
0.635834
0.636145
0.636448
0.636801
0.637011
0.637364
0.637699
0.638011
0.638204
0.638577
0.638924
0.639254
0.63957
0.639722
0.640074
0.640432
0.640774
0.640941
0.641262
0.641575
0.64188
0.642234
0.642446
0.642804
0.643141
0.643456
0.643649
0.644025
0.644375
0.644708
0.645028
0.645177
0.645533
0.645895
0.64624
0.646409
0.646733
0.647049
0.647358
0.647704
0.647921
0.648284
0.648627
0.648947
0.649296
0.649514
0.649869
0.650207
0.650531
0.650677
0.651033
0.6514
0.65175
0.651922
0.65225
0.65257
0.652882
0.653219
0.653437
0.653807
0.654157
0.654483
0.654823
0.655044
0.655407
0.65575
0.65608
0.65623
0.656573
0.656948
0.657304
0.657479
0.657812
0.658137
0.658454
0.658778
0.659162
0.659373
0.659732
0.660067
0.660396
0.660617
0.660989
0.66134
0.661676
0.661831
0.662164
0.66254
0.662903
0.663253
0.663423
0.663753
0.664075
0.664391
0.664762
0.664981
0.665353
0.665698
0.666022
0.666231
0.666616
0.666976
0.667321
0.667481
0.667801
0.668176
0.668549
0.668907
0.669082
0.669418
0.669747
0.670068
0.670407
0.670804
0.671019
0.671377
0.671713
0.672058
0.672288
0.67266
0.673014
0.673354
0.673509
0.673856
0.674242
0.674609
0.67479
0.675134
0.675469
0.675797
0.676118
0.676504
0.676729
0.677103
0.677452
0.677781
0.678003
0.678391
0.678757
0.679106
0.679269
0.679596
0.679981
0.680361
0.680724
0.680902
0.681245
0.68158
0.681907
0.682248
0.682656
0.682876
0.683241
0.683584
0.683935
0.684169
0.684549
0.68491
0.685258
0.685417
0.685766
0.686161
0.686536
0.686722
0.687074
0.687416
0.687752
0.68808
0.688459
0.688694
0.689079
0.689438
0.689777
0.689991
0.69039
0.690766
0.691125
0.691472
0.691628
0.69201
0.6924
0.692774
0.692957
0.693309
0.693653
0.69399
0.694321
0.69473
0.694964
0.695343
0.695699
0.696039
0.696279
0.696673
0.697047
0.697405
0.697572
0.697912
0.698315
0.698703
0.699076
0.699258
0.699611
0.699957
0.700295
0.700643
0.700893
0.701297
0.701672
0.702026
0.702391
0.70263
0.703021
0.703395
0.703753
0.703919
0.704278
0.704685
0.705073
0.705265
0.705629
0.705984
0.706331
0.706672
0.707047
0.707297
0.707697
0.708071
0.708424
0.708633
0.709049
0.709439
0.709813
0.710173
0.710338
0.710718
0.711125
0.711513
0.711706
0.712072
0.712429
0.71278
0.713123
0.713519
0.713771
0.714169
0.714542
0.714895
0.715125
0.715539
0.71593
0.716306
0.716668
0.716833
0.717231
0.717638
0.718029
0.718222
0.71859
0.718951
0.719304
0.719651
0.720071
0.720318
0.720716
0.72109
0.721445
0.72169
0.722105
0.722498
0.722876
0.723054
0.723407
0.72382
0.724229
0.724622
0.724816
0.725188
0.725552
0.725909
0.726259
0.726699
0.726943
0.727342
0.727719
0.728076
0.728334
0.72875
0.729146
0.729527
0.729706
0.730062
0.730488
0.7309
0.731296
0.731492
0.731868
0.732236
0.732597
0.732953
0.733407
0.73365
0.734051
0.73443
0.7348
0.73506
0.735479
0.735878
0.736262
0.736444
0.736804
0.73724
0.737656
0.738056
0.738254
0.738634
0.739006
0.739371
0.739736
0.740008
0.740442
0.740847
0.741229
0.741611
0.741872
0.742294
0.742697
0.743086
0.743269
0.74364
0.74408
0.7445
0.744904
0.745105
0.74549
0.745866
0.746236
0.746609
0.746887
0.747325
0.747733
0.748119
0.748512
0.748774
0.749201
0.749608
0.750001
0.750187
0.750567
0.751012
0.751436
0.751845
0.752049
0.752438
0.75282
0.753194
0.753575
0.75386
0.754301
0.754713
0.755104
0.755507
0.755771
0.756202
0.756615
0.757012
0.757201
0.75759
0.75804
0.758468
0.758883
0.75909
0.759484
0.759871
0.760251
0.760639
0.76093
0.761375
0.761792
0.762188
0.762601
0.762867
0.763303
0.763721
0.764124
0.764316
0.764713
0.765168
0.765602
0.766022
0.766232
0.766632
0.767024
0.767409
0.767806
0.768102
0.768552
0.768974
0.769375
0.769798
0.770067
0.770508
0.770931
0.771339
0.771534
0.771941
0.772401
0.772841
0.773266
0.77348
0.773885
0.774283
0.774674
0.775085
0.775383
0.775837
0.776264
0.776669
0.777104
0.777376
0.777822
0.77825
0.778664
0.778862
0.77928
0.779745
0.78019
0.780621
0.780839
0.78125
0.781653
0.78205
0.782477
0.782776
0.783234
0.783666
0.784076
0.784524
0.784798
0.78525
0.785683
0.786102
0.786304
0.786734
0.787204
0.787655
0.787887
0.788313
0.78873
0.789139
0.789541
0.789988
0.790287
0.79075
0.791186
0.791601
0.791858
0.792341
0.792797
0.793236
0.79366
0.793865
0.79431
0.794785
0.795241
0.795476
0.795908
0.796331
0.796746
0.797154
0.797624
0.797922
0.798388
0.798829
0.799248
0.799522
0.800008
0.800469
0.800913
0.801342
0.801551
0.802013
0.802493
0.802954
0.803193
0.80363
0.804059
0.80448
0.804894
0.805391
0.805687
0.806156
0.8066
0.807023
0.807318
0.807807
0.808272
0.80872
0.809155
0.809366
0.809849
0.810333
0.8108
0.811042
0.811485
0.81192
0.812347
0.812767
0.813295
0.813588
0.814059
0.814506
0.81494
0.815252
0.815743
0.816212
0.816665
0.817104
0.81732
0.817826
0.818314
0.818785
0.81903
0.819479
0.819919
0.820352
0.820795
0.821128
0.821631
0.822103
0.822553
0.823021
0.82333
0.823823
0.824295
0.824752
0.824981
0.825437
0.825949
0.82644
0.826915
0.827164
0.827618
0.828064
0.828503
0.828993
0.829321
0.829822
0.830295
0.830746
0.831039
0.83156
0.832054
0.832529
0.83299
0.83322
0.833713
0.834226
0.83472
0.834982
0.83545
0.83591
0.836362
0.836807
0.837354
0.837671
0.838169
0.838641
0.839101
0.839429
0.839947
0.840442
0.84092
0.841384
0.841622
0.842151
0.842664
0.84316
0.843424
0.843897
0.844362
0.84482
0.845312
0.845657
0.846182
0.846676
0.847147
0.847661
0.847985
0.8485
0.848995
0.849475
0.849719
0.850221
0.850756
0.85127
0.851547
0.852034
0.852513
0.852983
0.85345
0.854012
0.854345
0.854862
0.855352
0.855835
0.856175
0.856712
0.857225
0.857721
0.858202
0.858461
0.859007
0.859538
0.860053
0.86033
0.860821
0.861304
0.86178
0.862316
0.862668
0.863207
0.863716
0.864201
0.864531
0.865089
0.865619
0.86613
0.866626
0.866881
0.867426
0.867975
0.868505
0.868793
0.869298
0.869793
0.870281
0.870802
0.871164
0.871725
0.872251
0.872752
0.873291
0.873642
0.874189
0.874715
0.875224
0.875491
0.876025
0.876592
0.877136
0.877665
0.877953
0.87846
0.87896
0.879487
0.880077
0.880427
0.880968
0.881483
0.882021
0.882384
0.882946
0.883485
0.884007
0.884514
0.884823
0.8854
0.885957
0.886499
0.886796
0.887315
0.887828
0.888369
0.888966
0.889325
0.889879
0.890406
0.890957
0.891328
0.891902
0.892452
0.892985
0.893503
0.893826
0.894412
0.894981
0.895534
0.89584
0.896371
0.896896
0.89746
0.898069
0.898433
0.898996
0.899532
0.900106
0.900485
0.901068
0.901628
0.902171
0.902698
0.903042
0.903641
0.904219
0.904782
0.905097
0.905637
0.906175
0.906774
0.907159
0.907762
0.90833
0.908873
0.909485
0.909869
0.910457
0.911025
0.911576
0.911895
0.91249
0.913098
0.913684
0.914017
0.914577
0.915133
0.915709
0.916334
0.91672
0.917322
0.917892
0.918476
0.918869
0.919489
0.920081
0.920654
0.921211
0.921569
0.922185
0.922795
0.923388
0.923727
0.924298
0.924866
0.925495
0.9259
0.926525
0.927123
0.927697
0.928332
0.928739
0.929356
0.929951
0.930528
0.93088
0.931498
0.932133
0.932746
0.933101
0.93369
0.934275
0.934908
0.935562
0.93596
0.936582
0.937172
0.937813
0.938229
0.938869
0.939483
0.940078
0.940435
0.94107
0.941714
0.942347
0.942963
0.943325
0.943927
0.944574
0.94524
0.945652
0.94629
0.946899
0.947553
0.947978
0.948637
0.949268
0.94988
0.950251
0.950903
0.951559
0.952209
0.952841
0.953221
0.953836
0.954511
0.955192
0.955616
0.956266
0.956888
0.95757
0.958007
0.958679
0.959325
0.95995
0.960348
0.961015
0.961686
0.96235
0.962997
0.963395
0.964047
0.964739
0.965438
0.965867
0.966526
0.967183
0.967882
0.968334
0.969014
0.96967
0.970307
0.970744
0.971425
0.972114
0.972789
0.973209
0.973863
0.97457
0.975277
0.975737
0.976422
0.977086
0.977799
0.978258
0.978974
0.979659
0.980322
0.980755
0.981459
0.982158
0.982861
0.983303
0.983984
0.984696
0.985423
0.985899
0.98661
0.987298
0.988016
0.988494
0.98923
0.989941
0.990629
0.991329
0.991798
0.992513
0.993237
0.993961
0.994406
0.995141
0.995888
0.99638
0.997112
0.99782
0.99856
0.999057
0.99981
1.00054
1.00125
1.00198
1.00247
1.0032
1.00395
1.0047
1.00516
1.00593
1.0067
1.0072
1.00795
1.00868
1.00946
1.00997
1.01074
1.01149
1.01222
1.01272
1.01349
1.01425
1.01503
1.01553
1.01629
1.01709
1.01787
1.0184
1.01916
1.01992
1.02073
1.02126
1.02205
1.02281
1.02358
1.02411
1.0249
1.02569
1.02649
1.027
1.02783
1.02864
1.02919
1.02998
1.03076
1.03159
1.03215
1.03296
1.03376
1.03454
1.0351
1.03591
1.03673
1.03756
1.0381
1.03895
1.03979
1.04036
1.04118
1.04199
1.04284
1.04342
1.04426
1.04509
1.0459
1.04649
1.04733
1.04819
1.04904
1.04961
1.05049
1.05136
1.05194
1.05278
1.05365
1.05453
1.05513
1.05599
1.05684
1.0577
1.05831
1.05919
1.06008
1.06067
1.06158
1.06248
1.06337
1.06398
1.06485
1.06577
1.0664
1.06729
1.06818
1.06906
1.0697
1.07062
1.07154
1.07244
1.0731
1.07404
1.07496
1.0756
1.0765
1.07745
1.07839
1.07904
1.07996
1.08087
1.08155
1.08251
1.08346
1.08439
1.0851
1.08607
1.08702
1.08769
1.08864
1.08963
1.09032
1.09127
1.09223
1.09319
1.09391
1.09491
1.09589
1.09659
1.09762
1.09862
1.0996
1.10029
1.10132
1.10233
1.10305
1.10404
1.10502
1.10606
1.10683
1.10786
1.10886
1.10965
1.1107
1.11173
1.11246
1.11352
1.11458
1.11534
1.11637
1.11739
1.11848
1.11929
1.12036
1.1214
1.12224
1.12333
1.1244
1.12517
1.12628
1.12739
1.12819
1.12926
1.13033
1.1312
1.13234
1.13344
1.13457
1.13544
1.13657
1.13768
1.13851
1.13968
1.14082
1.14166
1.14278
1.14396
1.14487
1.14604
1.14718
1.14812
1.14931
1.15047
1.15134
1.15256
1.15377
1.15466
1.15583
1.15706
1.15803
1.15925
1.16047
1.16145
1.16269
1.16391
1.16485
1.16612
1.16738
1.16833
1.16958
1.17089
1.1719
1.17317
1.17447
1.1755
1.1768
1.17808
1.17911
1.18044
1.18146
1.18277
1.18413
1.18521
1.18655
1.18792
1.189
1.19037
1.19172
1.19282
1.19421
1.19531
1.19671
1.19814
1.19927
1.20068
1.20214
1.20329
1.20473
1.20617
1.20734
1.20882
1.20999
1.2115
1.213
1.2142
1.21571
1.21694
1.21847
1.21998
1.22124
1.2228
1.22436
1.22565
1.22724
1.22852
1.23012
1.23144
1.23305
1.23466
1.23602
1.23768
1.23903
1.24073
1.24241
1.24378
1.2455
1.2469
1.24861
1.25035
1.25182
1.25357
1.25507
1.25686
1.25833
1.26016
1.26198
1.26349
1.26534
1.26693
1.2688
1.27041
1.27232
1.27391
1.27586
1.27781
1.27944
1.28145
1.28316
1.28517
1.28692
1.28896
1.29071
1.2928
1.29458
1.29671
1.29856
1.30071
1.3026
1.3048
1.3067
1.30895
1.3109
1.31321
1.3152
1.31754
1.31958
1.32195
1.32406
1.32649
1.32865
1.33114
1.33333
1.33588
1.33811
1.34042
1.34306
1.34542
1.34812
1.35052
1.3533
1.35575
1.3583
1.36117
1.3638
1.36674
1.36942
1.37213
1.37523
1.37804
1.38091
1.38414
1.3871
1.39011
1.39352
1.39664
1.39983
1.40338
1.40672
1.41011
1.41388
1.41741
1.42099
1.4247
1.4288
1.43266
1.43661
1.44067
1.44483
1.4491
1.45381
1.45832
1.46298
1.46776
1.47269
1.47778
1.48305
1.48851
1.49418
1.50004
1.50613
1.51251
1.51915
1.52578
1.53307
1.54074
1.54852
1.55996
1.57132
1.58208
1.59377
1.60657
1.61941
1.64157
1.65988
1.68274
1.70976
1.75011
1.92242
2.13649
