-23.0735 9.75885
3.29719
3.29633
3.29539
3.29441
3.29342
3.29248
3.29149
3.29053
3.28956
3.28857
3.28761
3.28663
3.28565
3.28467
3.28371
3.28274
3.28174
3.28079
3.27979
3.27883
3.27786
3.27689
3.2759
3.27492
3.27395
3.27299
3.272
3.27102
3.27005
3.26906
3.26811
3.26713
3.26615
3.26516
3.2642
3.26321
3.26223
3.26126
3.26029
3.25929
3.25833
3.25735
3.25637
3.25539
3.25439
3.25343
3.25246
3.25147
3.25049
3.24951
3.24853
3.24756
3.24658
3.24559
3.24459
3.24363
3.24264
3.24166
3.24068
3.2397
3.23872
3.23775
3.23675
3.23578
3.23478
3.23382
3.23283
3.23184
3.23086
3.22987
3.22889
3.22791
3.22694
3.22593
3.22496
3.22399
3.22299
3.222
3.22103
3.22004
3.21905
3.21806
3.21708
3.21609
3.21511
3.21413
3.21315
3.21217
3.21116
3.21019
3.20921
3.20821
3.20724
3.20624
3.20524
3.20425
3.20328
3.20229
3.2013
3.20031
3.19932
3.19833
3.19734
3.19636
3.19538
3.19436
3.19338
3.1924
3.19139
3.19041
3.18944
3.18843
3.18745
3.18645
3.18548
3.18448
3.18347
3.18251
3.18151
3.18051
3.17951
3.17852
3.17752
3.17653
3.17554
3.17454
3.17355
3.17256
3.17157
3.17058
3.16959
3.16861
3.16759
3.16661
3.16563
3.16461
3.16362
3.16264
3.16163
3.16065
3.15964
3.15866
3.15765
3.15664
3.15567
3.15466
3.15365
3.15267
3.15167
3.15067
3.14966
3.1487
3.14769
3.14669
3.14568
3.14468
3.14369
3.14269
3.14169
3.14069
3.13968
3.13869
3.1377
3.13671
3.13571
3.13468
3.13368
3.13269
3.1317
3.13068
3.12968
3.12869
3.1277
3.12667
3.12568
3.12469
3.12367
3.12268
3.12166
3.12068
3.11965
3.11867
3.11765
3.11667
3.11564
3.11466
3.11364
3.11266
3.11164
3.11062
3.10961
3.10862
3.1076
3.1066
3.10561
3.1046
3.10359
3.10257
3.10156
3.10058
3.09957
3.09855
3.09755
3.09653
3.09552
3.09451
3.09351
3.09252
3.09148
3.09051
3.08946
3.08846
3.08748
3.08644
3.08543
3.08442
3.08342
3.0824
3.0814
3.0804
3.07938
3.07838
3.07734
3.07633
3.07533
3.07433
3.07329
3.07228
3.07127
3.07028
3.06924
3.06823
3.06724
3.0662
3.06519
3.06419
3.06315
3.06215
3.06115
3.06011
3.05911
3.05811
3.05707
3.05607
3.05503
3.05404
3.053
3.052
3.05097
3.04996
3.04893
3.04793
3.0469
3.04587
3.04486
3.04383
3.04283
3.0418
3.0408
3.03977
3.03873
3.03774
3.0367
3.03568
3.03468
3.03364
3.03261
3.03161
3.03058
3.02954
3.02851
3.02751
3.02649
3.02546
3.02442
3.02343
3.0224
3.02136
3.02033
3.0193
3.0183
3.01727
3.01624
3.01521
3.01418
3.01314
3.01215
3.01113
3.0101
3.00905
3.00802
3.007
3.00597
3.00493
3.00391
3.00287
3.00184
3.00082
2.99978
2.99878
2.99776
2.99673
2.9957
2.99463
2.9936
2.9926
2.99157
2.99054
2.98951
2.98845
2.98741
2.98639
2.98536
2.98431
2.98329
2.98226
2.98123
2.9802
2.97917
2.97815
2.97707
2.97604
2.97501
2.97397
2.97295
2.97192
2.97089
2.96986
2.96879
2.96775
2.96673
2.9657
2.96467
2.96364
2.96257
2.96154
2.96051
2.95948
2.95841
2.95737
2.95634
2.95531
2.95428
2.9532
2.95217
2.95115
2.95012
2.94905
2.94801
2.94699
2.94591
2.94487
2.94384
2.94281
2.94174
2.94071
2.93968
2.9386
2.93758
2.93654
2.93546
2.93443
2.9334
2.93233
2.9313
2.93026
2.92919
2.92814
2.92713
2.92608
2.92502
2.92399
2.92291
2.92187
2.9208
2.91976
2.91873
2.91765
2.91662
2.91555
2.91451
2.91345
2.9124
2.91138
2.91029
2.90925
2.90819
2.90714
2.9061
2.90504
2.90398
2.90292
2.90188
2.9008
2.89977
2.89873
2.89765
2.8966
2.89554
2.8945
2.89343
2.89239
2.8913
2.89027
2.88917
2.88815
2.88707
2.88604
2.88495
2.8839
2.88283
2.88179
2.8807
2.87967
2.87859
2.87754
2.87645
2.87542
2.87434
2.87327
2.87221
2.87117
2.87009
2.869
2.86797
2.86688
2.86584
2.86475
2.86371
2.86262
2.86158
2.8605
2.85945
2.85836
2.85727
2.85623
2.85515
2.8541
2.853
2.85197
2.85088
2.8498
2.84874
2.84769
2.84661
2.84552
2.84443
2.84338
2.84232
2.84124
2.84015
2.83911
2.83802
2.83695
2.83587
2.83477
2.83373
2.83264
2.83157
2.83049
2.82939
2.82834
2.82725
2.82615
2.82511
2.824
2.82296
2.82186
2.82076
2.81972
2.81861
2.81754
2.81646
2.81536
2.81431
2.81321
2.81213
2.81105
2.80994
2.8089
2.80779
2.8067
2.83681
2.83578
2.83477
2.83369
2.83266
2.83164
2.8306
2.82954
2.82851
2.82746
2.8264
2.82537
2.82435
2.82327
2.82225
2.82121
2.82018
2.81911
2.81806
2.81705
2.81595
2.81492
2.81391
2.81286
2.81177
2.81074
2.80972
2.80864
2.80761
2.80654
2.80553
2.80444
2.8034
2.80238
2.80132
2.80026
2.79921
2.79818
2.79708
2.79605
2.79496
2.79392
2.79291
2.79184
2.79075
2.78972
2.78868
2.78759
2.78655
2.78549
2.78441
2.78337
2.78231
2.78129
2.78018
2.77915
2.77811
2.77704
2.77596
2.77491
2.77382
2.77277
2.77174
2.77068
2.76957
2.76855
2.76748
2.76638
2.76534
2.7643
2.76319
2.76215
2.76107
2.76004
2.75892
2.75788
2.75678
2.75576
2.75467
2.75361
2.75251
2.75145
2.75041
2.74935
2.74823
2.7472
2.74612
2.74501
2.74396
2.74291
2.7418
2.74074
2.73966
2.73862
2.7375
2.73644
2.73539
2.7343
2.7332
2.73213
2.73108
2.72996
2.72892
2.72782
2.72676
2.72564
2.72458
2.72347
2.72239
2.72132
2.72026
2.71913
2.71807
2.71701
2.71591
2.7148
2.71372
2.71266
2.71154
2.7105
2.70939
2.70831
2.70719
2.70611
2.70506
2.70395
2.70289
2.70175
2.70068
2.69956
2.69851
2.69738
2.69631
2.69524
2.6941
2.69302
2.69192
2.69086
2.68975
2.68862
2.68754
2.68645
2.68532
2.68427
2.68314
2.68206
2.68092
2.67983
2.67877
2.67764
2.67657
2.67542
2.67432
2.67324
2.67214
2.671
2.66989
2.6688
2.66771
2.66663
2.66547
2.66437
2.66327
2.66218
2.66106
2.65997
2.65881
2.65772
2.65663
2.6555
2.65436
2.6533
2.65215
2.65104
2.64995
2.64878
2.64767
2.64656
2.64547
2.64434
2.64325
2.64208
2.64096
2.63985
2.63875
2.63766
2.6365
2.63535
2.63428
2.63311
2.632
2.63089
2.62977
2.62865
2.62749
2.6264
2.62523
2.62412
2.62299
2.62187
2.62076
2.61963
2.61844
2.61732
2.61619
2.61506
2.61395
2.6128
2.61169
2.61054
2.60942
2.60824
2.60716
2.60596
2.60483
2.60371
2.60256
2.60145
2.60028
2.59917
2.598
2.59688
2.59572
2.5946
2.59345
2.59231
2.59111
2.58995
2.58881
2.58767
2.58653
2.58538
2.58425
2.58308
2.58195
2.58078
2.57964
2.57847
2.57733
2.57616
2.57502
2.57385
2.5727
2.57153
2.57038
2.56922
2.56806
2.5669
2.56574
2.56458
2.56341
2.56224
2.56108
2.55991
2.55874
2.55757
2.55641
2.55523
2.55406
2.55289
2.55178
2.5506
2.54943
2.54824
2.54708
2.54589
2.54471
2.54353
2.54235
2.54117
2.53998
2.53886
2.53768
2.53648
2.53531
2.53411
2.53292
2.53173
2.53058
2.52935
2.5282
2.52698
2.52582
2.52466
2.52344
2.52223
2.52105
2.5199
2.5187
2.51749
2.51628
2.51507
2.51388
2.51273
2.51152
2.51029
2.5091
2.50793
2.50669
2.50552
2.50432
2.5031
2.50194
2.50071
2.49949
2.49828
2.49712
2.49588
2.49465
2.49345
2.49227
2.49105
2.48982
2.4886
2.48742
2.48618
2.48501
2.48373
2.48254
2.48132
2.48012
2.47889
2.4777
2.47647
2.47521
2.47397
2.47276
2.47155
2.42223
2.42092
2.41969
2.41835
2.41707
2.41582
2.4145
2.41317
2.41195
2.4106
2.40931
2.40804
2.40672
2.40545
2.40413
2.40281
2.40154
2.40021
2.39888
2.39762
2.39626
2.39502
2.39368
2.39241
2.39105
2.38975
2.38844
2.3871
2.3858
2.38447
2.38321
2.38183
2.38055
2.37918
2.37791
2.37655
2.37525
2.37389
2.37261
2.37123
2.36994
2.36856
2.36728
2.36596
2.36461
2.36329
2.36191
2.36059
2.35922
2.35791
2.35653
2.3552
2.35389
2.35249
2.35118
2.3498
2.34847
2.34714
2.34581
2.34441
2.34307
2.34169
2.34033
2.33902
2.33768
2.33625
2.3349
2.33357
2.33221
2.3308
2.32945
2.32811
2.32669
2.32533
2.32397
2.3226
2.32125
2.3198
2.31845
2.31707
2.31573
2.31433
2.31291
2.31151
2.31015
2.30876
2.3074
2.30601
2.30455
2.30317
2.30178
2.30039
2.29899
2.2976
2.2962
2.29481
2.2934
2.292
2.29059
2.28919
2.28778
2.28637
2.28495
2.28346
2.28212
2.28069
2.27926
2.27783
2.27641
2.27496
2.27355
2.2721
2.27068
2.26921
2.26779
2.26633
2.2649
2.26353
2.26209
2.26061
2.25916
2.25769
2.25631
2.25484
2.25338
2.25192
2.25045
2.24899
2.24755
2.2461
2.2446
2.24313
2.24172
2.24024
2.23872
2.23724
2.23581
2.23432
2.23282
2.23138
2.22986
2.22843
2.22693
2.22541
2.22391
2.22242
2.22092
2.21947
2.21796
2.21647
2.21495
2.2135
2.21194
2.21045
2.20892
2.20745
2.20588
2.20441
2.20285
2.20137
2.19987
2.19832
2.19679
2.19523
2.19373
2.19216
2.19063
2.18914
2.18761
2.18602
2.1845
2.18296
2.18138
2.17982
2.1783
2.17676
2.17514
2.1736
2.17206
2.1705
2.16888
2.1673
2.16576
2.16418
2.16262
2.16104
2.15948
2.15788
2.15623
2.15464
2.15304
2.15146
2.14985
2.14826
2.14664
2.14505
2.1435
2.14182
2.14026
2.13858
2.13701
2.13538
2.13375
2.13209
2.13048
2.12888
2.12718
2.12559
2.12393
2.12225
2.12059
2.11898
2.11732
2.11563
2.11402
2.11233
2.11064
2.10901
2.10729
2.10563
2.10398
2.10226
2.1006
2.0989
2.09722
2.09549
2.09381
2.09207
2.09041
2.08866
2.08697
2.08527
2.08351
2.0818
2.08006
2.07832
2.07663
2.0749
2.0731
2.07137
2.06963
2.06789
2.06615
2.0644
2.06256
2.06081
2.05903
2.05728
2.05548
2.05372
2.05192
2.05014
2.04833
2.04653
2.04472
2.0429
2.04109
2.03925
2.03743
2.03564
2.03381
2.03194
2.03009
2.0283
2.02644
2.02453
2.02273
2.02084
2.01894
2.01711
2.01519
2.01336
2.01142
2.00959
2.00763
2.00578
2.00388
2.00192
2.00004
1.99812
1.99615
1.99422
1.99231
1.99037
1.98836
1.98641
1.98447
1.9825
1.98053
1.97855
1.97656
1.97457
1.97256
1.97055
1.96854
1.96651
1.96453
1.96251
1.96043
1.95839
1.95631
1.95429
1.95219
1.95017
1.94807
1.94601
1.94389
1.9418
1.93969
1.93759
1.93542
1.9333
1.93118
1.92905
1.92691
1.92469
1.92252
1.92036
1.91816
1.91598
1.91376
1.91155
1.90932
1.90716
1.90489
1.90261
1.90042
1.89813
1.89584
1.89355
1.89124
1.88897
1.8866
1.88429
1.88199
1.87965
1.87724
1.87488
1.8725
1.87012
1.8677
1.86528
1.86283
1.86039
1.85798
1.85549
1.85301
1.85054
1.84801
1.84551
1.84295
1.84041
1.83789
1.83532
1.83266
1.83006
1.8275
1.8248
1.82218
1.81951
1.81678
1.81414
1.81136
1.80866
1.80587
1.80309
1.80032
1.7975
1.79468
1.7918
1.78893
1.78599
1.78312
1.78013
1.91475
1.91192
1.90916
1.90627
1.90343
1.90049
1.89757
1.89466
1.89169
1.88871
1.88567
1.88261
1.8795
1.87633
1.87315
1.86999
1.86672
1.86348
1.8601
1.85677
1.85328
1.84986
1.84635
1.84281
1.83919
1.83552
1.83186
1.82804
1.82427
1.82029
1.81637
1.81233
1.80822
1.804
1.79982
1.7954
1.79097
1.78643
1.78178
1.77698
1.77212
1.76706
1.76191
1.75657
1.75116
1.74543
1.73962
1.73361
1.72727
1.72079
1.71391
1.70676
1.55209
1.5441
1.53554
1.52665
1.51695
1.50665
1.49532
1.48274
1.46868
1.45243
1.43276
1.40753
1.37004
1.25498
1.36118
1.39939
1.42371
1.44215
1.45744
1.47003
1.48093
1.49075
1.49958
1.50761
1.51499
1.522
1.52835
1.53429
1.53996
1.54528
1.5503
1.55509
1.55975
1.56418
1.56831
1.5724
1.57627
1.57998
1.58355
1.58703
1.59043
1.59367
1.59681
1.59991
1.60288
1.60571
1.60852
1.61123
1.61393
1.61649
1.61906
1.62147
1.62387
1.62623
1.6285
1.63077
1.63293
1.63508
1.63718
1.63923
1.64125
1.64321
1.64516
1.64703
1.64893
1.65075
1.65249
1.65427
1.65597
1.65768
1.65932
1.66099
1.66259
1.66414
1.66571
1.66725
1.66872
1.67026
1.67168
1.67309
1.67447
1.67591
1.67726
1.67864
1.67996
1.68123
1.68249
1.68381
1.68506
1.68626
1.68749
1.68869
1.68984
1.69103
1.69217
1.69329
1.69438
1.69553
1.69661
1.69764
1.69873
1.69977
1.70077
1.70185
1.70282
1.70378
1.70482
1.70577
1.7067
1.70766
1.70859
1.70949
1.71042
1.7113
1.71218
1.7131
1.71394
1.71477
1.71559
1.71647
1.71728
1.71812
1.71892
1.71969
1.72051
1.72127
1.72202
1.72283
1.72355
1.72427
1.72506
1.72577
1.72645
1.72719
1.72788
1.72856
1.72927
1.72994
1.73065
1.7313
1.73192
1.73261
1.73324
1.73385
1.73445
1.73511
1.73571
1.73629
1.73693
1.73751
1.73812
1.73869
1.73925
1.73985
1.7404
1.74099
1.74153
1.74204
1.74262
1.74313
1.74363
1.74421
1.74469
1.74517
1.74573
1.74621
1.74667
1.7472
1.74766
1.74819
1.74864
1.74908
1.74957
1.75003
1.75045
1.75093
1.75136
1.75183
1.75226
1.75266
1.75312
1.75352
1.75397
1.75436
1.75475
1.75518
1.75556
1.75599
1.75637
1.75673
1.75714
1.7575
1.75791
1.75826
1.7586
1.75899
1.75934
1.75972
1.76005
1.76037
1.76075
1.76107
1.76143
1.76175
1.76205
1.7624
1.7627
1.76305
1.76335
1.76363
1.76397
1.76425
1.76458
1.76487
1.76512
1.76545
1.76571
1.76602
1.76629
1.76653
1.76684
1.76708
1.76738
1.76762
1.76793
1.76815
1.76837
1.76866
1.76888
1.76918
1.76938
1.76967
1.76986
1.77014
1.77034
1.77053
1.7708
1.771
1.77124
1.77144
1.77168
1.77187
1.77205
1.77229
1.77246
1.77269
1.77286
1.7731
1.77326
1.77349
1.77364
1.77386
1.77402
1.77415
1.77438
1.77452
1.77472
1.77486
1.77506
1.7752
1.77533
1.77553
1.77565
1.77584
1.77595
1.77615
1.77626
1.77645
1.77656
1.77673
1.77684
1.777
1.77711
1.77729
1.77737
1.77755
1.77763
1.77779
1.77788
1.77803
1.77812
1.77819
1.77834
1.77841
1.77856
1.77862
1.77878
1.77883
1.77897
1.77904
1.77917
1.77922
1.77935
1.7794
1.77953
1.77957
1.7797
1.77975
1.77986
1.7799
1.78
1.78004
1.78016
1.78018
1.78029
1.78033
1.78042
1.78044
1.78054
1.78056
1.78066
1.78066
1.78076
1.78078
1.78086
1.78087
1.78095
1.78103
1.78104
1.7811
1.78111
1.78119
1.78118
1.78125
1.78124
1.7813
1.78129
1.78135
1.78134
1.78141
1.78138
1.78144
1.78142
1.78147
1.78144
1.78149
1.78153
1.78151
1.78154
1.78152
1.78156
1.78151
1.78155
1.78152
1.78155
1.78151
1.78153
1.78156
1.78152
1.78153
1.78149
1.78152
1.78145
1.78148
1.78142
1.78144
1.78145
1.78139
1.7814
1.78133
1.78133
1.78126
1.78128
1.78127
1.7812
1.78121
1.78112
1.78112
1.78105
1.78104
1.78104
1.78095
1.78094
1.78085
1.78084
1.78082
1.78074
1.78071
1.78062
1.7806
1.7805
1.78048
1.78046
1.78035
1.78033
1.78023
1.7802
1.78017
1.78006
1.78002
1.77991
1.77987
1.77983
1.77972
1.77967
1.77955
1.77952
1.77946
1.77935
1.7793
1.77925
1.77912
1.77908
1.77894
1.77889
1.77876
1.7787
1.77864
1.77851
1.77845
1.77838
1.77825
1.77819
1.77804
1.77798
1.77791
1.77776
1.77769
1.77761
1.77747
1.77739
1.77731
1.77716
1.77708
1.777
1.77685
1.77676
1.77668
1.77652
1.77643
1.77626
1.77618
1.77608
1.77592
1.77584
1.77573
1.77556
1.77548
1.77537
1.7752
1.77511
1.775
1.77482
1.77473
1.77461
1.77443
1.77433
1.77422
1.77403
1.77393
1.77381
1.77363
1.77352
1.7734
1.77321
1.7731
1.77297
1.77278
1.77266
1.77253
1.77241
1.77222
1.77209
1.77197
1.77177
1.77164
1.77151
1.7713
1.77117
1.77104
1.77083
1.7707
1.77056
1.77035
1.77022
1.77007
1.76993
1.76972
1.76957
1.76942
1.76921
1.76906
1.76891
1.76877
1.76854
1.76839
1.76825
1.76809
1.76786
1.76771
1.76755
1.76732
1.76717
1.76701
1.76685
1.76662
1.76646
1.76629
1.76605
1.7659
1.76573
1.76555
1.76532
1.76515
1.76497
1.76481
1.76456
1.76438
1.76422
1.76404
1.76378
1.76362
1.76344
1.76326
1.76301
1.76283
1.76264
1.76245
1.7622
1.76202
1.76182
1.76165
1.76145
1.76119
1.76101
1.76081
1.76063
1.76036
1.76017
1.75997
1.75977
1.75951
1.75931
1.7591
1.75891
1.75871
1.75843
1.75824
1.75804
1.75783
1.75762
1.75735
1.75714
1.75692
1.75672
1.75652
1.75623
1.75602
1.75581
1.7556
1.75538
1.75509
1.75487
1.75465
1.75444
1.75422
1.754
1.75371
1.75349
1.75327
1.75304
1.75282
1.75252
1.75229
1.75207
1.75184
1.75162
1.75139
1.75108
1.75085
1.75061
1.75038
1.75015
1.74992
1.74961
1.74938
1.74913
1.74889
1.74866
1.74842
1.7481
1.74786
1.74763
1.74738
1.74712
1.74689
1.74664
1.74632
1.74608
1.74583
1.74558
1.74532
1.74507
1.74483
1.74457
1.74425
1.744
1.74373
1.74347
1.74322
1.74297
1.74271
1.74238
1.74212
1.74185
1.74158
1.74133
1.74106
1.7408
1.74052
1.74027
1.73992
1.73965
1.73939
1.73913
1.73885
1.73857
1.73831
1.73804
1.73776
1.73749
1.73714
1.73686
1.73658
1.73631
1.73604
1.73575
1.73546
1.73519
1.73492
1.73463
1.73435
1.73406
1.73378
1.73341
1.73314
1.73285
1.73255
1.73226
1.73198
1.73169
1.7314
1.73109
1.73081
1.73053
1.73023
1.72993
1.72964
1.72934
1.72904
1.72867
1.72837
1.72807
1.72776
1.72747
1.72717
1.72686
1.72655
1.72626
1.72596
1.72564
1.72533
1.72503
1.72473
1.72442
1.7241
1.7238
1.72349
1.72317
1.72285
1.72255
1.72224
1.72192
1.72159
1.72128
1.72098
1.72066
1.72032
1.72001
1.7197
1.71938
1.71904
1.71873
1.71841
1.71809
1.71775
1.71743
1.71711
1.71678
1.71644
1.71612
1.7158
1.71547
1.71512
1.7148
1.71448
1.71414
1.71379
1.71347
1.71314
1.7128
1.71245
1.71213
1.7118
1.71145
1.7111
1.71078
1.71044
1.71009
1.70974
1.70941
1.70906
1.7088
1.70845
1.7081
1.70776
1.70742
1.70706
1.7067
1.70636
1.70603
1.70566
1.7053
1.70496
1.70462
1.70425
1.70389
1.70355
1.70327
1.70291
1.70256
1.70219
1.70183
1.70149
1.70111
1.70075
1.7004
1.70004
1.69967
1.69938
1.69902
1.69865
1.6983
1.69792
1.69754
1.69719
1.69683
1.69645
1.69608
1.69579
1.69542
1.69505
1.69467
1.69429
1.69393
1.69357
1.69318
1.69288
1.69251
1.69212
1.69176
1.69137
1.69098
1.69062
1.69024
1.68993
1.68955
1.68916
1.68878
1.68841
1.68801
1.68762
1.68732
1.68693
1.68655
1.68615
1.68575
1.68538
1.68499
1.68468
1.68428
1.68389
1.6835
1.68313
1.68279
1.68239
1.682
1.6816
1.68122
1.68081
1.68049
1.68009
1.67969
1.67931
1.67889
1.67848
1.67817
1.67776
1.67737
1.67695
1.67655
1.67623
1.67582
1.67542
1.675
1.67459
1.67427
1.67386
1.67346
1.67304
1.6727
1.67229
1.67188
1.67149
1.67105
1.67072
1.6703
1.66989
1.6695
1.66913
1.66872
1.6683
1.66788
1.66747
1.66712
1.6667
1.66627
1.66587
1.66551
1.6651
1.66466
1.66424
1.6639
1.66347
1.66306
1.66262
1.66227
1.66184
1.66141
1.66099
1.66063
1.6602
1.65976
1.65934
1.65898
1.65857
1.65811
1.65776
1.65732
1.65689
1.65646
1.6561
1.65566
1.65521
1.65486
1.65442
1.654
1.65362
1.65318
1.65273
1.6523
1.65193
1.6515
1.65104
1.65068
1.65023
1.64979
1.64942
1.64898
1.64852
1.64815
1.6477
1.64726
1.64688
1.64644
1.64598
1.64561
1.64516
1.64471
1.64433
1.64388
1.64342
1.64304
1.64259
1.64214
1.64175
1.64131
1.64083
1.64045
1.63999
1.63954
1.63915
1.63871
1.63831
1.63785
1.63737
1.637
1.63653
1.63608
1.63569
1.63521
1.63482
1.63436
1.6339
1.6335
1.63305
1.63256
1.63217
1.6317
1.63131
1.63084
1.63038
1.62998
1.6295
1.6291
1.62863
1.62816
1.62775
1.62729
1.62688
1.6264
1.626
1.62553
1.62505
1.62464
1.62418
1.62376
1.62328
1.62287
1.6224
1.62192
1.6215
1.62104
1.62062
1.62013
1.61972
1.61924
1.61876
1.61834
1.61787
1.61745
1.61695
1.61654
1.61605
1.61564
1.61515
1.61473
1.61426
1.61383
1.61333
1.61291
1.61243
1.61194
1.61151
1.61103
1.6106
1.6101
1.60968
1.60919
1.60876
1.60827
1.60784
1.60735
1.60692
1.60641
1.60599
1.60549
1.60507
1.60457
1.60413
1.60364
1.60321
1.60269
1.60226
1.60177
1.60133
1.60083
1.60039
1.59989
1.59946
1.59902
1.59851
1.59807
1.59757
1.59713
1.59662
1.59618
1.59568
1.59524
1.59479
1.59428
1.59384
1.59333
1.59289
1.59237
1.59192
1.59142
1.59098
1.59053
1.59001
1.58956
1.58905
1.5886
1.58808
1.58763
1.5872
1.58667
1.58622
1.58569
1.58524
1.58481
1.58428
1.58383
1.5833
1.58284
1.58241
1.58188
1.58142
1.58089
1.58043
1.57999
1.57946
1.579
1.57847
1.57801
1.57755
1.57703
1.57658
1.57611
1.57557
1.57511
1.57459
1.57412
1.57366
1.57313
1.57266
1.57221
1.57167
1.57121
1.57074
1.5702
1.56973
1.56928
1.56873
1.56827
1.5678
1.56726
1.56679
1.56633
1.56579
1.56532
1.56485
1.5643
1.56382
1.56337
1.56282
1.56234
1.56187
1.5614
1.56085
1.56037
1.55991
1.55936
1.55888
1.55841
1.55785
1.55737
1.55689
1.55643
1.55587
1.55539
1.55491
1.55436
1.55388
1.55339
1.55292
1.55237
1.55189
1.5514
1.55092
1.55036
1.54987
1.5494
1.54884
1.54835
1.54787
1.54738
1.54689
1.54633
1.54584
1.54536
1.54487
1.54431
1.54382
1.54333
1.54284
1.54227
1.54178
1.54129
1.54081
1.54032
1.53975
1.53925
1.53876
1.53826
1.53776
1.53719
1.5367
1.5362
1.53572
1.53522
1.53465
1.53415
1.53365
1.53316
1.53266
1.53208
1.53158
1.53107
1.53059
1.53009
1.52951
1.52901
1.5285
1.528
1.52749
1.52699
1.52648
1.52598
1.5254
1.52489
1.52439
1.52389
1.52338
1.52288
1.52229
1.52178
1.52128
1.52077
1.52026
1.51975
1.51924
1.51865
1.51814
1.51763
1.51711
1.51662
1.5161
1.51559
1.51508
1.51457
1.51398
1.51346
1.51294
1.51243
1.51191
1.51139
1.51087
1.51035
1.50984
1.50932
1.5088
1.50828
1.50776
1.50717
1.50665
1.50613
1.50561
1.50509
1.50456
1.50406
1.50353
1.50301
1.50249
1.50196
1.50144
1.50091
1.50039
1.49986
1.49933
1.49881
1.49828
1.49775
1.49723
1.49662
1.4961
1.49557
1.49504
1.49451
1.49398
1.49345
1.49292
1.49239
1.49186
1.49133
1.49079
1.49026
1.48973
1.4892
1.48866
1.48813
1.48759
1.48706
1.48652
1.48599
1.48545
1.48499
1.48446
1.48392
1.48338
1.48284
1.48231
1.48177
1.48123
1.48069
1.48015
1.47961
1.47907
1.47854
1.478
1.47745
1.47691
1.47637
1.47581
1.47527
1.47472
1.47425
1.47371
1.47317
1.47262
1.47208
1.47153
1.47099
1.47044
1.4699
1.46935
1.46881
1.46826
1.46772
1.46724
1.46669
1.46614
1.46559
1.46504
1.46449
1.46394
1.4634
1.46291
1.46236
1.46181
1.46125
1.4607
1.46014
1.45959
1.45911
1.45856
1.458
1.45745
1.4569
1.45634
1.45577
1.45529
1.45473
1.45418
1.45362
1.45307
1.45251
1.45196
1.45147
1.45091
1.45035
1.44979
1.44924
1.44874
1.44818
1.44762
1.44705
1.44649
1.446
1.44544
1.44489
1.44433
1.44374
1.44325
1.44269
1.44213
1.44157
1.44101
1.44052
1.43995
1.43938
1.43882
1.43833
1.43776
1.43718
1.43661
1.43612
1.43555
1.43499
1.43442
1.43391
1.43334
1.43277
1.43221
1.43171
1.43114
1.43057
1.43
1.4295
1.42893
1.42835
1.42785
1.42728
1.42671
1.42613
1.42562
1.42505
1.42448
1.42398
1.4234
1.42283
1.42226
1.42175
1.42116
1.42066
1.42008
1.41951
1.41893
1.41841
1.41784
1.41727
1.41676
1.41618
1.41561
1.41511
1.41451
1.414
1.41342
1.41285
1.41233
1.41174
1.41116
1.41066
1.41007
1.40949
1.40899
1.40839
1.4078
1.4073
1.40672
1.4062
1.4056
1.40503
1.40452
1.40393
1.40335
1.40283
1.40224
1.40172
1.40114
1.40063
1.40002
1.39944
1.39893
1.39834
1.39783
1.39723
1.39671
1.39612
1.39554
1.395
1.39442
1.39391
1.39331
1.3928
1.3922
1.3916
1.39109
1.3905
1.38996
1.38937
1.38886
1.38826
1.38775
1.38714
1.38662
1.38603
1.38551
1.3849
1.38438
1.38379
1.38327
1.38266
1.38213
1.38154
1.38102
1.38041
1.37989
1.37929
1.37877
1.37816
1.37763
1.37704
1.37651
1.3759
1.37538
1.37478
1.37426
1.37364
1.37312
1.37252
1.37197
1.37145
1.37085
1.37033
1.36971
1.36918
1.36858
1.36805
1.36744
1.36691
1.36639
1.36577
1.36524
1.36464
1.3641
1.36349
1.36296
1.36243
1.36181
1.36128
1.36068
1.36013
1.3596
1.359
1.35847
1.35792
1.35731
1.35678
1.35616
1.35563
1.3551
1.35447
1.35394
1.3534
1.35278
1.35225
1.35164
1.35109
1.35056
1.34995
1.3494
1.34886
1.34825
1.34772
1.34716
1.34655
1.346
1.34547
1.34486
1.3443
1.34376
1.34315
1.3426
1.34206
1.34152
1.3409
1.34036
1.33982
1.33919
1.33865
1.33811
1.33755
1.33694
1.3364
1.33584
1.33523
1.33467
1.33413
1.33359
1.33296
1.33242
1.33188
1.33132
1.3307
1.33016
1.3296
1.32906
1.32842
1.32788
1.32734
1.32678
1.32616
1.3256
1.32506
1.32451
1.32395
1.32333
1.32278
1.32222
1.32168
1.32111
1.32049
1.31995
1.31939
1.31884
1.31827
1.31765
1.31709
1.31654
1.31599
1.31543
1.31488
1.31424
1.31369
1.31314
1.31258
1.31203
1.31146
1.31091
1.31028
1.30973
1.30917
1.30861
1.30806
1.30749
1.30694
1.30637
1.30574
1.30519
1.30463
1.30407
1.3035
1.30295
1.30238
1.30183
1.30126
1.30063
1.30008
1.29951
1.29895
1.29838
1.29783
1.29726
1.2967
1.29613
1.29558
1.295
1.29445
1.29388
1.29332
1.29269
1.29212
1.29156
1.29099
1.29044
1.28986
1.2893
1.28873
1.28817
1.2876
1.28703
1.28646
1.28591
1.28533
1.28477
1.28419
1.28364
1.28306
1.2825
1.28192
1.28137
1.28079
1.28022
1.27965
1.27909
1.27851
1.27795
1.27737
1.27682
1.27624
1.27567
1.27516
1.27453
1.27403
1.27345
1.27288
1.2723
1.27174
1.27116
1.2706
1.27002
1.26945
1.26887
1.26831
1.26773
1.26716
1.26665
1.26609
1.26551
1.26493
1.26436
1.26378
1.26321
1.26263
1.26207
1.26156
1.26097
1.2604
1.25982
1.25925
1.25867
1.25811
1.25752
1.25702
1.25644
1.25586
1.25528
1.2547
1.25414
1.25362
1.25304
1.25247
1.25188
1.25131
1.25079
1.25023
1.24964
1.24905
1.24849
1.2479
1.2474
1.24681
1.24623
1.24565
1.24513
1.24457
1.24398
1.24339
1.24282
1.2423
1.24172
1.24115
1.24056
1.24005
1.23946
1.23887
1.2383
1.23778
1.23721
1.23661
1.2361
1.23553
1.23493
1.23434
1.23384
1.23325
1.23266
1.23209
1.23156
1.23097
1.2304
1.22988
1.22929
1.22871
1.22819
1.2276
1.22702
1.2265
1.22591
1.22533
1.22481
1.22421
1.22364
1.22311
1.22252
1.22195
1.22142
1.22082
1.22025
1.21972
1.21912
1.21855
1.21802
1.21742
1.21692
1.21632
1.21579
1.21522
1.21462
1.21409
1.21352
1.21299
1.21239
1.2118
1.21129
1.21069
1.21017
1.20958
1.20899
1.20846
1.20786
1.20735
1.20675
1.20622
1.20564
1.20511
1.20452
1.20392
1.2034
1.20281
1.20227
1.20174
1.20116
1.20056
1.20003
1.19944
1.19892
1.19832
1.19779
1.19719
1.19667
1.19607
1.19554
1.19495
1.19443
1.19383
1.19329
1.19276
1.19218
1.19164
1.19105
1.19051
1.18991
1.18939
1.18879
1.18826
1.18772
1.18713
1.1866
1.186
1.18546
1.18493
1.18434
1.18381
1.1832
1.18267
1.18214
1.18155
1.18101
1.18041
1.17987
1.17934
1.17875
1.17821
1.17767
1.17707
1.17653
1.17599
1.17541
1.17487
1.17427
1.17373
1.17319
1.1726
1.17206
1.17152
1.17091
1.17038
1.16984
1.1693
1.16871
1.16817
1.16763
1.16702
1.16648
1.16594
1.16535
1.16481
1.16427
1.16373
1.16312
1.16259
1.16204
1.1615
1.16091
1.16037
1.15983
1.15928
1.15868
1.15813
1.15759
1.15705
1.15646
1.15591
1.15537
1.15483
1.15429
1.15368
1.15313
1.15259
1.15204
1.1515
1.15091
1.15036
1.14982
1.14927
1.14873
1.14819
1.14764
1.14703
1.14648
1.14594
1.14539
1.14485
1.14432
1.14371
1.14316
1.14261
1.14207
1.14152
1.14097
1.14043
1.13988
1.13933
1.13879
1.13817
1.13762
1.13708
1.13653
1.13598
1.13543
1.13489
1.13433
1.13379
1.13324
1.13271
1.13216
1.13161
1.13106
1.13051
1.12996
1.12941
1.12886
1.12824
1.12769
1.12714
1.12659
1.12604
1.12549
1.12494
1.12446
1.1239
1.12335
1.1228
1.12225
1.1217
1.12114
1.1206
1.12004
1.11949
1.11893
1.11839
1.11781
1.11726
1.11671
1.11616
1.1156
1.11505
1.11449
1.114
1.11345
1.1129
1.11234
1.11179
1.11123
1.11068
1.11012
1.10957
1.10908
1.10852
1.10797
1.10741
1.10684
1.10628
1.10579
1.10524
1.10468
1.10412
1.10356
1.10301
1.10245
1.10196
1.1014
1.10085
1.10027
1.09977
1.09922
1.09866
1.0981
1.09754
1.09705
1.09649
1.09593
1.09535
1.09486
1.0943
1.09374
1.09318
1.09268
1.09213
1.09156
1.09099
1.09049
1.08993
1.08937
1.08881
1.08831
1.08775
1.08717
1.08668
1.08611
1.08555
1.08505
1.08449
1.08391
1.08341
1.08285
1.08229
1.08179
1.08122
1.08064
1.08014
1.07958
1.07908
1.07851
1.07795
1.07744
1.07687
1.07637
1.0758
1.07524
1.07472
1.07416
1.07365
1.07308
1.07252
1.072
1.07144
1.07093
1.07036
1.06985
1.06928
1.06878
1.06821
1.06769
1.06712
1.06662
1.06605
1.06548
1.06496
1.06439
1.06389
1.06332
1.06279
1.06229
1.06172
1.06121
1.06062
1.06012
1.05955
1.05903
1.05846
1.05795
1.05738
1.05685
1.05634
1.05577
1.05525
1.05467
1.05416
1.05366
1.05307
1.05256
1.05199
1.05146
1.05095
1.05038
1.04985
1.04934
1.04877
1.04824
1.04773
1.04715
1.04663
1.04611
1.04554
1.04501
1.0445
1.04392
1.04339
1.04288
1.0423
1.04177
1.04126
1.04068
1.04015
1.03964
1.03912
1.03853
1.03801
1.03748
1.03697
1.03639
1.03586
1.03534
1.03482
1.03429
1.03371
1.03318
1.03266
1.03214
1.03161
1.03103
1.0305
1.02998
1.02946
1.02892
1.0284
1.02781
1.02729
1.02675
1.02623
1.02571
1.02517
1.02465
1.02412
1.02353
1.023
1.02248
1.02195
1.02142
1.02089
1.02036
1.01983
1.01929
1.01877
1.01823
1.01765
1.01717
1.01658
1.01604
1.01552
1.01497
1.01445
1.01391
1.01338
1.01284
1.01231
1.01177
1.01125
1.0107
1.01018
1.00963
1.00911
1.00862
1.00809
1.00755
1.00702
1.00648
1.00595
1.0054
1.00487
1.00433
1.0038
1.00325
1.00271
1.00218
1.00169
1.00116
1.00061
1.00008
0.999532
0.998998
0.99851
0.997964
0.99743
0.996879
0.996347
0.995795
0.99531
0.994774
0.994221
0.993689
0.993135
0.992648
0.992111
0.991558
0.991022
0.990529
0.989981
0.989441
0.98889
0.988392
0.987857
0.987302
0.986766
0.986271
0.985714
0.985176
0.98468
0.984126
0.983587
0.983091
0.982532
0.981993
0.981495
0.980939
0.980398
0.9799
0.97934
0.978798
0.9783
0.97774
0.97726
0.976698
0.976141
0.975636
0.975094
0.974592
0.974031
0.973549
0.972984
0.972484
0.971919
0.971373
0.970871
0.970366
0.969806
0.969258
0.968752
0.96819
0.967681
0.967133
0.966629
0.966121
0.965557
0.965068
0.9645
0.963993
0.963426
0.962932
0.962366
0.961858
0.961347
0.96078
0.960289
0.959718
0.959207
0.958697
0.958127
0.957613
0.957118
0.956549
0.956036
0.955522
0.954951
0.954455
0.953942
0.953368
0.952853
0.952339
0.951823
0.951249
0.950748
0.950232
0.949658
0.949141
0.948624
0.948106
0.947587
0.947011
0.946509
0.94599
0.945471
0.944951
0.944372
0.943851
0.943331
0.94281
0.942287
0.941765
0.941185
0.940679
0.940155
0.939631
0.939107
0.938584
0.938059
0.937534
0.937009
0.936483
0.935899
0.935372
0.934845
0.934318
0.93379
0.933262
0.932734
0.932205
0.931676
0.931146
0.930616
0.930086
0.929555
0.929024
0.928492
0.92796
0.927428
0.926895
0.92642
0.925886
0.925353
0.924819
0.924285
0.923749
0.923214
0.922678
0.922142
0.921605
0.921124
0.920569
0.920031
0.919493
0.918955
0.918473
0.917933
0.917391
0.91685
0.91631
0.915826
0.915269
0.914725
0.914182
0.913696
0.913154
0.912612
0.912067
0.911578
0.911015
0.910471
0.909981
0.909432
0.908885
0.908396
0.907831
0.907281
0.90679
0.906243
0.905694
0.905199
0.904632
0.904137
0.903583
0.903089
0.902538
0.902022
0.90147
0.900919
0.90042
0.899848
0.899349
0.898791
0.898294
0.897718
0.897218
0.896664
0.89616
0.895642
0.89508
0.894577
0.894018
0.893496
0.892938
0.89243
0.891909
0.891344
0.890839
0.890312
0.889752
0.889242
0.888718
0.888149
0.887641
0.887111
0.886547
0.886034
0.885507
0.884936
0.884424
0.883893
0.88338
0.88281
0.882275
0.88176
0.881226
0.880711
0.880138
0.879601
0.879083
0.878547
0.878028
0.87749
0.876969
0.876393
0.875854
0.875331
0.874791
0.874267
0.873726
0.8732
0.872658
0.872132
0.871588
0.871062
0.870516
0.869988
0.869442
0.868913
0.868365
0.867835
0.867287
0.866755
0.866206
0.865672
0.865122
0.864642
0.864091
0.863556
0.863002
0.862447
0.86191
0.861355
0.860871
0.860316
0.859777
0.859219
0.858714
0.858174
0.857613
0.85707
0.85651
0.856002
0.855457
0.854895
0.854386
0.853838
0.853275
0.852763
0.852214
0.851649
0.851135
0.850584
0.850071
0.849501
0.848949
0.848434
0.847863
0.847345
0.846792
0.846269
0.845694
0.845174
0.844616
0.844095
0.843519
0.842995
0.842436
0.841907
0.841382
0.840803
0.840276
0.839713
0.839181
0.838653
0.838071
0.837538
0.837025
0.836438
0.835907
0.835371
0.834836
0.834249
0.833711
0.833192
0.832602
0.832064
0.831523
0.830984
0.830443
0.8299
0.829359
0.828762
0.828219
0.827674
0.827146
0.8266
0.826052
0.825504
0.824956
0.824406
0.823856
0.823305
0.822753
0.8222
0.821646
0.821092
0.820536
0.81998
0.819423
0.818865
0.818308
0.81773
0.81722
0.816661
0.816098
0.815535
0.814972
0.814458
0.813894
0.813328
0.812761
0.812193
0.811659
0.811088
0.810517
0.809998
0.809426
0.808853
0.80831
0.807736
0.807213
0.806636
0.806058
0.805511
0.804932
0.804404
0.803824
0.803294
0.802691
0.802157
0.801573
0.801037
0.800483
0.799896
0.799358
0.79875
0.798211
0.79767
0.797059
0.796517
0.795973
0.79536
0.794814
0.794267
0.793701
0.793103
0.792553
0.791984
0.791434
0.790861
0.790258
0.789703
0.789128
0.788571
0.787995
0.787437
0.786858
0.786296
0.785716
0.785153
0.784571
0.784005
0.78342
0.782853
0.782266
0.781697
0.781156
0.780585
0.779994
0.7794
0.778826
0.77823
0.777704
0.777105
0.776508
0.775928
0.775376
0.774774
0.77419
0.773636
0.77303
0.772493
0.771885
0.771324
0.770735
0.770122
0.76956
0.768947
0.7684
0.767785
0.767215
0.766645
0.766046
0.765474
0.764851
0.764276
0.763702
0.763096
0.762517
0.761937
0.761356
0.760775
0.760142
0.759557
0.75897
0.758382
0.757793
0.757223
0.756632
0.755991
0.755397
0.754801
0.754204
0.753606
0.753054
0.752453
0.751851
0.751247
0.750642
0.750015
0.749407
0.748845
0.748235
0.747622
0.747009
0.746441
0.745824
0.745206
0.744614
0.743993
0.743371
0.742795
0.74217
0.741569
0.740941
0.740358
0.739726
0.73912
0.738533
0.737899
0.737286
0.736648
0.736053
0.735438
0.734841
0.734197
0.733575
0.732973
0.732371
0.731745
0.731139
0.73051
0.729852
0.729266
0.728608
0.728018
0.727401
0.726762
0.726142
0.725499
0.724875
0.724229
0.723603
0.722999
0.722347
0.721715
0.721106
0.720449
0.719811
0.533233
0.532653
0.532185
0.531718
0.53113
0.530657
0.530185
0.529704
0.529227
0.528629
0.528145
0.527661
0.52717
0.526683
0.526186
0.525693
0.525193
0.524581
0.524078
0.523574
0.523067
0.522558
0.522046
0.521533
0.521015
0.52061
0.520088
0.519565
0.519038
0.518509
0.517979
0.517445
0.516909
0.516483
0.51594
0.515398
0.514851
0.514412
0.513863
0.513307
0.512861
0.512304
0.51174
0.511285
0.51072
0.510149
0.509685
0.50911
0.508644
0.508061
0.507586
0.507
0.506521
0.505929
0.505441
0.504952
0.504352
0.503856
0.503357
0.502749
0.502244
0.501736
0.501225
0.500603
0.500085
0.499565
0.499041
0.498514
0.497984
0.497344
0.496808
0.496268
0.495724
0.495178
0.494627
0.494074
0.493517
0.493061
0.492497
0.491929
0.491359
0.490784
0.490206
0.489728
0.489142
0.488553
0.487961
0.487469
0.486868
0.486366
0.485758
0.485148
0.484637
0.484015
0.483494
0.482868
0.482339
0.481804
0.481166
0.480624
0.480078
0.479427
0.478872
0.478313
0.477749
0.477182
0.476609
0.475932
0.47535
0.474764
0.474174
0.473579
0.472979
0.472474
0.471863
0.47125
0.47063
0.470007
0.469476
0.468842
0.468202
0.467656
0.467007
0.466352
0.465789
0.465124
0.464552
0.463972
0.46329
0.462699
0.462104
0.461406
0.460798
0.460184
0.459564
0.458938
0.458306
0.457668
0.457024
0.456374
0.455717
0.455054
0.454385
0.453802
0.453119
0.452429
0.451826
0.451123
0.450504
0.449787
0.449157
0.448516
0.447777
0.447123
0.44646
0.44579
0.445113
0.444426
0.443733
0.44303
0.442321
0.4416
0.440873
0.440228
0.439483
0.438819
0.438056
0.437373
0.436592
0.435891
0.435179
0.434458
0.433726
0.432984
0.432231
0.431469
0.430696
0.429999
0.429203
0.428397
0.427665
0.426921
0.42608
0.425313
0.424531
0.423738
0.422933
0.422113
0.42128
0.420519
0.419657
0.418867
0.417977
0.417156
0.41632
0.415468
0.4146
0.413716
0.412896
0.411977
0.411123
0.410169
0.409277
0.408366
0.407437
0.406566
0.405595
0.404602
0.403668
0.40271
0.401729
0.400724
0.399773
0.398718
0.397714
0.396682
0.395624
0.394535
0.393493
0.392418
0.391311
0.39017
0.388994
0.387856
0.38668
0.385537
0.384279
0.38305
0.381776
0.380525
0.379224
0.377869
0.376529
0.375129
0.373737
0.372276
0.370744
0.369205
0.367652
0.366011
0.364342
0.362637
0.360819
0.358945
0.357066
0.355036
0.352904
0.350711
0.348367
0.345902
0.343274
0.340429
0.337296
0.33395
0.330128
0.325777
0.320673
0.314276
0.305311
0.287869
0.380949
0.402073
0.414453
0.423568
0.43091
0.437119
0.442535
0.44736
0.451728
0.455727
