-23.0735 9.75885
8.09684
8.09097
8.08455
8.07771
8.0709
8.0644
8.05753
8.05089
8.04418
8.03738
8.03075
8.02401
8.01719
8.01047
8.00385
7.99716
7.99031
7.98377
7.97689
7.97032
7.9636
7.95694
7.95015
7.94344
7.93678
7.93019
7.92343
7.91675
7.91012
7.90333
7.8968
7.8901
7.88345
7.87666
7.87012
7.86339
7.85671
7.85007
7.84348
7.8367
7.83017
7.82347
7.81682
7.81018
7.8034
7.79683
7.79028
7.78356
7.77691
7.77026
7.76364
7.75707
7.75047
7.74375
7.73704
7.73053
7.72385
7.71722
7.7106
7.70401
7.69743
7.69088
7.68415
7.67763
7.67094
7.66449
7.65783
7.65119
7.64459
7.63798
7.63141
7.62486
7.61833
7.61159
7.60512
7.59862
7.59195
7.58529
7.57886
7.57221
7.56563
7.55904
7.55251
7.54592
7.53938
7.53288
7.52634
7.51983
7.51316
7.50668
7.50021
7.49358
7.48713
7.48055
7.47391
7.46736
7.46098
7.4544
7.44785
7.4413
7.43481
7.42826
7.42176
7.41527
7.4088
7.40212
7.39565
7.38925
7.38259
7.37616
7.36975
7.36314
7.35675
7.35015
7.34381
7.33724
7.33068
7.32435
7.31782
7.31129
7.30479
7.29829
7.29181
7.28533
7.27886
7.27239
7.26593
7.25947
7.25304
7.24663
7.24021
7.23383
7.22719
7.22083
7.21447
7.20791
7.20151
7.19513
7.1886
7.18227
7.17574
7.16944
7.16289
7.15641
7.15014
7.14361
7.13713
7.13082
7.1244
7.11793
7.11148
7.10529
7.09885
7.09242
7.08592
7.07956
7.07316
7.06676
7.06037
7.05398
7.04757
7.04124
7.03488
7.02857
7.02223
7.01566
7.00928
7.00298
6.99669
6.99018
6.98388
6.97754
6.97127
6.96477
6.95851
6.95221
6.94573
6.93947
6.933
6.92685
6.92033
6.91413
6.90767
6.90151
6.89506
6.88887
6.88245
6.87626
6.86986
6.86347
6.85711
6.85091
6.84451
6.83822
6.83204
6.8257
6.81935
6.81298
6.80668
6.80056
6.79425
6.78792
6.78167
6.77528
6.76898
6.76268
6.75646
6.75036
6.74387
6.73783
6.73133
6.72511
6.71905
6.71259
6.70637
6.70008
6.69388
6.6876
6.68145
6.67525
6.66897
6.66281
6.6564
6.65018
6.64399
6.63784
6.63144
6.62526
6.61906
6.61298
6.60656
6.60043
6.59433
6.58797
6.5818
6.57569
6.56934
6.56321
6.55715
6.55077
6.54469
6.53857
6.53224
6.52619
6.51987
6.51382
6.50751
6.50146
6.49519
6.4891
6.48285
6.47681
6.47053
6.46428
6.45822
6.452
6.44596
6.43973
6.43372
6.4275
6.42126
6.41528
6.40901
6.40289
6.39691
6.39066
6.38446
6.37853
6.37231
6.36612
6.35991
6.35397
6.34787
6.34171
6.33547
6.32959
6.32344
6.31728
6.31111
6.30499
6.29909
6.29298
6.28684
6.28071
6.27459
6.26845
6.2626
6.25655
6.25047
6.24426
6.23818
6.23218
6.22608
6.21996
6.21393
6.20782
6.20176
6.19576
6.18967
6.18384
6.17782
6.17178
6.16574
6.15948
6.15342
6.14763
6.14162
6.1356
6.1296
6.12336
6.11733
6.11137
6.10535
6.09929
6.09332
6.08733
6.08136
6.07544
6.06946
6.06354
6.05729
6.05131
6.04537
6.03938
6.03348
6.02752
6.02163
6.0157
6.00952
6.00351
5.99763
5.99173
5.98583
5.97991
5.97378
5.96786
5.962
5.95607
5.94994
5.94404
5.93814
5.93229
5.92643
5.92025
5.91441
5.90858
5.90271
5.89667
5.89075
5.88497
5.87882
5.87296
5.86714
5.86131
5.85523
5.8494
5.84364
5.83751
5.83173
5.82589
5.81982
5.81403
5.80827
5.80225
5.79642
5.79062
5.7846
5.77873
5.77311
5.76724
5.76128
5.75553
5.74949
5.74374
5.73776
5.73197
5.72623
5.72023
5.7145
5.70852
5.70279
5.69691
5.69108
5.68545
5.6794
5.67368
5.66778
5.66202
5.65632
5.65041
5.64461
5.63875
5.63306
5.62712
5.62145
5.61578
5.60985
5.60409
5.59828
5.59262
5.58672
5.58106
5.5751
5.56948
5.5635
5.55793
5.55204
5.54649
5.54052
5.53487
5.52902
5.52342
5.51751
5.51192
5.50608
5.50044
5.49453
5.489
5.48314
5.47736
5.47169
5.4661
5.46031
5.45442
5.44893
5.44303
5.43747
5.43163
5.4261
5.42026
5.41472
5.40892
5.40335
5.39752
5.39171
5.38621
5.38045
5.37488
5.36904
5.36357
5.35778
5.35205
5.3465
5.34093
5.33522
5.32945
5.32371
5.31821
5.31262
5.30695
5.30118
5.29575
5.29
5.28439
5.27876
5.27297
5.26756
5.26186
5.25625
5.25064
5.24486
5.23944
5.23375
5.22801
5.22263
5.21684
5.21149
5.20572
5.20005
5.19468
5.18893
5.1834
5.17781
5.17212
5.16678
5.16105
5.15549
5.14998
5.14426
5.13894
5.13325
5.12764
5.30517
5.29977
5.29454
5.28888
5.28353
5.2783
5.27287
5.26733
5.262
5.25661
5.25108
5.24576
5.24053
5.23488
5.22965
5.22429
5.219
5.21348
5.20811
5.20292
5.19724
5.19196
5.18684
5.18143
5.17583
5.1706
5.1654
5.15983
5.15458
5.14917
5.14405
5.13842
5.1332
5.12803
5.12264
5.11724
5.11191
5.10671
5.10112
5.09597
5.09041
5.08517
5.08011
5.07472
5.06918
5.06402
5.05881
5.05329
5.04809
5.04283
5.03738
5.0322
5.02691
5.02182
5.01625
5.01113
5.00598
5.00064
4.99523
4.99005
4.98462
4.97941
4.97433
4.96908
4.96355
4.95853
4.95325
4.94778
4.94266
4.93758
4.93209
4.92696
4.92166
4.91663
4.91112
4.90604
4.90062
4.89565
4.89034
4.88515
4.87977
4.8746
4.86958
4.86441
4.8589
4.85394
4.84869
4.84329
4.83822
4.83318
4.82773
4.82263
4.81741
4.81242
4.80697
4.80192
4.79691
4.79163
4.78631
4.78122
4.77622
4.77079
4.76585
4.76058
4.75557
4.75016
4.74514
4.7398
4.73465
4.72958
4.7246
4.7192
4.71418
4.70922
4.70397
4.69867
4.69362
4.68863
4.68332
4.67846
4.6732
4.66816
4.66284
4.65782
4.65292
4.6477
4.64275
4.63738
4.63241
4.62716
4.62233
4.61701
4.61204
4.60711
4.60174
4.59679
4.59167
4.58677
4.58167
4.57639
4.57142
4.56642
4.56116
4.5564
4.55117
4.54618
4.54092
4.53594
4.53113
4.52593
4.52107
4.51576
4.51073
4.50584
4.50083
4.49561
4.49056
4.48563
4.4807
4.47583
4.47053
4.4656
4.46058
4.45574
4.45065
4.4458
4.44051
4.43561
4.43076
4.42568
4.4205
4.41581
4.41065
4.40568
4.40086
4.39557
4.3906
4.38572
4.38091
4.37584
4.37104
4.3658
4.36083
4.35597
4.35108
4.3463
4.34119
4.33607
4.33142
4.32624
4.32135
4.3165
4.31162
4.3067
4.30157
4.29689
4.29174
4.28688
4.28197
4.2771
4.27234
4.26741
4.2622
4.25736
4.25248
4.24759
4.24283
4.23782
4.23307
4.22811
4.22333
4.21816
4.21361
4.20841
4.20357
4.1988
4.19391
4.18921
4.18417
4.17947
4.17446
4.16975
4.16479
4.16004
4.15518
4.15036
4.14522
4.14033
4.13553
4.1307
4.12592
4.12108
4.11638
4.11147
4.10674
4.1018
4.0971
4.09215
4.08746
4.08253
4.07781
4.07291
4.06817
4.06331
4.05854
4.05372
4.04894
4.04415
4.03934
4.03457
4.02976
4.02494
4.02017
4.01535
4.0106
4.00578
4.00103
3.99622
3.99146
3.98667
3.98226
3.97744
3.9727
3.96786
3.96314
3.95831
3.95356
3.94878
3.94398
3.93925
3.93445
3.93004
3.9253
3.92048
3.91578
3.91095
3.90619
3.90144
3.89693
3.89196
3.88742
3.8825
3.87796
3.87342
3.86853
3.86373
3.85908
3.85459
3.84987
3.84507
3.84032
3.83555
3.83087
3.82644
3.82168
3.81685
3.81221
3.8077
3.80282
3.79832
3.79364
3.78891
3.78448
3.77969
3.77494
3.77025
3.76588
3.76106
3.7563
3.75169
3.74722
3.74251
3.73782
3.7331
3.72866
3.72391
3.71953
3.71457
3.7101
3.70548
3.70096
3.69631
3.69183
3.6872
3.68239
3.67768
3.67314
3.66862
3.45394
3.44919
3.44486
3.43998
3.43542
3.43102
3.42626
3.42144
3.41721
3.41233
3.40774
3.4033
3.39857
3.39413
3.38946
3.38475
3.38035
3.37562
3.37089
3.36654
3.3617
3.35749
3.35273
3.34838
3.34357
3.33906
3.33452
3.32982
3.32535
3.32071
3.31646
3.3116
3.30724
3.30244
3.29818
3.29345
3.28906
3.28429
3.28006
3.27524
3.27093
3.2661
3.26185
3.25744
3.25284
3.24838
3.24365
3.2392
3.23456
3.23019
3.22548
3.22107
3.21672
3.21192
3.20763
3.20296
3.19857
3.19422
3.18983
3.18508
3.18068
3.1761
3.17157
3.16736
3.16297
3.15817
3.15377
3.14945
3.14504
3.14033
3.13596
3.13163
3.12692
3.12254
3.11818
3.11375
3.10943
3.10458
3.1003
3.09583
3.09162
3.08709
3.08247
3.07797
3.0737
3.06926
3.06497
3.06057
3.0558
3.05143
3.04704
3.04266
3.03827
3.0339
3.02949
3.02514
3.02072
3.01636
3.01194
3.00759
3.00317
2.99879
2.99436
2.9896
2.98559
2.98118
2.97674
2.97229
2.96793
2.96342
2.9591
2.95462
2.95029
2.94577
2.94144
2.93696
2.93262
2.9286
2.9242
2.91969
2.91527
2.9108
2.90674
2.90231
2.89789
2.89349
2.88909
2.8847
2.88046
2.87613
2.87158
2.86723
2.86315
2.85875
2.85413
2.84973
2.84561
2.84119
2.83677
2.83262
2.82809
2.82402
2.81958
2.81508
2.8107
2.8064
2.802
2.79789
2.7935
2.78924
2.78479
2.78073
2.77614
2.77194
2.76748
2.76336
2.75879
2.75467
2.75015
2.74603
2.74181
2.73737
2.73305
2.7286
2.72442
2.71991
2.71564
2.71159
2.70729
2.70275
2.69857
2.69432
2.68982
2.68549
2.68137
2.67711
2.67254
2.66834
2.66415
2.65987
2.65532
2.65097
2.64681
2.64248
2.6383
2.63397
2.62977
2.62544
2.62081
2.61651
2.61222
2.60796
2.60362
2.59939
2.595
2.59077
2.58675
2.58214
2.57811
2.57352
2.56946
2.56514
2.56081
2.55637
2.55216
2.54806
2.54343
2.53938
2.53501
2.53052
2.5262
2.5221
2.51774
2.51333
2.50924
2.5048
2.50043
2.49632
2.49179
2.48755
2.48338
2.4789
2.47471
2.47035
2.46615
2.46165
2.45745
2.45294
2.44886
2.44433
2.44015
2.43593
2.43139
2.42713
2.42275
2.4184
2.4143
2.41002
2.40542
2.40115
2.39688
2.39261
2.38832
2.38405
2.37936
2.37512
2.37075
2.36652
2.3621
2.35787
2.35343
2.34913
2.34473
2.34036
2.33599
2.33161
2.32723
2.32275
2.31839
2.31419
2.30983
2.30528
2.30089
2.29675
2.29232
2.28767
2.28353
2.27902
2.27448
2.27027
2.26564
2.2615
2.25684
2.2527
2.24797
2.24381
2.2394
2.23477
2.23048
2.22608
2.22145
2.21701
2.21267
2.20825
2.20352
2.19908
2.19467
2.19021
2.18573
2.18126
2.17672
2.17223
2.16768
2.16314
2.15861
2.154
2.14969
2.14516
2.14043
2.13591
2.13117
2.12679
2.12206
2.11771
2.11299
2.10851
2.10378
2.09922
2.09456
2.09
2.08512
2.08053
2.07597
2.07135
2.06674
2.06179
2.05708
2.05246
2.0477
2.04305
2.03824
2.03351
2.02871
2.02425
2.01933
2.01441
2.00989
2.00497
2.00009
1.99527
1.99033
1.98562
1.98054
1.97574
1.97097
1.96612
1.96095
1.95604
1.95113
1.94618
1.94115
1.93614
1.93101
1.92599
1.92112
1.91595
1.91083
1.90584
1.90058
1.89551
1.89026
1.88509
1.88007
1.87487
1.86933
1.86407
1.85906
1.85346
1.84827
1.8429
1.83736
1.83222
1.82654
1.82123
1.81559
1.81008
1.80463
1.79903
1.79349
1.78774
1.78214
1.77625
1.7707
1.76477
2.12056
2.11444
2.10864
2.10238
2.09644
2.0901
2.08391
2.07783
2.07161
2.0654
2.05898
2.05258
2.04606
2.03938
2.03271
2.02625
2.0194
2.01279
2.00566
1.99888
1.99148
1.98455
1.97731
1.97008
1.96262
1.95509
1.94776
1.93987
1.93232
1.92406
1.91622
1.90801
1.89974
1.89114
1.88292
1.87392
1.86506
1.856
1.84669
1.83706
1.82744
1.81724
1.80705
1.79636
1.78577
1.77424
1.7628
1.75102
1.73839
1.72575
1.71213
1.69805
1.33482
1.32004
1.30397
1.28767
1.26953
1.2506
1.22957
1.2061
1.18004
1.14984
1.11297
1.06573
0.995253
0.777817
0.978507
1.05163
1.09844
1.134
1.16357
1.18795
1.2092
1.22835
1.24553
1.26129
1.27574
1.28942
1.30185
1.3136
1.32474
1.33515
1.34501
1.35443
1.3637
1.37243
1.38052
1.38874
1.39631
1.40365
1.41068
1.41763
1.42436
1.43072
1.43691
1.44313
1.44901
1.45459
1.46023
1.46559
1.47088
1.47592
1.48109
1.48588
1.49059
1.49534
1.49983
1.50427
1.50852
1.51285
1.51701
1.52101
1.5251
1.52895
1.53275
1.53641
1.54025
1.54385
1.54725
1.55083
1.55418
1.55748
1.56069
1.56407
1.56721
1.57021
1.57338
1.57639
1.57922
1.58237
1.58509
1.58783
1.59052
1.59341
1.59603
1.59881
1.6014
1.60381
1.60621
1.60893
1.61131
1.6136
1.61608
1.61842
1.62059
1.623
1.62519
1.62731
1.62938
1.63168
1.63377
1.63572
1.6379
1.63989
1.64173
1.64397
1.64575
1.64756
1.64969
1.65146
1.65318
1.65511
1.65689
1.65854
1.66042
1.66208
1.66367
1.66557
1.66707
1.66862
1.67014
1.67192
1.67339
1.67507
1.67658
1.67797
1.6796
1.68101
1.68235
1.68401
1.68527
1.68657
1.68819
1.68945
1.69067
1.69213
1.69341
1.69461
1.69602
1.69724
1.69863
1.69983
1.70088
1.70226
1.70339
1.70443
1.70549
1.7068
1.70785
1.70886
1.71014
1.71113
1.71234
1.71336
1.71431
1.71549
1.71645
1.7176
1.71856
1.7194
1.72053
1.72143
1.72224
1.72341
1.72418
1.72497
1.72612
1.72687
1.72764
1.72867
1.72945
1.73051
1.73122
1.73192
1.73288
1.73365
1.73432
1.73528
1.73594
1.73685
1.73758
1.73819
1.73908
1.73971
1.74057
1.74123
1.74182
1.74265
1.74325
1.74406
1.74467
1.74521
1.746
1.74655
1.74732
1.74788
1.74838
1.74912
1.74964
1.75036
1.75088
1.75133
1.75204
1.75251
1.7532
1.75367
1.75409
1.75476
1.75519
1.75583
1.75627
1.75665
1.75729
1.75767
1.75828
1.7587
1.75902
1.75964
1.75996
1.76055
1.76093
1.76122
1.76181
1.76209
1.76264
1.76297
1.76357
1.7638
1.76406
1.7646
1.76485
1.76544
1.76562
1.76621
1.76638
1.7669
1.76715
1.76729
1.76784
1.76803
1.76848
1.76869
1.76912
1.76934
1.76949
1.76995
1.77008
1.77049
1.77068
1.77114
1.77123
1.77169
1.77177
1.77219
1.77233
1.77237
1.77282
1.77292
1.77327
1.77336
1.7737
1.77382
1.77388
1.77424
1.77429
1.77463
1.77466
1.77506
1.77504
1.77541
1.77545
1.77575
1.77576
1.77604
1.77609
1.77642
1.77637
1.77672
1.77667
1.77695
1.77696
1.7772
1.7772
1.77716
1.77742
1.77737
1.77761
1.77756
1.77786
1.77774
1.77801
1.77796
1.77818
1.77808
1.77829
1.77821
1.77848
1.77832
1.77857
1.77848
1.77866
1.77853
1.7787
1.77861
1.77884
1.77865
1.77886
1.77874
1.7789
1.77874
1.77889
1.77875
1.77895
1.77873
1.77891
1.77876
1.7789
1.77871
1.77884
1.77898
1.77882
1.7789
1.77874
1.77888
1.77866
1.77879
1.77857
1.77866
1.77845
1.77852
1.77832
1.77845
1.77817
1.77828
1.77807
1.77814
1.77789
1.77796
1.77803
1.77779
1.77782
1.77759
1.77768
1.77736
1.77743
1.77719
1.77723
1.77694
1.77697
1.77701
1.77674
1.77673
1.77646
1.77652
1.77617
1.77622
1.77593
1.77594
1.77596
1.77564
1.77563
1.77531
1.77529
1.77497
1.77501
1.77495
1.77463
1.77465
1.77426
1.77426
1.77394
1.77391
1.77389
1.77353
1.77349
1.77313
1.77308
1.77304
1.7727
1.77261
1.77226
1.77223
1.77181
1.77178
1.77175
1.77134
1.77127
1.77091
1.77084
1.77076
1.77037
1.77029
1.76987
1.76979
1.7697
1.7693
1.76919
1.76878
1.76872
1.76859
1.76818
1.7681
1.76797
1.76755
1.76747
1.76699
1.7669
1.76648
1.76635
1.76622
1.76581
1.76568
1.76554
1.76511
1.76498
1.76451
1.76439
1.76425
1.76377
1.76363
1.76349
1.76302
1.76286
1.76271
1.76225
1.76208
1.76192
1.76145
1.76127
1.76112
1.76065
1.76045
1.75996
1.75982
1.75962
1.75912
1.75898
1.75876
1.75826
1.75811
1.75789
1.75739
1.75723
1.757
1.75649
1.75632
1.7561
1.75558
1.7554
1.75517
1.75465
1.75446
1.75423
1.75369
1.75351
1.75327
1.75273
1.75254
1.75229
1.75174
1.75154
1.75129
1.75107
1.75054
1.75028
1.75006
1.74951
1.74927
1.74903
1.74847
1.74823
1.74799
1.74743
1.74718
1.74694
1.74635
1.74612
1.74585
1.74557
1.74502
1.74475
1.74446
1.74391
1.74363
1.74334
1.74311
1.7425
1.74221
1.74196
1.74166
1.74106
1.74082
1.74051
1.73991
1.73965
1.73934
1.73906
1.73846
1.73818
1.73789
1.73726
1.737
1.73668
1.73635
1.73577
1.73545
1.73512
1.73485
1.73421
1.73389
1.73361
1.73328
1.73264
1.73235
1.73203
1.73172
1.73109
1.73078
1.73044
1.73008
1.72948
1.72913
1.72878
1.72848
1.72813
1.72748
1.72718
1.72682
1.7265
1.72585
1.72553
1.72516
1.72479
1.72416
1.7238
1.72343
1.72311
1.72275
1.72207
1.72174
1.7214
1.72105
1.72066
1.72001
1.71963
1.71925
1.71891
1.71856
1.71785
1.71751
1.71714
1.71678
1.71638
1.71572
1.71533
1.71492
1.71458
1.71419
1.71382
1.71314
1.71277
1.71237
1.71195
1.71161
1.71088
1.71047
1.71012
1.70972
1.70934
1.70896
1.70825
1.70782
1.7074
1.70703
1.70663
1.70623
1.70553
1.70515
1.70471
1.70427
1.70389
1.7035
1.70275
1.70236
1.70197
1.70153
1.70108
1.7007
1.70029
1.69953
1.69913
1.69873
1.69828
1.69782
1.69743
1.69702
1.69658
1.69585
1.69545
1.69497
1.69451
1.69411
1.6937
1.69325
1.69251
1.69208
1.69161
1.69114
1.69074
1.69031
1.68987
1.68938
1.68897
1.6882
1.68773
1.68732
1.68689
1.6864
1.68591
1.68549
1.68507
1.6846
1.68414
1.68337
1.68289
1.68241
1.68199
1.68155
1.68105
1.68055
1.68012
1.67968
1.67921
1.67872
1.67826
1.67778
1.67697
1.67653
1.67607
1.67556
1.67506
1.67462
1.67416
1.67365
1.67314
1.67269
1.67223
1.67175
1.67124
1.67076
1.67028
1.66978
1.66899
1.66851
1.66798
1.66748
1.66703
1.66655
1.66601
1.66549
1.66503
1.66456
1.66402
1.66349
1.66303
1.66255
1.66202
1.66147
1.66101
1.66054
1.66
1.65945
1.65897
1.6585
1.65796
1.6574
1.65692
1.65644
1.65591
1.65534
1.65486
1.65437
1.65384
1.65327
1.65278
1.65228
1.65175
1.65117
1.65068
1.65019
1.64965
1.64907
1.64857
1.64808
1.64752
1.64694
1.64645
1.64596
1.64538
1.64481
1.64431
1.64381
1.64323
1.64266
1.64216
1.64166
1.64106
1.64049
1.64
1.63948
1.63888
1.63833
1.63782
1.63726
1.63702
1.63647
1.63591
1.63535
1.63482
1.63426
1.63365
1.63313
1.63263
1.63201
1.63142
1.63091
1.63039
1.62977
1.6292
1.62867
1.62842
1.62785
1.6273
1.62669
1.62613
1.62561
1.62499
1.62439
1.62387
1.62333
1.6227
1.62245
1.62188
1.6213
1.62074
1.62015
1.61952
1.61899
1.61846
1.61781
1.61722
1.61699
1.61639
1.61582
1.61522
1.61459
1.61405
1.61352
1.61286
1.61259
1.61201
1.61141
1.61085
1.61022
1.60959
1.60905
1.60848
1.60816
1.60758
1.60695
1.60636
1.60582
1.60515
1.60454
1.60429
1.60367
1.60309
1.60245
1.60181
1.60126
1.60066
1.60035
1.59975
1.5991
1.59851
1.59799
1.59759
1.597
1.59636
1.59575
1.59521
1.59451
1.59421
1.5936
1.59297
1.59242
1.59173
1.5911
1.59081
1.59018
1.58961
1.58892
1.58829
1.58801
1.58737
1.58679
1.5861
1.58546
1.58517
1.58453
1.58395
1.58325
1.58294
1.58231
1.58167
1.5811
1.58039
1.58008
1.57943
1.5788
1.57824
1.57783
1.57721
1.57653
1.57591
1.57529
1.57493
1.57429
1.5736
1.57302
1.57266
1.57203
1.57134
1.57068
1.57037
1.56971
1.56913
1.5684
1.56808
1.5674
1.56676
1.56612
1.56576
1.56509
1.5644
1.5638
1.56343
1.56282
1.56209
1.56176
1.56107
1.56044
1.55978
1.55942
1.55873
1.55805
1.55772
1.55705
1.55644
1.55602
1.55536
1.55464
1.55403
1.55364
1.55302
1.55228
1.55193
1.55124
1.5506
1.55021
1.54956
1.54884
1.54848
1.54779
1.54713
1.54675
1.54609
1.54537
1.545
1.54431
1.54365
1.54326
1.5426
1.54187
1.54151
1.5408
1.54014
1.53974
1.53909
1.53834
1.53798
1.53727
1.53661
1.53619
1.53556
1.53511
1.53442
1.53369
1.53334
1.53263
1.53198
1.53155
1.53083
1.53043
1.52973
1.52905
1.52863
1.52798
1.52722
1.52683
1.52611
1.52573
1.52501
1.52435
1.52392
1.52318
1.52278
1.52206
1.52138
1.52094
1.52028
1.51983
1.51911
1.51869
1.51798
1.51729
1.51685
1.51618
1.51573
1.515
1.51458
1.51386
1.51317
1.51272
1.51204
1.51159
1.51085
1.51043
1.5097
1.509
1.50855
1.50787
1.50743
1.50667
1.50625
1.50551
1.5051
1.50436
1.50393
1.50324
1.50276
1.50203
1.50158
1.50086
1.50014
1.49968
1.49898
1.49854
1.49777
1.49733
1.4966
1.49616
1.49544
1.49496
1.49426
1.49381
1.49303
1.49259
1.49185
1.49141
1.49068
1.4902
1.48949
1.48904
1.48826
1.48781
1.48707
1.48661
1.48587
1.4854
1.48468
1.48424
1.48375
1.48299
1.48252
1.48177
1.48133
1.48058
1.48009
1.47936
1.47891
1.47842
1.47765
1.47719
1.47642
1.47597
1.47522
1.47472
1.47399
1.47353
1.47303
1.47226
1.47179
1.47103
1.47056
1.46979
1.46931
1.46886
1.46809
1.46761
1.46681
1.46633
1.46589
1.46509
1.46462
1.46385
1.46335
1.4629
1.46212
1.46163
1.46083
1.46034
1.45989
1.45909
1.45861
1.45782
1.45733
1.45683
1.45608
1.4556
1.45509
1.45429
1.45379
1.45303
1.45252
1.45204
1.45124
1.45074
1.45027
1.44947
1.44899
1.44848
1.44767
1.44716
1.4467
1.44588
1.44539
1.44488
1.44408
1.44356
1.44309
1.44228
1.44179
1.44127
1.44046
1.43994
1.43946
1.43865
1.43814
1.43763
1.43711
1.43631
1.43578
1.4353
1.43449
1.43399
1.43346
1.43264
1.43211
1.43159
1.43111
1.43028
1.42977
1.42923
1.42842
1.4279
1.42737
1.42687
1.42605
1.42553
1.42501
1.42448
1.42365
1.42311
1.42261
1.4218
1.42126
1.42073
1.42019
1.41965
1.41883
1.4183
1.41779
1.41725
1.41642
1.41589
1.41537
1.41482
1.41399
1.41344
1.41289
1.41238
1.41185
1.41101
1.41046
1.40991
1.40936
1.40882
1.40799
1.40745
1.40689
1.40637
1.40582
1.40498
1.40443
1.4039
1.40335
1.4028
1.40195
1.40139
1.40083
1.4003
1.39975
1.39892
1.39836
1.39779
1.39723
1.39667
1.3961
1.39554
1.39498
1.39414
1.39359
1.39302
1.39248
1.39192
1.39135
1.39049
1.38993
1.38937
1.38881
1.38826
1.38769
1.38712
1.38626
1.38568
1.38511
1.38453
1.38399
1.38342
1.38285
1.38228
1.38171
1.38085
1.38027
1.37969
1.37911
1.37853
1.37795
1.37736
1.37678
1.3762
1.37562
1.37503
1.37445
1.37387
1.373
1.37242
1.37184
1.37126
1.37068
1.3701
1.36953
1.36895
1.36836
1.36777
1.36718
1.36658
1.36599
1.3654
1.3648
1.36421
1.36362
1.36302
1.36243
1.36183
1.36095
1.36036
1.35976
1.35916
1.35857
1.35797
1.35737
1.35677
1.35617
1.35557
1.35497
1.35436
1.35376
1.35316
1.35255
1.35195
1.35134
1.35074
1.35013
1.34952
1.34891
1.3483
1.34798
1.34737
1.34676
1.34615
1.34554
1.34492
1.34431
1.3437
1.34309
1.34248
1.34186
1.34125
1.34064
1.34002
1.33941
1.33879
1.33817
1.33751
1.33689
1.33626
1.33592
1.33529
1.33467
1.33405
1.33342
1.3328
1.33218
1.33156
1.33094
1.33032
1.3297
1.32908
1.32845
1.3281
1.32746
1.32683
1.3262
1.32556
1.32493
1.3243
1.32367
1.3233
1.32267
1.32204
1.3214
1.32075
1.3201
1.31945
1.31909
1.31845
1.31782
1.31719
1.31656
1.31591
1.31522
1.31485
1.31421
1.31357
1.31293
1.31229
1.31166
1.31103
1.31065
1.30999
1.30934
1.3087
1.30806
1.30767
1.30703
1.30636
1.30569
1.30503
1.30465
1.30401
1.30336
1.30272
1.30201
1.30162
1.30097
1.30032
1.29968
1.29904
1.29865
1.29798
1.29732
1.29667
1.29629
1.29562
1.29493
1.29425
1.29386
1.2932
1.29256
1.29188
1.29144
1.29078
1.29012
1.28947
1.28908
1.2884
1.28774
1.28708
1.28667
1.28599
1.28529
1.28489
1.28422
1.28357
1.28287
1.28243
1.28177
1.28111
1.28072
1.28003
1.27935
1.27869
1.27827
1.27757
1.27714
1.27647
1.27581
1.27511
1.27466
1.27398
1.27332
1.27291
1.27222
1.27154
1.27114
1.27042
1.26998
1.2693
1.26863
1.26819
1.26747
1.26679
1.26639
1.26569
1.265
1.26459
1.26388
1.26316
1.26274
1.26206
1.26161
1.26089
1.26021
1.25979
1.25909
1.2584
1.25796
1.25723
1.2568
1.25611
1.25567
1.25493
1.25426
1.25382
1.25312
1.25269
1.25197
1.25151
1.25081
1.25011
1.24962
1.24893
1.24851
1.24779
1.24736
1.24663
1.2459
1.24546
1.24476
1.24426
1.24357
1.24314
1.24242
1.24198
1.24124
1.24077
1.24007
1.23961
1.23887
1.23843
1.23771
1.23727
1.23653
1.23606
1.23535
1.23488
1.23413
1.23369
1.23297
1.23252
1.23177
1.2313
1.23058
1.23011
1.22937
1.22892
1.22819
1.22774
1.22697
1.22651
1.22578
1.22527
1.22483
1.2241
1.22364
1.22288
1.2224
1.22167
1.22119
1.22045
1.21998
1.21951
1.21875
1.21827
1.21753
1.21705
1.2163
1.21583
1.21536
1.21458
1.21411
1.21336
1.21285
1.21239
1.21164
1.21117
1.21065
1.20992
1.20942
1.20867
1.20819
1.2077
1.20693
1.20644
1.20595
1.20517
1.2047
1.20395
1.20343
1.20294
1.20219
1.20167
1.20118
1.20043
1.19994
1.19942
1.19866
1.19814
1.19765
1.1969
1.19637
1.19588
1.19512
1.1946
1.1941
1.19361
1.19281
1.19232
1.19181
1.19103
1.19053
1.19003
1.18949
1.18873
1.18822
1.18769
1.18693
1.18639
1.18589
1.18538
1.18459
1.18409
1.18357
1.18303
1.18226
1.18175
1.18122
1.18071
1.1799
1.17939
1.17887
1.17833
1.17756
1.17701
1.1765
1.17598
1.17543
1.17466
1.17414
1.1736
1.17307
1.17252
1.17175
1.17122
1.17068
1.17015
1.16959
1.16882
1.16826
1.16774
1.16721
1.16665
1.16613
1.16531
1.16478
1.16426
1.1637
1.16316
1.1626
1.16207
1.16126
1.16073
1.16018
1.15963
1.15909
1.15852
1.15799
1.15742
1.15663
1.1561
1.15553
1.15498
1.15442
1.15388
1.1533
1.15277
1.15219
1.15139
1.15086
1.15028
1.14972
1.14915
1.14861
1.14803
1.14748
1.14691
1.14636
1.14578
1.14523
1.14465
1.14409
1.1433
1.14272
1.14215
1.14157
1.14103
1.14044
1.13987
1.13929
1.13875
1.13815
1.13758
1.137
1.13645
1.13586
1.13528
1.1347
1.13415
1.13355
1.13297
1.13239
1.13184
1.13123
1.13065
1.13006
1.12952
1.12891
1.12833
1.12773
1.12719
1.12658
1.12599
1.12564
1.12484
1.12448
1.12387
1.12329
1.12269
1.12211
1.12152
1.12094
1.12033
1.11974
1.11914
1.11858
1.11796
1.11737
1.117
1.11644
1.11582
1.11521
1.11463
1.11401
1.11341
1.1128
1.11224
1.11187
1.11124
1.11065
1.11004
1.10943
1.10882
1.10826
1.10763
1.10727
1.10665
1.10603
1.10542
1.1048
1.10424
1.10385
1.10322
1.10262
1.10199
1.10138
1.101
1.10042
1.09977
1.09915
1.09857
1.09793
1.09756
1.09693
1.0963
1.09568
1.09529
1.09471
1.09405
1.09342
1.09284
1.09243
1.09179
1.09119
1.09055
1.09017
1.08953
1.08889
1.08827
1.08787
1.08727
1.08661
1.08621
1.08562
1.08495
1.08431
1.08395
1.08329
1.08264
1.08205
1.08162
1.08097
1.08037
1.07995
1.07929
1.07869
1.07827
1.07761
1.07699
1.07658
1.07591
1.0753
1.07488
1.07421
1.0736
1.07317
1.0725
1.07189
1.07146
1.07079
1.07018
1.06974
1.06907
1.06845
1.06801
1.06734
1.06696
1.06628
1.06585
1.06523
1.06454
1.06411
1.06349
1.06304
1.06238
1.06172
1.06131
1.06065
1.06021
1.05956
1.0589
1.05844
1.05776
1.05737
1.05667
1.05623
1.0556
1.05515
1.05448
1.05381
1.05338
1.05271
1.05225
1.0518
1.05116
1.05046
1.05002
1.04935
1.04892
1.04825
1.04778
1.04708
1.04667
1.04597
1.04553
1.04485
1.04441
1.04374
1.04326
1.0428
1.04214
1.04168
1.041
1.04054
1.03983
1.0394
1.0387
1.03824
1.03778
1.03711
1.03665
1.03593
1.03547
1.03501
1.03433
1.03387
1.03316
1.03269
1.03223
1.03154
1.03108
1.03036
1.02989
1.02942
1.02874
1.02826
1.02777
1.02708
1.0266
1.0261
1.02543
1.02495
1.02424
1.02376
1.02326
1.02259
1.0221
1.02162
1.02089
1.02042
1.01992
1.01943
1.01874
1.01825
1.01777
1.01704
1.01655
1.01605
1.01536
1.01487
1.01437
1.01388
1.01315
1.01266
1.01215
1.01165
1.01096
1.01045
1.00996
1.00945
1.00873
1.00822
1.00771
1.00721
1.00651
1.006
1.00549
1.00498
1.00447
1.00374
1.00323
1.00272
1.0022
1.00169
1.00099
1.00047
0.999952
0.999437
0.998923
0.998407
0.997886
0.997143
0.996629
0.996101
0.995584
0.995055
0.99457
0.993823
0.993297
0.992773
0.992245
0.991721
0.991196
0.990667
0.990145
0.989607
0.98908
0.988326
0.987795
0.987267
0.986729
0.986204
0.985657
0.985133
0.984584
0.984058
0.983509
0.983014
0.982465
0.981936
0.981386
0.980852
0.980304
0.979766
0.979219
0.978458
0.977911
0.977367
0.97682
0.976274
0.975725
0.975178
0.974845
0.974298
0.973743
0.973197
0.972638
0.972093
0.971529
0.970987
0.970418
0.969878
0.969304
0.968764
0.968157
0.967618
0.96704
0.966492
0.965922
0.965362
0.964802
0.96445
0.963894
0.96332
0.962759
0.96219
0.961621
0.961058
0.960485
0.959917
0.959566
0.958984
0.958431
0.957838
0.957253
0.956665
0.956307
0.955739
0.955152
0.954577
0.954004
0.95342
0.952842
0.952483
0.951887
0.951331
0.950696
0.950331
0.949755
0.949159
0.948573
0.947997
0.947619
0.947021
0.946459
0.945815
0.945442
0.944856
0.944259
0.943664
0.943286
0.942702
0.942089
0.941476
0.941096
0.940488
0.939888
0.939294
0.938915
0.938297
0.937677
0.937291
0.936681
0.936075
0.93568
0.935098
0.93444
0.934046
0.933438
0.932842
0.93244
0.931816
0.931186
0.930786
0.930175
0.929769
0.929146
0.928554
0.928112
0.92749
0.927081
0.926456
0.925859
0.925412
0.924789
0.924375
0.923744
0.92314
0.922688
0.92207
0.921652
0.921014
0.920572
0.919942
0.919527
0.918914
0.918448
0.917815
0.917391
0.916752
0.916134
0.915671
0.915041
0.914623
0.913974
0.913514
0.913083
0.912437
0.912017
0.911339
0.910908
0.910278
0.909803
0.909163
0.90873
0.908074
0.907607
0.907166
0.906511
0.906045
0.905393
0.904946
0.904511
0.903823
0.903377
0.902734
0.902247
0.9018
0.901149
0.900661
0.90021
0.899557
0.899066
0.898613
0.897956
0.897462
0.897007
0.896348
0.895851
0.895393
0.894731
0.894232
0.893771
0.893106
0.892606
0.892142
0.891474
0.89097
0.890499
0.890033
0.889326
0.888852
0.888351
0.887882
0.887202
0.8867
0.886224
0.885743
0.885234
0.884553
0.884042
0.883559
0.883077
0.882565
0.881877
0.881366
0.88088
0.88039
0.879872
0.879384
0.878661
0.878169
0.877649
0.877159
0.876662
0.876136
0.875642
0.875115
0.874417
0.873887
0.873387
0.872887
0.872358
0.871853
0.871325
0.870816
0.870277
0.869773
0.869239
0.868533
0.868184
0.867476
0.86694
0.866428
0.865878
0.865364
0.864824
0.864309
0.863755
0.863237
0.862694
0.862175
0.861615
0.861094
0.860549
0.860027
0.859657
0.859134
0.858584
0.858054
0.857487
0.856963
0.856403
0.855869
0.855307
0.854774
0.854201
0.853644
0.853111
0.852724
0.852191
0.851624
0.851081
0.850511
0.849964
0.849581
0.849018
0.848467
0.847884
0.847342
0.846754
0.846381
0.845826
0.845236
0.84469
0.844097
0.843719
0.843157
0.842565
0.842008
0.841608
0.841031
0.840462
0.839874
0.839459
0.838903
0.838304
0.837746
0.837338
0.836732
0.836166
0.835754
0.835158
0.834587
0.834176
0.83356
0.83299
0.83257
0.831968
0.831392
0.830971
0.830354
0.829771
0.829352
0.828733
0.828353
0.827727
0.827116
0.826673
0.82609
0.825657
0.825035
0.824645
0.824011
0.823582
0.822944
0.822349
0.821914
0.821468
0.82085
0.820246
0.819798
0.819169
0.818711
0.818109
0.817666
0.81721
0.816577
0.816161
0.815513
0.81506
0.814416
0.813983
0.81334
0.812885
0.812419
0.811772
0.81135
0.810692
0.810224
0.809761
0.809105
0.808629
0.808191
0.807537
0.807066
0.806588
0.805928
0.805489
0.805013
0.804342
0.803862
0.803383
0.802899
0.802229
0.801771
0.801286
0.800616
0.800127
0.79964
0.799146
0.798653
0.797975
0.797515
0.797019
0.796524
0.796022
0.795336
0.794836
0.794335
0.793831
0.793324
0.792818
0.792127
0.791652
0.79114
0.790628
0.790115
0.789603
0.789089
0.788573
0.788054
0.787535
0.786832
0.786311
0.785789
0.785265
0.78474
0.784213
0.783686
0.783156
0.782626
0.782094
0.781561
0.781027
0.780491
0.779954
0.779416
0.778876
0.778336
0.777794
0.777432
0.776888
0.776343
0.775797
0.77525
0.7747
0.774149
0.773597
0.773043
0.772486
0.772108
0.771516
0.770957
0.770398
0.769838
0.769454
0.768886
0.768316
0.767748
0.76718
0.766793
0.766191
0.765614
0.765038
0.764642
0.76407
0.763498
0.762918
0.762511
0.761893
0.761313
0.760905
0.760312
0.759724
0.759317
0.758692
0.758097
0.757683
0.757097
0.756501
0.756077
0.755446
0.755021
0.754412
0.753988
0.75339
0.752918
0.752316
0.751716
0.751278
0.750633
0.750192
0.749573
0.74914
0.748482
0.748043
0.747432
0.74698
0.746503
0.745869
0.74542
0.744794
0.744304
0.743684
0.743221
0.742733
0.742089
0.741634
0.741129
0.740501
0.740031
0.739534
0.738881
0.738415
0.737902
0.737264
0.736784
0.736276
0.735617
0.73514
0.734623
0.734143
0.733486
0.732959
0.732472
0.731946
0.73146
0.730795
0.73026
0.729765
0.729233
0.728734
0.728197
0.727693
0.727018
0.726479
0.72597
0.725426
0.724913
0.724369
0.723852
0.723301
0.722783
0.722229
0.721709
0.721149
0.720626
0.720066
0.719538
0.718971
0.718441
0.717877
0.71734
0.71677
0.71623
0.715657
0.715284
0.714708
0.714164
0.71358
0.712995
0.712447
0.711861
0.711474
0.710887
0.710333
0.709737
0.709309
0.708748
0.708146
0.707579
0.70698
0.706541
0.705968
0.705364
0.70492
0.704341
0.703732
0.703283
0.702699
0.702084
0.701629
0.701041
0.700587
0.69996
0.699368
0.69891
0.698279
0.697811
0.697218
0.696735
0.696097
0.695622
0.695013
0.694539
0.693896
0.693412
0.692803
0.692305
0.691818
0.691166
0.690674
0.690056
0.689548
0.689053
0.688393
0.687886
0.687419
0.686744
0.686245
0.685726
0.685212
0.684539
0.68402
0.683537
0.682853
0.682334
0.681802
0.681281
0.680749
0.680216
0.679684
0.678985
0.678451
0.677909
0.677403
0.676859
0.676313
0.675765
0.675215
0.674663
0.674109
0.673552
0.672994
0.672433
0.67187
0.671304
0.670737
0.670167
0.669597
0.669023
0.668449
0.667835
0.667409
0.666832
0.666244
0.665658
0.665072
0.664634
0.664045
0.663449
0.66285
0.66225
0.661774
0.661165
0.660557
0.66011
0.659498
0.658885
0.658384
0.65777
0.65731
0.656685
0.656062
0.655549
0.654922
0.65445
0.653817
0.65334
0.65266
0.652173
0.651533
0.651039
0.65051
0.649862
0.649362
0.648673
0.648171
0.647665
0.646968
0.646458
0.645944
0.64524
0.644723
0.644201
0.643642
0.642967
0.642437
0.641872
0.641343
0.640767
0.640078
0.639539
0.638957
0.63841
0.637828
0.637277
0.636686
0.636128
0.635535
0.634974
0.634373
0.633805
0.633201
0.632628
0.632018
0.631442
0.630973
0.630392
0.62977
0.629144
0.628555
0.627923
0.627479
0.626841
0.626204
0.625602
0.625104
0.624456
0.623844
0.623342
0.622687
0.622216
0.621555
0.621035
0.620412
0.619737
0.619215
0.618542
0.618049
0.617372
0.616831
0.616288
0.615641
0.615095
0.614397
0.613846
0.613295
0.612631
0.612068
0.611504
0.610938
0.610369
0.60965
0.609072
0.60849
0.607906
0.60732
0.606772
0.60618
0.605441
0.604843
0.604242
0.603637
0.603029
0.602562
0.601947
0.601329
0.600708
0.600085
0.599418
0.598786
0.598295
0.597658
0.597018
0.596374
0.595869
0.595216
0.594563
0.594009
0.593347
0.592683
0.59216
0.59149
0.590913
0.590238
0.589694
0.589009
0.588423
0.587871
0.587184
0.586578
0.585879
0.585308
0.584701
0.584127
0.583416
0.582792
0.582204
0.58162
0.580986
0.580393
0.579752
0.579008
0.578498
0.577753
0.577235
0.576615
0.575951
0.575327
0.574655
0.57402
0.573342
0.572701
0.572151
0.571461
0.570806
0.570245
0.569541
0.568875
0.344311
0.343616
0.343243
0.342876
0.342163
0.341779
0.341397
0.340994
0.3406
0.339863
0.339451
0.339042
0.338612
0.338196
0.337753
0.337322
0.336872
0.336102
0.335645
0.335187
0.33472
0.33425
0.333772
0.333291
0.3328
0.33263
0.332126
0.331622
0.331108
0.330591
0.330069
0.329539
0.329003
0.328781
0.32823
0.327683
0.32712
0.326868
0.326303
0.32572
0.32545
0.324868
0.324265
0.323974
0.323372
0.322754
0.322441
0.321816
0.321499
0.320853
0.320514
0.319863
0.319516
0.31885
0.318482
0.31811
0.317427
0.317039
0.316646
0.315941
0.315534
0.315119
0.314698
0.313962
0.313524
0.313079
0.312627
0.312168
0.311702
0.310926
0.310445
0.309956
0.309459
0.308955
0.308442
0.307921
0.307392
0.307154
0.306609
0.306056
0.305496
0.304929
0.304353
0.304061
0.303467
0.302866
0.302258
0.301935
0.301307
0.30096
0.300315
0.299666
0.2993
0.298624
0.298234
0.29755
0.297144
0.296722
0.29601
0.295573
0.295126
0.294386
0.293919
0.293445
0.292957
0.292466
0.291957
0.29116
0.290633
0.290098
0.289552
0.288996
0.288428
0.288134
0.287542
0.286945
0.286334
0.285715
0.28536
0.284717
0.284062
0.283673
0.283
0.28231
0.281883
0.281173
0.280729
0.280266
0.279516
0.279029
0.278531
0.27775
0.277224
0.276686
0.276135
0.27557
0.274993
0.274402
0.273797
0.273179
0.272548
0.271903
0.271245
0.270835
0.270145
0.269444
0.268989
0.268256
0.267768
0.267007
0.266494
0.265955
0.265148
0.264583
0.263999
0.2634
0.262785
0.26215
0.261504
0.260831
0.26015
0.259443
0.258722
0.258236
0.257479
0.256953
0.256156
0.25559
0.254756
0.254153
0.253527
0.252879
0.25221
0.25152
0.250808
0.250075
0.24932
0.248787
0.247985
0.247161
0.246554
0.245921
0.245024
0.244345
0.243634
0.242901
0.242141
0.241351
0.240536
0.239931
0.239056
0.238389
0.237458
0.236729
0.235969
0.235177
0.234353
0.233495
0.232831
0.231904
0.23117
0.230172
0.229363
0.228515
0.227629
0.226924
0.225958
0.224946
0.224113
0.223236
0.222311
0.221339
0.220537
0.219466
0.218559
0.217598
0.216585
0.215513
0.214595
0.213613
0.212568
0.211459
0.210282
0.209242
0.208129
0.207142
0.205872
0.204722
0.203485
0.202358
0.201133
0.199809
0.198577
0.197233
0.195965
0.194572
0.193047
0.191572
0.190136
0.18854
0.186958
0.185372
0.183584
0.18176
0.180053
0.17808
0.17599
0.173921
0.171652
0.169301
0.166794
0.164045
0.160937
0.157784
0.154029
0.149776
0.14485
0.138627
0.129796
0.112681
0.220089
0.242554
0.255742
0.265468
0.273312
0.279954
0.285755
0.29093
0.295618
0.299916
