-6.63854 14.6054
2.2244e-16
-3.20409e-17
-4.26578e-18
-1.08899e-16
-9.45117e-17
-2.60567e-16
-2.79967e-16
-2.35998e-16
-2.81345e-16
-2.36253e-16
-1.81285e-16
-1.7901e-16
-2.07951e-16
-7.83477e-17
-9.23254e-17
-1.47352e-16
-1.67327e-16
-1.48381e-16
-1.29635e-16
3.68288e-17
-6.41784e-17
-6.83116e-17
9.11575e-17
2.59588e-17
-3.95006e-17
1.687e-17
2.13176e-17
4.49649e-17
8.73797e-17
-1.08517e-17
4.55131e-17
7.18033e-17
3.99713e-17
-1.38334e-17
9.07273e-17
4.26614e-17
5.17485e-17
1.90177e-17
5.74401e-17
6.63742e-17
1.42392e-16
1.15713e-16
1.52514e-16
2.51621e-16
3.48266e-16
3.8602e-16
5.68425e-16
7.0719e-16
1.03991e-15
1.39101e-15
1.96049e-15
2.77634e-15
3.8731e-15
5.42379e-15
7.5718e-15
1.05874e-14
1.47158e-14
2.03917e-14
2.82014e-14
3.87688e-14
5.31082e-14
7.24742e-14
9.8544e-14
1.33416e-13
1.8003e-13
2.41785e-13
3.23575e-13
4.31589e-13
5.73067e-13
7.58051e-13
9.99822e-13
1.31354e-12
1.72078e-12
2.24605e-12
2.92075e-12
3.78785e-12
4.8959e-12
6.30994e-12
8.10066e-12
1.03755e-11
1.32487e-11
1.68692e-11
2.14165e-11
2.71188e-11
3.42356e-11
4.3102e-11
5.41356e-11
6.78081e-11
8.46931e-11
1.0562e-10
1.31265e-10
1.62786e-10
2.01367e-10
2.48661e-10
3.06116e-10
3.7599e-10
4.61013e-10
5.63852e-10
6.88418e-10
8.38206e-10
1.01902e-09
1.23527e-09
1.4956e-09
1.80579e-09
2.17728e-09
2.61975e-09
3.14448e-09
3.76922e-09
4.50978e-09
5.38563e-09
6.41446e-09
7.63275e-09
9.06602e-09
1.07491e-08
1.27223e-08
1.50316e-08
1.77184e-08
2.08634e-08
2.45253e-08
2.87828e-08
3.37249e-08
3.94526e-08
4.60801e-08
5.37698e-08
6.26052e-08
7.27792e-08
8.4477e-08
9.79199e-08
1.13354e-07
1.31028e-07
1.51326e-07
1.74407e-07
2.00713e-07
2.30688e-07
2.64957e-07
3.03696e-07
3.47591e-07
3.97607e-07
4.53942e-07
5.17862e-07
5.89822e-07
6.70902e-07
7.62499e-07
8.65117e-07
9.80925e-07
1.10997e-06
1.25565e-06
1.4177e-06
1.60019e-06
1.8028e-06
2.0294e-06
2.28267e-06
2.56199e-06
2.87547e-06
3.22299e-06
3.60815e-06
4.03495e-06
4.50882e-06
5.02894e-06
5.60808e-06
6.24823e-06
6.95162e-06
7.72916e-06
8.57663e-06
9.51732e-06
1.05515e-05
1.16824e-05
1.29233e-05
1.42854e-05
1.57744e-05
1.74047e-05
1.91739e-05
2.11131e-05
2.32291e-05
2.55422e-05
2.80528e-05
3.07838e-05
3.37526e-05
3.69817e-05
4.04996e-05
4.43025e-05
4.84173e-05
5.28625e-05
5.76686e-05
6.28879e-05
6.85126e-05
7.45665e-05
8.11193e-05
8.82133e-05
9.57904e-05
0.000103958
0.000112721
0.000122143
0.000132319
0.000143224
0.000154863
0.000167392
0.000180811
0.000195093
0.00021033
0.000226844
0.000244259
0.000262819
0.000282876
0.000303977
0.000326634
0.000350666
0.000376125
0.000403524
0.000432423
0.000463172
0.000495805
0.000530486
0.000566875
0.000605988
0.000646723
0.000690523
0.000736579
0.000785258
0.000836759
0.000890995
0.000948457
0.00100892
0.00107277
0.00114005
0.00121062
0.00128538
0.00136385
0.00144647
0.00153296
0.00162371
0.0017204
0.00182108
0.00192571
0.00203676
0.00215307
0.00227411
0.00240074
0.00253537
0.00267434
0.00282062
0.00297264
0.00313224
0.00329876
0.00347347
0.00365364
0.00384293
0.00404176
0.00424602
0.00446306
0.00468508
0.00491988
0.00515961
0.00541149
0.00567522
0.00594811
0.00623231
0.00652749
0.00683354
0.00715233
0.00748116
0.00782533
0.00817805
0.00854928
0.00892747
0.00932699
0.00973251
0.0101614
0.0105963
0.0110553
0.0115217
0.0120119
0.0125118
0.0130339
0.0135693
0.0141246
0.0146964
0.0152867
0.0158964
0.0165254
0.0171722
0.0178482
0.0185364
0.0192601
0.0199807
0.0207465
0.0215219
0.02232
0.0231507
0.0239978
0.0248808
0.0257735
0.0266942
0.0276384
0.0286248
0.0296236
0.0306684
0.0317216
0.0327998
0.0339283
0.0350767
0.0362535
0.0374478
0.0386994
0.0399623
0.0412773
0.0426143
0.043978
0.045396
0.0468154
0.0482925
0.0497985
0.0513552
0.0529368
0.0545505
0.0562206
0.0578873
0.059639
0.0614012
0.0632189
0.0650928
0.0669859
0.0689124
0.0708768
0.0729485
0.0750108
0.0770855
0.079288
0.081461
0.083732
0.086039
0.0883411
0.0908051
0.0932069
0.0957166
0.0982649
0.100811
0.103541
0.106192
0.108959
0.111774
0.114581
0.117575
0.120498
0.12354
0.12665
0.129729
0.132983
0.136204
0.139593
0.142971
0.146393
0.149884
0.15346
0.157055
0.160813
0.164563
0.168395
0.172311
0.176194
0.18031
0.184352
0.188597
0.192837
0.197129
0.201504
0.205975
0.210424
0.21518
0.219778
0.224627
0.229442
0.234336
0.239312
0.244406
0.249465
0.254883
0.260105
0.26561
0.271078
0.276636
0.282281
0.288064
0.293791
0.299888
0.305805
0.312022
0.318228
0.324516
0.330899
0.337447
0.343892
0.350698
0.357393
0.364376
0.371422
0.378519
0.385709
0.393108
0.400507
0.407986
0.415668
0.423266
0.431267
0.439261
0.447522
0.455687
0.464003
0.47243
0.481069
0.4896
0.498685
0.507475
0.516746
0.525942
0.535281
0.544751
0.554455
0.564023
0.574175
0.584047
0.594466
0.604789
0.615268
0.625903
0.636786
0.647538
0.658993
0.670056
0.681798
0.693332
0.70512
0.717012
0.729217
0.741478
0.754092
0.766781
0.779697
0.792873
0.805915
0.819846
0.833243
0.847219
0.861472
0.875904
0.890526
0.905022
0.920162
0.935567
0.951188
0.967082
0.982806
0.999157
1.01579
1.03256
1.04977
1.06735
1.08496
1.10314
1.12169
1.14009
1.15899
1.17842
1.19838
1.21842
1.23873
1.2596
1.28105
1.30296
1.3248
1.34751
1.37046
1.39397
1.41855
1.44305
1.46826
1.49388
1.52032
1.54724
1.57496
1.60336
1.63244
1.6619
1.69249
1.72435
1.75687
1.79046
1.82464
1.86038
1.89762
1.93523
1.97513
2.016
2.0592
2.10351
2.15003
2.19886
2.25097
2.30512
2.36188
2.42334
2.48917
2.55938
2.6359
2.72022
2.81447
2.92074
3.04488
3.19376
3.38722
3.66936
4.31864
