4096
3.13553e-10
-93270958080.000000
-87837147136.000000
-80850624512.000000
-74643857408.000000
-68441030656.000000
-62243405824.000000
-56052228096.000000
-49868763136.000000
-43694243840.000000
-37529931776.000000
-31377043456.000000
-25236840448.000000
-19110518784.000000
-12999336960.000000
-6904468480.000000
-827166080.000000
5231417856.000000
11270043648.000000
17287581696.000000
23282802688.000000
29254604800.000000
35201777664.000000
41123237888.000000
47017795584.000000
52884402176.000000
58721886208.000000
64529223680.000000
70305259520.000000
76049022976.000000
81759371264.000000
87435354112.000000
93075873792.000000
98680012800.000000
104246697984.000000
109775036416.000000
115264004096.000000
120712732672.000000
126120230912.000000
131485679616.000000
136808112128.000000
142086750208.000000
147320651776.000000
152509087744.000000
157651173376.000000
162746187776.000000
167793295360.000000
172791808000.000000
177740955648.000000
182640082944.000000
187488419840.000000
192285409280.000000
197030313984.000000
201722593280.000000
206361559040.000000
210946703360.000000
215477420032.000000
219953233920.000000
224373538816.000000
228737941504.000000
233045884928.000000
237296992256.000000
241490771968.000000
245626880000.000000
249704873984.000000
253724459008.000000
257685225472.000000
261586927616.000000
265429188608.000000
269211828224.000000
272934502400.000000
276597047296.000000
280199233536.000000
283740864512.000000
287221743616.000000
290641805312.000000
294000852992.000000
297298853888.000000
300535644160.000000
303711191040.000000
306825494528.000000
309878456320.000000
312870141952.000000
315800551424.000000
318669684736.000000
321477607424.000000
324224450560.000000
326910246912.000000
329535094784.000000
332099190784.000000
334602633216.000000
337045618688.000000
339428278272.000000
341750874112.000000
344013570048.000000
346216595456.000000
348360245248.000000
350444748800.000000
352470368256.000000
354437431296.000000
356346265600.000000
358197133312.000000
359990394880.000000
361726410752.000000
363405541376.000000
365028147200.000000
366594621440.000000
368105357312.000000
369560846336.000000
370961383424.000000
372307492864.000000
373599567872.000000
374838099968.000000
376023547904.000000
377156403200.000000
378237091840.000000
379266170880.000000
380244099072.000000
381171433472.000000
382048632832.000000
382876286976.000000
383654821888.000000
384384958464.000000
385067024384.000000
385701773312.000000
386289598464.000000
386831187968.000000
387326967808.000000
387777691648.000000
388183785472.000000
388545904640.000000
388864573440.000000
389140480000.000000
389374083072.000000
389566103552.000000
389717032960.000000
389827559424.000000
389898174464.000000
389929566208.000000
389922291712.000000
389877006336.000000
389794201600.000000
389674631168.000000
389518721024.000000
389327257600.000000
389100699648.000000
388839735296.000000
388544888832.000000
388216881152.000000
387856138240.000000
387463413760.000000
387039166464.000000
386584150016.000000
386098757632.000000
385583775744.000000
385039597568.000000
384466944000.000000
383866273792.000000
383238307840.000000
382583472128.000000
381902454784.000000
381195681792.000000
380463841280.000000
379707392000.000000
378926956544.000000
378122993664.000000
377296158720.000000
376446844928.000000
375575740416.000000
374683205632.000000
373769928704.000000
372836237312.000000
371882852352.000000
370910068736.000000
369918574592.000000
368908664832.000000
367881027584.000000
366835957760.000000
365774077952.000000
364695748608.000000
363601559552.000000
362491805696.000000
361367076864.000000
360227700736.000000
359074267136.000000
357907038208.000000
356726603776.000000
355533193216.000000
354327429120.000000
353109540864.000000
351880052736.000000
350639259648.000000
349387653120.000000
348125528064.000000
346853310464.000000
345571328000.000000
344280006656.000000
342979641344.000000
341670625280.000000
340353220608.000000
339027918848.000000
337694883840.000000
336354574336.000000
335007186944.000000
333653180416.000000
332292685824.000000
330926194688.000000
329553805312.000000
328176009216.000000
326792904704.000000
325404884992.000000
324012179456.000000
322615083008.000000
321213792256.000000
319808634880.000000
318399774720.000000
316987572224.000000
315572158464.000000
314153828352.000000
312732778496.000000
311309238272.000000
309883404288.000000
308455538688.000000
307025805312.000000
305594400768.000000
304161521664.000000
302727430144.000000
301292191744.000000
299856101376.000000
298419224576.000000
296981856256.000000
295544029184.000000
294106038272.000000
292667949056.000000
291229958144.000000
289792196608.000000
288354861056.000000
286917984256.000000
285481828352.000000
284046426112.000000
282611974144.000000
281178537984.000000
279746314240.000000
278315368448.000000
276885831680.000000
275457802240.000000
274031427584.000000
272606756864.000000
271183937536.000000
269763018752.000000
268344147968.000000
266927374336.000000
265512812544.000000
264100528128.000000
262690619392.000000
261283151872.000000
259878223872.000000
258475884544.000000
257076215808.000000
255679283200.000000
254285168640.000000
252893888512.000000
251505573888.000000
250120208384.000000
248737923072.000000
247358701568.000000
245982658560.000000
244609777664.000000
243240173568.000000
241873829888.000000
240510844928.000000
239151202304.000000
237795000320.000000
236442238976.000000
235092967424.000000
233747202048.000000
232404992000.000000
231066370048.000000
229731352576.000000
228399972352.000000
227072262144.000000
225748221952.000000
224427917312.000000
223111315456.000000
221798481920.000000
220489416704.000000
219184119808.000000
217882640384.000000
216584978432.000000
215291133952.000000
214001139712.000000
212714995712.000000
211432718336.000000
210154307584.000000
208879779840.000000
207609151488.000000
206342389760.000000
205079543808.000000
203820597248.000000
202565550080.000000
201314418688.000000
200067186688.000000
198823854080.000000
197584453632.000000
196348952576.000000
195117350912.000000
193889665024.000000
192665878528.000000
191445975040.000000
190229987328.000000
189017866240.000000
187809644544.000000
186605289472.000000
185404817408.000000
184208195584.000000
183015440384.000000
181826519040.000000
180641447936.000000
179460210688.000000
178282790912.000000
177109172224.000000
175939354624.000000
174773321728.000000
173611073536.000000
172452593664.000000
171297865728.000000
170146856960.000000
168999600128.000000
167856046080.000000
166716211200.000000
165580046336.000000
164447567872.000000
163318726656.000000
162193555456.000000
161072005120.000000
159954059264.000000
158839717888.000000
157728964608.000000
156621783040.000000
155518156800.000000
154418053120.000000
153321472000.000000
152228397056.000000
151138795520.000000
150052667392.000000
148969996288.000000
147890765824.000000
146814943232.000000
145742512128.000000
144673472512.000000
143607791616.000000
142545453056.000000
141486440448.000000
140430737408.000000
139378311168.000000
138329178112.000000
137283280896.000000
136240619520.000000
135201169408.000000
134164922368.000000
133131845632.000000
132101931008.000000
131075137536.000000
130051481600.000000
129030905856.000000
128013418496.000000
126998986752.000000
125987594240.000000
124979216384.000000
123973844992.000000
122971447296.000000
121972015104.000000
120975515648.000000
119981940736.000000
118991249408.000000
118003458048.000000
117018509312.000000
116036403200.000000
115057115136.000000
114080628736.000000
113106911232.000000
112135954432.000000
111167725568.000000
110202224640.000000
109239410688.000000
108279267328.000000
107321778176.000000
106366935040.000000
105414688768.000000
104465039360.000000
103517962240.000000
102573432832.000000
101631426560.000000
100691943424.000000
99754934272.000000
98820399104.000000
97888296960.000000
96958636032.000000
96031367168.000000
95106490368.000000
94183972864.000000
93263798272.000000
92345933824.000000
91430387712.000000
90517102592.000000
89606086656.000000
88697298944.000000
87790731264.000000
86886359040.000000
85984157696.000000
85084110848.000000
84186202112.000000
83290390528.000000
82396684288.000000
81505034240.000000
80615440384.000000
79727869952.000000
78842306560.000000
77958725632.000000
77077118976.000000
76197445632.000000
75319697408.000000
74443849728.000000
73569886208.000000
72697774080.000000
71827513344.000000
70959063040.000000
70092406784.000000
69227528192.000000
68364406784.000000
67503013888.000000
66643341312.000000
65785356288.000000
64929046528.000000
64074379264.000000
63221350400.000000
62369918976.000000
61520084992.000000
60671811584.000000
59825090560.000000
58979885056.000000
58136195072.000000
57293975552.000000
56453230592.000000
55613919232.000000
54776033280.000000
53939539968.000000
53104435200.000000
52270682112.000000
51438272512.000000
50607173632.000000
49777377280.000000
48948846592.000000
48121581568.000000
47295537152.000000
46470717440.000000
45647081472.000000
44824625152.000000
44003311616.000000
43183136768.000000
42364059648.000000
41546084352.000000
40729165824.000000
39913304064.000000
39098458112.000000
38284627968.000000
37471772672.000000
36659892224.000000
35848949760.000000
35038937088.000000
34229817344.000000
33421586432.000000
32614211584.000000
31807684608.000000
31001970688.000000
30197063680.000000
29392928768.000000
28589557760.000000
27786917888.000000
26985005056.000000
26183778304.000000
25383237632.000000
24583342080.000000
23784091648.000000
22985447424.000000
22187405312.000000
21389928448.000000
20593010688.000000
19796619264.000000
19000745984.000000
18205358080.000000
17410447360.000000
16615981056.000000
15821950976.000000
15028322304.000000
14235090944.000000
13442220032.000000
12649704448.000000
11857508352.000000
11065627648.000000
10274025472.000000
9482696704.000000
8691605504.000000
7900747264.000000
7110086144.000000
6319616512.000000
5529303040.000000
4739140096.000000
3949092352.000000
3159154688.000000
2369291264.000000
1579496704.000000
789735424.000000
2240.414551
-789738624.000000
-1579492224.000000
-2369294336.000000
-3159150336.000000
-3949095680.000000
-4739135488.000000
-5529306112.000000
-6319611904.000000
-7110089216.000000
-7900742656.000000
-8691608576.000000
-9482691584.000000
-10274028544.000000
-11065622528.000000
-11857511424.000000
-12649700352.000000
-13442223104.000000
-14235086848.000000
-15028326400.000000
-15821946880.000000
-16615984128.000000
-17410443264.000000
-18205362176.000000
-19000741888.000000
-19796623360.000000
-20593006592.000000
-21389930496.000000
-22187399168.000000
-22985449472.000000
-23784087552.000000
-24583346176.000000
-25383231488.000000
-26183782400.000000
-26984998912.000000
-27786921984.000000
-28589553664.000000
-29392930816.000000
-30197059584.000000
-31001974784.000000
-31807680512.000000
-32614215680.000000
-33421582336.000000
-34229819392.000000
-35038928896.000000
-35848953856.000000
-36659888128.000000
-37471776768.000000
-38284623872.000000
-39098462208.000000
-39913295872.000000
-40729169920.000000
-41546080256.000000
-42364063744.000000
-43183132672.000000
-44003315712.000000
-44824621056.000000
-45647085568.000000
-46470713344.000000
-47295541248.000000
-48121573376.000000
-48948850688.000000
-49777373184.000000
-50607177728.000000
-51438268416.000000
-52270686208.000000
-53104431104.000000
-53939544064.000000
-54776029184.000000
-55613923328.000000
-56453226496.000000
-57293979648.000000
-58136190976.000000
-58979889152.000000
-59825086464.000000
-60671815680.000000
-61520080896.000000
-62369923072.000000
-63221342208.000000
-64074383360.000000
-64929042432.000000
-65785356288.000000
-66643337216.000000
-67503017984.000000
-68364402688.000000
-69227528192.000000
-70092406784.000000
-70959063040.000000
-71827505152.000000
-72697782272.000000
-73569886208.000000
-74443849728.000000
-75319697408.000000
-76197445632.000000
-77077110784.000000
-77958733824.000000
-78842306560.000000
-79727869952.000000
-80615440384.000000
-81505034240.000000
-82396676096.000000
-83290398720.000000
-84186193920.000000
-85084110848.000000
-85984157696.000000
-86886359040.000000
-87790731264.000000
-88697298944.000000
-89606078464.000000
-90517102592.000000
-91430379520.000000
-92345942016.000000
-93263790080.000000
-94183972864.000000
-95106490368.000000
-96031375360.000000
-96958636032.000000
-97888305152.000000
-98820390912.000000
-99754934272.000000
-100691935232.000000
-101631434752.000000
-102573424640.000000
-103517962240.000000
-104465039360.000000
-105414688768.000000
-106366926848.000000
-107321786368.000000
-108279267328.000000
-109239410688.000000
-110202216448.000000
-111167733760.000000
-112135946240.000000
-113106911232.000000
-114080620544.000000
-115057115136.000000
-116036403200.000000
-117018509312.000000
-118003449856.000000
-118991257600.000000
-119981932544.000000
-120975515648.000000
-121972006912.000000
-122971447296.000000
-123973844992.000000
-124979224576.000000
-125987594240.000000
-126998986752.000000
-128013418496.000000
-129030905856.000000
-130051473408.000000
-131075145728.000000
-132101922816.000000
-133131845632.000000
-134164922368.000000
-135201177600.000000
-136240619520.000000
-137283280896.000000
-138329178112.000000
-139378327552.000000
-140430737408.000000
-141486440448.000000
-142545453056.000000
-143607791616.000000
-144673472512.000000
-145742512128.000000
-146814943232.000000
-147890765824.000000
-148969996288.000000
-150052683776.000000
-151138795520.000000
-152228397056.000000
-153321472000.000000
-154418053120.000000
-155518140416.000000
-156621783040.000000
-157728964608.000000
-158839734272.000000
-159954059264.000000
-161072005120.000000
-162193555456.000000
-163318743040.000000
-164447551488.000000
-165580046336.000000
-166716211200.000000
-167856062464.000000
-168999600128.000000
-170146873344.000000
-171297849344.000000
-172452593664.000000
-173611073536.000000
-174773321728.000000
-175939354624.000000
-177109172224.000000
-178282774528.000000
-179460210688.000000
-180641447936.000000
-181826535424.000000
-183015440384.000000
-184208195584.000000
-185404817408.000000
-186605289472.000000
-187809644544.000000
-189017866240.000000
-190229987328.000000
-191445975040.000000
-192665862144.000000
-193889665024.000000
-195117350912.000000
-196348952576.000000
-197584453632.000000
-198823854080.000000
-200067186688.000000
-201314418688.000000
-202565550080.000000
-203820597248.000000
-205079543808.000000
-206342389760.000000
-207609151488.000000
-208879779840.000000
-210154307584.000000
-211432718336.000000
-212714995712.000000
-214001139712.000000
-215291133952.000000
-216584978432.000000
-217882640384.000000
-219184119808.000000
-220489416704.000000
-221798481920.000000
-223111315456.000000
-224427900928.000000
-225748238336.000000
-227072262144.000000
-228399972352.000000
-229731352576.000000
-231066370048.000000
-232404992000.000000
-233747202048.000000
-235092951040.000000
-236442238976.000000
-237795000320.000000
-239151218688.000000
-240510828544.000000
-241873846272.000000
-243240157184.000000
-244609794048.000000
-245982642176.000000
-247358717952.000000
-248737906688.000000
-250120224768.000000
-251505557504.000000
-252893904896.000000
-254285152256.000000
-255679299584.000000
-257076215808.000000
-258475884544.000000
-259878207488.000000
-261283168256.000000
-262690619392.000000
-264100544512.000000
-265512796160.000000
-266927390720.000000
-268344131584.000000
-269763035136.000000
-271183921152.000000
-272606773248.000000
-274031427584.000000
-275457835008.000000
-276885831680.000000
-278315401216.000000
-279746314240.000000
-281178570752.000000
-282611941376.000000
-284046458880.000000
-285481795584.000000
-286918017024.000000
-288354828288.000000
-289792229376.000000
-291229958144.000000
-292667981824.000000
-294106005504.000000
-295544061952.000000
-296981823488.000000
-298419257344.000000
-299856068608.000000
-301292224512.000000
-302727397376.000000
-304161554432.000000
-305594400768.000000
-307025838080.000000
-308455505920.000000
-309883437056.000000
-311309205504.000000
-312732811264.000000
-314153795584.000000
-315572191232.000000
-316987539456.000000
-318399840256.000000
-319808602112.000000
-321213825024.000000
-322615050240.000000
-324012212224.000000
-325404852224.000000
-326792937472.000000
-328175943680.000000
-329553870848.000000
-330926129152.000000
-332292751360.000000
-333653114880.000000
-335007252480.000000
-336354541568.000000
-337694949376.000000
-339027886080.000000
-340353286144.000000
-341670592512.000000
-342979706880.000000
-344279973888.000000
-345571393536.000000
-346853277696.000000
-348125593600.000000
-349387620352.000000
-350639325184.000000
-351879987200.000000
-353109606400.000000
-354327363584.000000
-355533258752.000000
-356726538240.000000
-357907103744.000000
-359074201600.000000
-360227799040.000000
-361367011328.000000
-362491871232.000000
-363601494016.000000
-364695846912.000000
-365774012416.000000
-366836023296.000000
-367880962048.000000
-368908763136.000000
-369918476288.000000
-370910167040.000000
-371882786816.000000
-372836335616.000000
-373769863168.000000
-374683303936.000000
-375575674880.000000
-376446943232.000000
-377296093184.000000
-378123091968.000000
-378926891008.000000
-379707490304.000000
-380463775744.000000
-381195780096.000000
-381902389248.000000
-382583570432.000000
-383238242304.000000
-383866372096.000000
-384466878464.000000
-385039695872.000000
-385583677440.000000
-386098855936.000000
-386584084480.000000
-387039297536.000000
-387463348224.000000
-387856236544.000000
-388216782848.000000
-388544987136.000000
-388839669760.000000
-389100797952.000000
-389327192064.000000
-389518819328.000000
-389674532864.000000
-389794299904.000000
-389876908032.000000
-389922390016.000000
-389929500672.000000
-389898272768.000000
-389827461120.000000
-389717131264.000000
-389566038016.000000
-389374181376.000000
-389140414464.000000
-388864671744.000000
-388545839104.000000
-388183883776.000000
-387777626112.000000
-387327066112.000000
-386831089664.000000
-386289696768.000000
-385701675008.000000
-385067122688.000000
-384384860160.000000
-383654920192.000000
-382876188672.000000
-382048698368.000000
-381171367936.000000
-380244164608.000000
-379266105344.000000
-378237157376.000000
-377156337664.000000
-376023613440.000000
-374838034432.000000
-373599633408.000000
-372307427328.000000
-370961448960.000000
-369560780800.000000
-368105422848.000000
-366594588672.000000
-365028179968.000000
-363405475840.000000
-361726443520.000000
-359990362112.000000
-358197166080.000000
-356346232832.000000
-354437496832.000000
-352470335488.000000
-350444781568.000000
-348360212480.000000
-346216628224.000000
-344013537280.000000
-341750874112.000000
-339428245504.000000
-337045651456.000000
-334602633216.000000
-332099223552.000000
-329535094784.000000
-326910246912.000000
-324224417792.000000
-321477640192.000000
-318669651968.000000
-315800551424.000000
-312870141952.000000
-309878456320.000000
-306825494528.000000
-303711191040.000000
-300535644160.000000
-297298821120.000000
-294000885760.000000
-290641805312.000000
-287221776384.000000
-283740831744.000000
-280199233536.000000
-276597014528.000000
-272934535168.000000
-269211779072.000000
-265429237760.000000
-261586878464.000000
-257685274624.000000
-253724409856.000000
-249704923136.000000
-245626830848.000000
-241490821120.000000
-237296926720.000000
-233045934080.000000
-228737875968.000000
-224373604352.000000
-219953152000.000000
-215477485568.000000
-210946621440.000000
-206361624576.000000
-201722494976.000000
-197030395904.000000
-192285327360.000000
-187488518144.000000
-182639984640.000000
-177741037568.000000
-172791709696.000000
-167793393664.000000
-162746073088.000000
-157651271680.000000
-152508973056.000000
-147320766464.000000
-142086619136.000000
-136808226816.000000
-131485556736.000000
-126120353792.000000
-120712609792.000000
-115264126976.000000
-109774905344.000000
-104246820864.000000
-98679881728.000000
-93076004864.000000
-87435214848.000000
-81759502336.000000
-76048875520.000000
-70305398784.000000
-64529076224.000000
-58722025472.000000
-52884254720.000000
-47017938944.000000
-41123086336.000000
-35201921024.000000
-29254451200.000000
-23282952192.000000
-17287426048.000000
-11270195200.000000
-5231260672.000000
827012928.000000
6904627200.000000
12999181312.000000
19110678528.000000
25236684800.000000
31377203200.000000
37529776128.000000
43694403584.000000
49868607488.000000
56052387840.000000
62243246080.000000
68441190400.000000
74643701760.000000
80850788352.000000
87059922944.000000
93271113728.000000
99481845760.000000
105692102656.000000
111899377664.000000
118103670784.000000
124302467072.000000
130495758336.000000
136681046016.000000
142858338304.000000
149025144832.000000
155181449216.000000
161324810240.000000
167455211520.000000
173570211840.000000
179669794816.000000
185751584768.000000
191815548928.000000
197859311616.000000
203882889216.000000
209883906048.000000
215862394880.000000
221816029184.000000
227744825344.000000
233646522368.000000
239521120256.000000
245366407168.000000
251182366720.000000
256966885376.000000
262719930368.000000
268439404544.000000
274125324288.000000
279775641600.000000
285390372864.000000
290967519232.000000
296507113472.000000
302007189504.000000
307467812864.000000
312887115776.000000
318265098240.000000
323600023552.000000
328891826176.000000
334138867712.000000
339341148160.000000
344497061888.000000
349606543360.000000
354668150784.000000
359681785856.000000
364646105088.000000
369561010176.000000
374425190400.000000
379238612992.000000
384000000000.000000
388709351424.000000
393365487616.000000
397968375808.000000
402516934656.000000
407011131392.000000
411449950208.000000
415833423872.000000
420160536576.000000
424431353856.000000
428644990976.000000
432801447936.000000
436899971072.000000
440940560384.000000
444922527744.000000
448845873152.000000
452710039552.000000
456514961408.000000
460260212736.000000
463945728000.000000
467571113984.000000
471136370688.000000
474641170432.000000
478085513216.000000
481469136896.000000
484792074240.000000
488054095872.000000
491255267328.000000
494395490304.000000
497474732032.000000
500492992512.000000
503450304512.000000
506346733568.000000
509182246912.000000
511957008384.000000
514671050752.000000
517324570624.000000
519917568000.000000
522450305024.000000
524922847232.000000
527335522304.000000
529688297472.000000
531981664256.000000
534215622656.000000
536390598656.000000
538506657792.000000
540564324352.000000
542563631104.000000
544505135104.000000
546388901888.000000
548215554048.000000
549985124352.000000
551698300928.000000
553355182080.000000
554956423168.000000
556502089728.000000
557992968192.000000
559429058560.000000
560811278336.000000
562139627520.000000
563414958080.000000
564637335552.000000
565807677440.000000
566925983744.000000
567993237504.000000
569009438720.000000
569975570432.000000
570891763712.000000
571758936064.000000
572577153024.000000
573347463168.000000
574069866496.000000
574745542656.000000
575374360576.000000
575957565440.000000
576495091712.000000
576988053504.000000
577436516352.000000
577841594368.000000
578203353088.000000
578522906624.000000
578800320512.000000
579036643328.000000
579232071680.000000
579387588608.000000
579503390720.000000
579580526592.000000
579619061760.000000
579620175872.000000
579583934464.000000
579511517184.000000
579402858496.000000
579259203584.000000
579080552448.000000
578868150272.000000
578621931520.000000
578343141376.000000
578031714304.000000
577688961024.000000
577314750464.000000
576910327808.000000
576475693056.000000
576012025856.000000
575519326208.000000
574998708224.000000
574450171904.000000
573874962432.000000
573273014272.000000
572645441536.000000
571992244224.000000
571314536448.000000
570612383744.000000
569886834688.000000
569137889280.000000
568366661632.000000
567573086208.000000
566758277120.000000
565922234368.000000
565065940992.000000
564189462528.000000
563293782016.000000
562378899456.000000
561445863424.000000
560494608384.000000
559526117376.000000
558540455936.000000
557538476032.000000
556520243200.000000
555486674944.000000
554437771264.000000
553374449664.000000
552296644608.000000
551205273600.000000
550100402176.000000
548982751232.000000
547852419072.000000
546710192128.000000
545556103168.000000
544390938624.000000
543214698496.000000
542028136448.000000
540831285248.000000
539624898560.000000
538408943616.000000
537184174080.000000
535950589952.000000
534708879360.000000
533459075072.000000
532201799680.000000
530937085952.000000
529665556480.000000
528387276800.000000
527102803968.000000
525812170752.000000
524515999744.000000
523214258176.000000
521907503104.000000
520595800064.000000
519279673344.000000
517959090176.000000
516634640384.000000
515306291200.000000
513974566912.000000
512639434752.000000
511301419008.000000
509960486912.000000
508617162752.000000
507271380992.000000
505923600384.000000
504573853696.000000
503222566912.000000
501869674496.000000
500515635200.000000
499160449024.000000
497804476416.000000
496447750144.000000
495090565120.000000
493733019648.000000
492375375872.000000
491017666560.000000
489660219392.000000
488303067136.000000
486946439168.000000
485590433792.000000
484235247616.000000
482880946176.000000
481527791616.000000
480175783936.000000
478825185280.000000
477475995648.000000
476128444416.000000
474782531584.000000
473438519296.000000
472096374784.000000
470756360192.000000
469418409984.000000
468082786304.000000
466749489152.000000
465418649600.000000
464090333184.000000
462764670976.000000
461441695744.000000
460121538560.000000
458804264960.000000
457489973248.000000
456178663424.000000
454870499328.000000
453565480960.000000
452263739392.000000
450965274624.000000
449670217728.000000
448378568704.000000
447090393088.000000
445805789184.000000
444524756992.000000
443247394816.000000
441973702656.000000
440703778816.000000
439437623296.000000
438175301632.000000
436916846592.000000
435662290944.000000
434411700224.000000
433165074432.000000
431922479104.000000
430683914240.000000
429449445376.000000
428219072512.000000
426992828416.000000
425770745856.000000
424552824832.000000
423339130880.000000
422129664000.000000
420924456960.000000
419723509760.000000
418526822400.000000
417334460416.000000
416146391040.000000
414962679808.000000
413783293952.000000
412608266240.000000
411437596672.000000
410271318016.000000
409109430272.000000
407951900672.000000
406798794752.000000
405650079744.000000
404505788416.000000
403365888000.000000
402230444032.000000
401099390976.000000
399972761600.000000
398850555904.000000
397732773888.000000
396619415552.000000
395510513664.000000
394406002688.000000
393305915392.000000
392210219008.000000
391118979072.000000
390032130048.000000
388949671936.000000
387871637504.000000
386797993984.000000
385728741376.000000
384663879680.000000
383603376128.000000
382547230720.000000
381495476224.000000
380448079872.000000
379405008896.000000
378366263296.000000
377331843072.000000
376301780992.000000
375275978752.000000
374254501888.000000
373237317632.000000
372224393216.000000
371215728640.000000
370211323904.000000
369211146240.000000
368215228416.000000
367223504896.000000
366236008448.000000
365252673536.000000
364273565696.000000
363298586624.000000
362327769088.000000
361361080320.000000
360398553088.000000
359440089088.000000
358485753856.000000
357535514624.000000
356589338624.000000
355647193088.000000
354709143552.000000
353775058944.000000
352845037568.000000
351918981120.000000
350996922368.000000
350078828544.000000
349164666880.000000
348254470144.000000
347348172800.000000
346445807616.000000
345547309056.000000
344652709888.000000
343761944576.000000
342875045888.000000
341991948288.000000
341112684544.000000
340237221888.000000
339365494784.000000
338497568768.000000
337633378304.000000
336772956160.000000
335916204032.000000
335063154688.000000
334213808128.000000
333368131584.000000
332526092288.000000
331687690240.000000
330852892672.000000
330021699584.000000
329194110976.000000
328370061312.000000
327549583360.000000
326732644352.000000
325919211520.000000
325109284864.000000
324302831616.000000
323499884544.000000
322700378112.000000
321904279552.000000
321111621632.000000
320322371584.000000
319536529408.000000
318754029568.000000
317974872064.000000
317199089664.000000
316426616832.000000
315657453568.000000
314891567104.000000
314128957440.000000
313369591808.000000
312613470208.000000
311860592640.000000
311110926336.000000
310364438528.000000
309621129216.000000
308880965632.000000
308143980544.000000
307410075648.000000
306679316480.000000
305951637504.000000
305227038720.000000
304505520128.000000
303787048960.000000
303071592448.000000
302359150592.000000
301649723392.000000
300943278080.000000
300239781888.000000
299539267584.000000
298841669632.000000
298146988032.000000
297455222784.000000
296766373888.000000
296080375808.000000
295397228544.000000
294716932096.000000
294039453696.000000
293364793344.000000
292692951040.000000
292023861248.000000
291357556736.000000
290694004736.000000
290033205248.000000
289375092736.000000
288719699968.000000
288066994176.000000
287417008128.000000
286769643520.000000
286124933120.000000
285482844160.000000
284843376640.000000
284206530560.000000
283572273152.000000
282940571648.000000
282311426048.000000
281684836352.000000
281060802560.000000
280439259136.000000
279820206080.000000
279203643392.000000
278589571072.000000
277977956352.000000
277368766464.000000
276762034176.000000
276157693952.000000
275555778560.000000
274956255232.000000
274359091200.000000
273764286464.000000
273171841024.000000
272581722112.000000
271993929728.000000
271408447488.000000
270825242624.000000
270244331520.000000
269665681408.000000
269089292288.000000
268515131392.000000
267943198720.000000
267373477888.000000
266805968896.000000
266240638976.000000
265677488128.000000
265116499968.000000
264557658112.000000
264000946176.000000
263446364160.000000
262893895680.000000
262343524352.000000
261795233792.000000
261249007616.000000
260704845824.000000
260162748416.000000
259622666240.000000
259084615680.000000
258548563968.000000
258014527488.000000
257482457088.000000
256952385536.000000
256424263680.000000
255898091520.000000
255373852672.000000
254851547136.000000
254331158528.000000
253812670464.000000
253296066560.000000
252781346816.000000
252268494848.000000
251757494272.000000
251248345088.000000
250741030912.000000
250235535360.000000
249731858432.000000
249229967360.000000
248729878528.000000
248231559168.000000
247735009280.000000
247240212480.000000
246747152384.000000
246255845376.000000
245766242304.000000
245278359552.000000
244792180736.000000
244307689472.000000
243824885760.000000
243343736832.000000
242864259072.000000
242386419712.000000
241910218752.000000
241435656192.000000
240962699264.000000
240491364352.000000
240021618688.000000
239553462272.000000
239086878720.000000
238621868032.000000
238158413824.000000
237696499712.000000
237236125696.000000
236777275392.000000
236319948800.000000
235864129536.000000
235409817600.000000
234956996608.000000
234505633792.000000
234055761920.000000
233607348224.000000
233160376320.000000
232714862592.000000
232270757888.000000
231828094976.000000
231386841088.000000
230946996224.000000
230508544000.000000
230071500800.000000
229635817472.000000
229201494016.000000
228768546816.000000
228336959488.000000
227906699264.000000
227477782528.000000
227050192896.000000
226623913984.000000
226198962176.000000
225775288320.000000
225352925184.000000
224931840000.000000
224512032768.000000
224093487104.000000
223676219392.000000
223260180480.000000
222845403136.000000
222431854592.000000
222019534848.000000
221608427520.000000
221198548992.000000
220789850112.000000
220382363648.000000
219976073216.000000
219570946048.000000
219166998528.000000
218764230656.000000
218362609664.000000
217962135552.000000
217562808320.000000
217164611584.000000
216767545344.000000
216371609600.000000
215976771584.000000
215583047680.000000
215190421504.000000
214798893056.000000
214408445952.000000
214019080192.000000
213630795776.000000
213243559936.000000
212857389056.000000
212472266752.000000
212088176640.000000
211705135104.000000
211323125760.000000
210942148608.000000
210562170880.000000
210183208960.000000
209805262848.000000
209428299776.000000
209052336128.000000
208677339136.000000
208303341568.000000
207930310656.000000
207558246400.000000
207187132416.000000
206816985088.000000
206447771648.000000
206079508480.000000
205712162816.000000
205345767424.000000
204980289536.000000
204615729152.000000
204252069888.000000
203889328128.000000
203527471104.000000
203166531584.000000
202806460416.000000
202447273984.000000
202088972288.000000
201731522560.000000
201374957568.000000
201019244544.000000
200664383488.000000
200310374400.000000
199957217280.000000
199604879360.000000
199253393408.000000
198902726656.000000
198552879104.000000
198203834368.000000
197855625216.000000
197508202496.000000
197161598976.000000
196815781888.000000
196470751232.000000
196126523392.000000
195783065600.000000
195440377856.000000
195098460160.000000
194757328896.000000
194416934912.000000
194077310976.000000
193738440704.000000
193400307712.000000
193062928384.000000
192726269952.000000
192390348800.000000
192055164928.000000
191720701952.000000
191386959872.000000
191053922304.000000
190721605632.000000
190389993472.000000
190059085824.000000
189728866304.000000
189399334912.000000
189070508032.000000
188742352896.000000
188414885888.000000
188088074240.000000
187761950720.000000
187436498944.000000
187111702528.000000
186787561472.000000
186464075776.000000
186141245440.000000
185819070464.000000
185497518080.000000
185176621056.000000
184856346624.000000
184536711168.000000
184217698304.000000
183899308032.000000
183581540352.000000
183264395264.000000
182947856384.000000
182631923712.000000
182316597248.000000
182001860608.000000
181687730176.000000
181374205952.000000
181061255168.000000
180748894208.000000
180437123072.000000
180125925376.000000
179815301120.000000
179505250304.000000
179195772928.000000
178886852608.000000
178578505728.000000
178270699520.000000
177963466752.000000
177656791040.000000
177350656000.000000
177045061632.000000
176740007936.000000
176435494912.000000
176131522560.000000
175828090880.000000
175525183488.000000
175222800384.000000
174920941568.000000
174619607040.000000
174318780416.000000
174018478080.000000
173718683648.000000
173419397120.000000
173120618496.000000
172822331392.000000
172524568576.000000
172227280896.000000
171930501120.000000
171634196480.000000
171338399744.000000
171043078144.000000
170748248064.000000
170453893120.000000
170160013312.000000
169866608640.000000
169573679104.000000
169281224704.000000
168989229056.000000
168697708544.000000
168406630400.000000
168116027392.000000
167825883136.000000
167536181248.000000
167246938112.000000
166958153728.000000
166669795328.000000
166381895680.000000
166094438400.000000
165807423488.000000
165520834560.000000
165234688000.000000
164948967424.000000
164663672832.000000
164378820608.000000
164094394368.000000
163810377728.000000
163526787072.000000
163243622400.000000
162960867328.000000
162678538240.000000
162396602368.000000
162115092480.000000
161833992192.000000
161553285120.000000
161272987648.000000
160993083392.000000
160713588736.000000
160434487296.000000
160155795456.000000
159877480448.000000
159599558656.000000
159322030080.000000
159044894720.000000
158768136192.000000
158491754496.000000
158215766016.000000
157940154368.000000
157664919552.000000
157390061568.000000
157115580416.000000
156841476096.000000
156567732224.000000
156294365184.000000
156021358592.000000
155748712448.000000
155476443136.000000
155204517888.000000
154932969472.000000
154661765120.000000
154390921216.000000
154120437760.000000
153850298368.000000
153580519424.000000
153311084544.000000
153042010112.000000
152773263360.000000
152504877056.000000
152236818432.000000
151969103872.000000
151701733376.000000
151434706944.000000
151168008192.000000
150901653504.000000
150635626496.000000
150369927168.000000
150104571904.000000
149839527936.000000
149574828032.000000
149310439424.000000
149046394880.000000
148782661632.000000
148519256064.000000
148256161792.000000
147993395200.000000
147730939904.000000
147468795904.000000
147206979584.000000
146945474560.000000
146684264448.000000
146423382016.000000
146162810880.000000
145902534656.000000
145642586112.000000
145382932480.000000
145123573760.000000
144864526336.000000
144605773824.000000
144347332608.000000
144089186304.000000
143831334912.000000
143573794816.000000
143316533248.000000
143059582976.000000
142802911232.000000
142546534400.000000
142290452480.000000
142034649088.000000
141779140608.000000
141523927040.000000
141268992000.000000
141014351872.000000
140759990272.000000
140505907200.000000
140252102656.000000
139998593024.000000
139745345536.000000
139492392960.000000
139239702528.000000
138987307008.000000
138735173632.000000
138483318784.000000
138231742464.000000
137980428288.000000
137729392640.000000
137478619136.000000
137228124160.000000
136977891328.000000
136727928832.000000
136478236672.000000
136228806656.000000
135979638784.000000
135730733056.000000
135482097664.000000
135233716224.000000
134985605120.000000
134737747968.000000
134490144768.000000
134242803712.000000
133995724800.000000
133748899840.000000
133502328832.000000
133256011776.000000
133009948672.000000
132764139520.000000
132518576128.000000
132273274880.000000
132028211200.000000
131783409664.000000
131538845696.000000
131294535680.000000
131050471424.000000
130806652928.000000
130563080192.000000
130319753216.000000
130076672000.000000
129833828352.000000
129591230464.000000
129348878336.000000
129106755584.000000
128864878592.000000
128623247360.000000
128381845504.000000
128140681216.000000
127899762688.000000
127659073536.000000
127418621952.000000
127178399744.000000
126938415104.000000
126698668032.000000
126459150336.000000
126219862016.000000
125980811264.000000
125741989888.000000
125503389696.000000
125265027072.000000
125026893824.000000
124788981760.000000
124551307264.000000
124313853952.000000
124076621824.000000
123839619072.000000
123602837504.000000
123366285312.000000
123129954304.000000
122893844480.000000
122657964032.000000
122422296576.000000
122186850304.000000
121951633408.000000
121716629504.000000
121481838592.000000
121247277056.000000
121012928512.000000
120778801152.000000
120544886784.000000
120311185408.000000
120077705216.000000
119844438016.000000
119611383808.000000
119378542592.000000
119145914368.000000
118913499136.000000
118681305088.000000
118449315840.000000
118217531392.000000
117985968128.000000
117754609664.000000
117523456000.000000
117292515328.000000
117061787648.000000
116831264768.000000
116600946688.000000
116370841600.000000
116140933120.000000
115911237632.000000
115681746944.000000
115452461056.000000
115223371776.000000
114994495488.000000
114765815808.000000
114537349120.000000
114309070848.000000
114081005568.000000
113853136896.000000
113625473024.000000
113398005760.000000
113170735104.000000
112943669248.000000
112716800000.000000
112490127360.000000
112263659520.000000
112037380096.000000
111811305472.000000
111585419264.000000
111359737856.000000
111134244864.000000
110908956672.000000
110683856896.000000
110458945536.000000
110234238976.000000
110009720832.000000
109785391104.000000
109561257984.000000
109337321472.000000
109113573376.000000
108890013696.000000
108666650624.000000
108443475968.000000
108220489728.000000
107997691904.000000
107775082496.000000
107552669696.000000
107330437120.000000
107108392960.000000
106886537216.000000
106664869888.000000
106443390976.000000
106222092288.000000
106000990208.000000
105780060160.000000
105559326720.000000
105338773504.000000
105118400512.000000
104898215936.000000
104678211584.000000
104458395648.000000
104238759936.000000
104019304448.000000
103800037376.000000
103580942336.000000
103362035712.000000
103143309312.000000
102924763136.000000
102706388992.000000
102488203264.000000
102270197760.000000
102052364288.000000
101834711040.000000
101617238016.000000
101399945216.000000
101182824448.000000
100965883904.000000
100749123584.000000
100532535296.000000
100316119040.000000
100099883008.000000
99883827200.000000
99667935232.000000
99452231680.000000
99236691968.000000
99021324288.000000
98806136832.000000
98591121408.000000
98376278016.000000
98161606656.000000
97947107328.000000
97732780032.000000
97518624768.000000
97304633344.000000
97090822144.000000
96877174784.000000
96663699456.000000
96450396160.000000
96237264896.000000
96024297472.000000
95811502080.000000
95598870528.000000
95386411008.000000
95174115328.000000
94961983488.000000
94750023680.000000
94538235904.000000
94326611968.000000
94115143680.000000
93903855616.000000
93692723200.000000
93481754624.000000
93270958080.000000
93060325376.000000
92849848320.000000
92639543296.000000
92429402112.000000
92219416576.000000
92009594880.000000
91799945216.000000
91590443008.000000
91381112832.000000
91171946496.000000
90962935808.000000
90754080768.000000
90545389568.000000
90336862208.000000
90128498688.000000
89920282624.000000
89712238592.000000
89504342016.000000
89296609280.000000
89089032192.000000
88881618944.000000
88674361344.000000
88467259392.000000
88260313088.000000
88053522432.000000
87846895616.000000
87640416256.000000
87434092544.000000
87227932672.000000
87021920256.000000
86816063488.000000
86610362368.000000
86404816896.000000
86199427072.000000
85994184704.000000
85789097984.000000
85584166912.000000
85379391488.000000
85174763520.000000
84970283008.000000
84765958144.000000
84561788928.000000
84357767168.000000
84153892864.000000
83950174208.000000
83746603008.000000
83543179264.000000
83339911168.000000
83136790528.000000
82933817344.000000
82730991616.000000
82528321536.000000
82325790720.000000
82123407360.000000
81921179648.000000
81719091200.000000
81517150208.000000
81315364864.000000
81113718784.000000
80912220160.000000
80710860800.000000
80509657088.000000
80308592640.000000
80107667456.000000
79906897920.000000
79706267648.000000
79505776640.000000
79305433088.000000
79105236992.000000
78905180160.000000
78705262592.000000
78505492480.000000
78305861632.000000
78106370048.000000
77907025920.000000
77707821056.000000
77508755456.000000
77309829120.000000
77111042048.000000
76912402432.000000
76713893888.000000
76515532800.000000
76317302784.000000
76119220224.000000
75921268736.000000
75723456512.000000
75525783552.000000
75328249856.000000
75130847232.000000
74933583872.000000
74736459776.000000
74539474944.000000
74342621184.000000
74145906688.000000
73949323264.000000
73752879104.000000
73556566016.000000
73360384000.000000
73164349440.000000
72968437760.000000
72772665344.000000
72577015808.000000
72381513728.000000
72186134528.000000
71990894592.000000
71795777536.000000
71600799744.000000
71405953024.000000
71211237376.000000
71016652800.000000
70822199296.000000
70627868672.000000
70433677312.000000
70239608832.000000
70045679616.000000
69851873280.000000
69658189824.000000
69464645632.000000
69271224320.000000
69077934080.000000
68884766720.000000
68691730432.000000
68498821120.000000
68306034688.000000
68113379328.000000
67920846848.000000
67728441344.000000
67536162816.000000
67344007168.000000
67151978496.000000
66960076800.000000
66768293888.000000
66576637952.000000
66385108992.000000
66193698816.000000
66002411520.000000
65811251200.000000
65620209664.000000
65429291008.000000
65238495232.000000
65047822336.000000
64857268224.000000
64666836992.000000
64476524544.000000
64286334976.000000
64096264192.000000
63906316288.000000
63716483072.000000
63526772736.000000
63337181184.000000
63147704320.000000
62958350336.000000
62769111040.000000
62579990528.000000
62390988800.000000
62202105856.000000
62013337600.000000
61824684032.000000
61636149248.000000
61447729152.000000
61259423744.000000
61071237120.000000
60883161088.000000
60695203840.000000
60507357184.000000
60319629312.000000
60132012032.000000
59944505344.000000
59757117440.000000
59569840128.000000
59382677504.000000
59195621376.000000
59008684032.000000
58821853184.000000
58635137024.000000
58448531456.000000
58262036480.000000
58075648000.000000
57889374208.000000
57703211008.000000
57517154304.000000
57331208192.000000
57145372672.000000
56959643648.000000
56774021120.000000
56588509184.000000
56403103744.000000
56217804800.000000
56032616448.000000
55847530496.000000
55662555136.000000
55477686272.000000
55292919808.000000
55108259840.000000
54923706368.000000
54739255296.000000
54554910720.000000
54370668544.000000
54186532864.000000
54002499584.000000
53818568704.000000
53634744320.000000
53451018240.000000
53267398656.000000
53083877376.000000
52900462592.000000
52717146112.000000
52533932032.000000
52350816256.000000
52167802880.000000
51984891904.000000
51802075136.000000
51619364864.000000
51436748800.000000
51254235136.000000
51071815680.000000
50889498624.000000
50707279872.000000
50525155328.000000
50343133184.000000
50161205248.000000
49979371520.000000
49797640192.000000
49615998976.000000
49434460160.000000
49253011456.000000
49071661056.000000
48890404864.000000
48709242880.000000
48528175104.000000
48347201536.000000
48166318080.000000
47985532928.000000
47804837888.000000
47624237056.000000
47443730432.000000
47263313920.000000
47082987520.000000
46902755328.000000
46722613248.000000
46542561280.000000
46362599424.000000
46182731776.000000
46002950144.000000
45823258624.000000
45643657216.000000
45464145920.000000
45284720640.000000
45105385472.000000
44926136320.000000
44746973184.000000
44567900160.000000
44388917248.000000
44210016256.000000
44031205376.000000
43852476416.000000
43673833472.000000
43495280640.000000
43316809728.000000
43138424832.000000
42960121856.000000
42781904896.000000
42603769856.000000
42425720832.000000
42247753728.000000
42069868544.000000
41892069376.000000
41714348032.000000
41536712704.000000
41359155200.000000
41181679616.000000
41004285952.000000
40826974208.000000
40649740288.000000
40472588288.000000
40295514112.000000
40118521856.000000
39941607424.000000
39764770816.000000
39588012032.000000
39411335168.000000
39234732032.000000
39058206720.000000
38881759232.000000
38705389568.000000
38529093632.000000
38352875520.000000
38176731136.000000
38000664576.000000
37824671744.000000
37648756736.000000
37472911360.000000
37297143808.000000
37121449984.000000
36945825792.000000
36770279424.000000
36594802688.000000
36419399680.000000
36244070400.000000
36068810752.000000
35893620736.000000
35718504448.000000
35543461888.000000
35368484864.000000
35193581568.000000
35018747904.000000
34843979776.000000
34669285376.000000
34494656512.000000
34320099328.000000
34145609728.000000
33971187712.000000
33796831232.000000
33622544384.000000
33448325120.000000
33274169344.000000
33100083200.000000
32926060544.000000
32752105472.000000
32578213888.000000
32404387840.000000
32230627328.000000
32056930304.000000
31883296768.000000
31709728768.000000
31536222208.000000
31362779136.000000
31189399552.000000
31016081408.000000
30842824704.000000
30669629440.000000
30496497664.000000
30323425280.000000
30150414336.000000
29977462784.000000
29804572672.000000
29631739904.000000
29458968576.000000
29286256640.000000
29113602048.000000
28941004800.000000
28768466944.000000
28595988480.000000
28423565312.000000
28251199488.000000
28078888960.000000
27906637824.000000
27734439936.000000
27562299392.000000
27390214144.000000
27218182144.000000
27046207488.000000
26874284032.000000
26702417920.000000
26530603008.000000
26358843392.000000
26187134976.000000
26015479808.000000
25843877888.000000
25672327168.000000
25500829696.000000
25329381376.000000
25157984256.000000
24986638336.000000
24815343616.000000
24644098048.000000
24472903680.000000
24301756416.000000
24130658304.000000
23959611392.000000
23788609536.000000
23617656832.000000
23446753280.000000
23275894784.000000
23105085440.000000
22934321152.000000
22763603968.000000
22592933888.000000
22422306816.000000
22251726848.000000
22081191936.000000
21910700032.000000
21740255232.000000
21569851392.000000
21399492608.000000
21229176832.000000
21058904064.000000
20888674304.000000
20718487552.000000
20548341760.000000
20378236928.000000
20208175104.000000
20038152192.000000
19868170240.000000
19698229248.000000
19528329216.000000
19358468096.000000
19188645888.000000
19018862592.000000
18849116160.000000
18679410688.000000
18509742080.000000
18340110336.000000
18170517504.000000
18000959488.000000
17831438336.000000
17661954048.000000
17492506624.000000
17323094016.000000
17153715200.000000
16984373248.000000
16815064064.000000
16645789696.000000
16476550144.000000
16307342336.000000
16138169344.000000
15969028096.000000
15799919616.000000
15630842880.000000
15461798912.000000
15292785664.000000
15123804160.000000
14954852352.000000
14785931264.000000
14617040896.000000
14448180224.000000
14279348224.000000
14110545920.000000
13941772288.000000
13773027328.000000
13604310016.000000
13435620352.000000
13266958336.000000
13098322944.000000
12929714176.000000
12761132032.000000
12592576512.000000
12424045568.000000
12255540224.000000
12087060480.000000
11918605312.000000
11750173696.000000
11581766656.000000
11413383168.000000
11245023232.000000
11076684800.000000
10908370944.000000
10740077568.000000
10571807744.000000
10403558400.000000
10235330560.000000
10067123200.000000
9898937344.000000
9730770944.000000
9562625024.000000
9394497536.000000
9226390528.000000
9058301952.000000
8890231808.000000
8722179072.000000
8554145280.000000
8386128384.000000
8218128384.000000
8050145792.000000
7882179072.000000
7714228736.000000
7546294272.000000
7378375168.000000
7210470912.000000
7042581504.000000
6874706944.000000
6706845696.000000
6538998784.000000
6371164672.000000
6203344384.000000
6035535872.000000
5867740160.000000
5699956224.000000
5532184576.000000
5364423680.000000
5196673536.000000
5028934656.000000
4861205504.000000
4693486592.000000
4525777408.000000
4358076928.000000
4190385920.000000
4022703104.000000
3855028736.000000
3687362304.000000
3519703296.000000
3352051456.000000
3184406528.000000
3016768256.000000
2849135872.000000
2681509632.000000
2513888768.000000
2346272768.000000
2178661888.000000
2011055360.000000
1843452928.000000
1675854336.000000
1508259072.000000
1340667008.000000
1173077632.000000
1005490624.000000
837905728.000000
670322496.000000
502740736.000000
335159872.000000
167579808.000000
-26.830845
-167579728.000000
-335159904.000000
-502740640.000000
-670322560.000000
-837905664.000000
-1005490688.000000
-1173077504.000000
-1340667008.000000
-1508259072.000000
-1675854336.000000
-1843452928.000000
-2011055360.000000
-2178661888.000000
-2346272768.000000
-2513888512.000000
-2681509632.000000
-2849135872.000000
-3016768256.000000
-3184406528.000000
-3352051456.000000
-3519703296.000000
-3687362304.000000
-3855028736.000000
-4022703360.000000
-4190385920.000000
-4358076928.000000
-4525777408.000000
-4693486592.000000
-4861205504.000000
-5028934656.000000
-5196673536.000000
-5364423680.000000
-5532184064.000000
-5699956736.000000
-5867740160.000000
-6035535872.000000
-6203343872.000000
-6371164672.000000
-6538998784.000000
-6706845696.000000
-6874706944.000000
-7042582016.000000
-7210470912.000000
-7378375168.000000
-7546294272.000000
-7714228736.000000
-7882179072.000000
-8050145792.000000
-8218128384.000000
-8386128384.000000
-8554144768.000000
-8722179072.000000
-8890231808.000000
-9058301952.000000
-9226390528.000000
-9394497536.000000
-9562625024.000000
-9730770944.000000
-9898937344.000000
-10067123200.000000
-10235330560.000000
-10403558400.000000
-10571807744.000000
-10740077568.000000
-10908370944.000000
-11076685824.000000
-11245022208.000000
-11413383168.000000
-11581766656.000000
-11750173696.000000
-11918605312.000000
-12087060480.000000
-12255540224.000000
-12424045568.000000
-12592576512.000000
-12761132032.000000
-12929714176.000000
-13098322944.000000
-13266958336.000000
-13435620352.000000
-13604310016.000000
-13773027328.000000
-13941772288.000000
-14110545920.000000
-14279348224.000000
-14448180224.000000
-14617040896.000000
-14785931264.000000
-14954852352.000000
-15123804160.000000
-15292785664.000000
-15461798912.000000
-15630842880.000000
-15799919616.000000
-15969028096.000000
-16138169344.000000
-16307342336.000000
-16476550144.000000
-16645789696.000000
-16815064064.000000
-16984372224.000000
-17153715200.000000
-17323094016.000000
-17492506624.000000
-17661954048.000000
-17831438336.000000
-18000959488.000000
-18170517504.000000
-18340110336.000000
-18509742080.000000
-18679410688.000000
-18849116160.000000
-19018862592.000000
-19188645888.000000
-19358468096.000000
-19528329216.000000
-19698229248.000000
-19868172288.000000
-20038152192.000000
-20208175104.000000
-20378236928.000000
-20548341760.000000
-20718487552.000000
-20888674304.000000
-21058904064.000000
-21229176832.000000
-21399492608.000000
-21569851392.000000
-21740255232.000000
-21910700032.000000
-22081191936.000000
-22251726848.000000
-22422306816.000000
-22592933888.000000
-22763603968.000000
-22934321152.000000
-23105085440.000000
-23275896832.000000
-23446753280.000000
-23617656832.000000
-23788609536.000000
-23959611392.000000
-24130658304.000000
-24301756416.000000
-24472903680.000000
-24644098048.000000
-24815343616.000000
-24986638336.000000
-25157984256.000000
-25329381376.000000
-25500829696.000000
-25672327168.000000
-25843877888.000000
-26015479808.000000
-26187134976.000000
-26358843392.000000
-26530603008.000000
-26702417920.000000
-26874284032.000000
-27046207488.000000
-27218182144.000000
-27390214144.000000
-27562299392.000000
-27734439936.000000
-27906637824.000000
-28078888960.000000
-28251199488.000000
-28423565312.000000
-28595986432.000000
-28768466944.000000
-28941004800.000000
-29113602048.000000
-29286256640.000000
-29458968576.000000
-29631739904.000000
-29804572672.000000
-29977462784.000000
-30150414336.000000
-30323425280.000000
-30496497664.000000
-30669629440.000000
-30842824704.000000
-31016081408.000000
-31189399552.000000
-31362779136.000000
-31536222208.000000
-31709728768.000000
-31883296768.000000
-32056930304.000000
-32230627328.000000
-32404387840.000000
-32578213888.000000
-32752105472.000000
-32926060544.000000
-33100083200.000000
-33274169344.000000
-33448325120.000000
-33622544384.000000
-33796831232.000000
-33971187712.000000
-34145609728.000000
-34320099328.000000
-34494656512.000000
-34669285376.000000
-34843979776.000000
-35018747904.000000
-35193581568.000000
-35368484864.000000
-35543461888.000000
-35718504448.000000
-35893620736.000000
-36068810752.000000
-36244070400.000000
-36419399680.000000
-36594802688.000000
-36770279424.000000
-36945825792.000000
-37121449984.000000
-37297143808.000000
-37472911360.000000
-37648756736.000000
-37824671744.000000
-38000664576.000000
-38176731136.000000
-38352875520.000000
-38529093632.000000
-38705389568.000000
-38881759232.000000
-39058206720.000000
-39234732032.000000
-39411335168.000000
-39588012032.000000
-39764770816.000000
-39941607424.000000
-40118521856.000000
-40295514112.000000
-40472588288.000000
-40649740288.000000
-40826974208.000000
-41004285952.000000
-41181679616.000000
-41359155200.000000
-41536712704.000000
-41714348032.000000
-41892069376.000000
-42069868544.000000
-42247753728.000000
-42425720832.000000
-42603769856.000000
-42781904896.000000
-42960121856.000000
-43138424832.000000
-43316809728.000000
-43495280640.000000
-43673833472.000000
-43852476416.000000
-44031205376.000000
-44210016256.000000
-44388917248.000000
-44567900160.000000
-44746973184.000000
-44926136320.000000
-45105385472.000000
-45284720640.000000
-45464145920.000000
-45643657216.000000
-45823258624.000000
-46002950144.000000
-46182731776.000000
-46362599424.000000
-46542561280.000000
-46722613248.000000
-46902755328.000000
-47082987520.000000
-47263313920.000000
-47443730432.000000
-47624237056.000000
-47804837888.000000
-47985532928.000000
-48166318080.000000
-48347201536.000000
-48528175104.000000
-48709242880.000000
-48890404864.000000
-49071661056.000000
-49253011456.000000
-49434460160.000000
-49615998976.000000
-49797640192.000000
-49979371520.000000
-50161205248.000000
-50343133184.000000
-50525155328.000000
-50707279872.000000
-50889498624.000000
-51071815680.000000
-51254235136.000000
-51436748800.000000
-51619364864.000000
-51802079232.000000
-51984891904.000000
-52167802880.000000
-52350816256.000000
-52533932032.000000
-52717146112.000000
-52900462592.000000
-53083877376.000000
-53267398656.000000
-53451018240.000000
-53634744320.000000
-53818568704.000000
-54002499584.000000
-54186532864.000000
-54370668544.000000
-54554910720.000000
-54739255296.000000
-54923706368.000000
-55108259840.000000
-55292919808.000000
-55477686272.000000
-55662555136.000000
-55847534592.000000
-56032616448.000000
-56217804800.000000
-56403103744.000000
-56588509184.000000
-56774021120.000000
-56959643648.000000
-57145372672.000000
-57331208192.000000
-57517154304.000000
-57703211008.000000
-57889374208.000000
-58075652096.000000
-58262036480.000000
-58448531456.000000
-58635137024.000000
-58821853184.000000
-59008684032.000000
-59195621376.000000
-59382673408.000000
-59569840128.000000
-59757117440.000000
-59944505344.000000
-60132012032.000000
-60319629312.000000
-60507357184.000000
-60695203840.000000
-60883161088.000000
-61071237120.000000
-61259423744.000000
-61447729152.000000
-61636149248.000000
-61824684032.000000
-62013337600.000000
-62202105856.000000
-62390988800.000000
-62579990528.000000
-62769111040.000000
-62958350336.000000
-63147704320.000000
-63337181184.000000
-63526772736.000000
-63716483072.000000
-63906316288.000000
-64096264192.000000
-64286334976.000000
-64476524544.000000
-64666836992.000000
-64857268224.000000
-65047822336.000000
-65238495232.000000
-65429291008.000000
-65620209664.000000
-65811251200.000000
-66002411520.000000
-66193698816.000000
-66385108992.000000
-66576637952.000000
-66768293888.000000
-66960076800.000000
-67151978496.000000
-67344007168.000000
-67536162816.000000
-67728441344.000000
-67920846848.000000
-68113379328.000000
-68306034688.000000
-68498821120.000000
-68691730432.000000
-68884766720.000000
-69077934080.000000
-69271224320.000000
-69464645632.000000
-69658189824.000000
-69851873280.000000
-70045679616.000000
-70239608832.000000
-70433677312.000000
-70627868672.000000
-70822199296.000000
-71016652800.000000
-71211237376.000000
-71405953024.000000
-71600799744.000000
-71795777536.000000
-71990894592.000000
-72186134528.000000
-72381513728.000000
-72577015808.000000
-72772665344.000000
-72968437760.000000
-73164341248.000000
-73360384000.000000
-73556566016.000000
-73752879104.000000
-73949323264.000000
-74145906688.000000
-74342621184.000000
-74539474944.000000
-74736459776.000000
-74933583872.000000
-75130847232.000000
-75328249856.000000
-75525783552.000000
-75723456512.000000
-75921268736.000000
-76119220224.000000
-76317302784.000000
-76515532800.000000
-76713893888.000000
-76912402432.000000
-77111042048.000000
-77309829120.000000
-77508755456.000000
-77707821056.000000
-77907025920.000000
-78106370048.000000
-78305861632.000000
-78505492480.000000
-78705262592.000000
-78905180160.000000
-79105236992.000000
-79305433088.000000
-79505776640.000000
-79706267648.000000
-79906897920.000000
-80107667456.000000
-80308592640.000000
-80509657088.000000
-80710860800.000000
-80912220160.000000
-81113718784.000000
-81315364864.000000
-81517150208.000000
-81719091200.000000
-81921179648.000000
-82123407360.000000
-82325790720.000000
-82528321536.000000
-82730991616.000000
-82933817344.000000
-83136790528.000000
-83339911168.000000
-83543179264.000000
-83746603008.000000
-83950174208.000000
-84153892864.000000
-84357767168.000000
-84561788928.000000
-84765958144.000000
-84970283008.000000
-85174763520.000000
-85379391488.000000
-85584166912.000000
-85789097984.000000
-85994184704.000000
-86199427072.000000
-86404816896.000000
-86610362368.000000
-86816063488.000000
-87021920256.000000
-87227932672.000000
-87434092544.000000
-87640416256.000000
-87846895616.000000
-88053522432.000000
-88260313088.000000
-88467259392.000000
-88674361344.000000
-88881618944.000000
-89089032192.000000
-89296609280.000000
-89504342016.000000
-89712238592.000000
-89920282624.000000
-90128498688.000000
-90336862208.000000
-90545389568.000000
-90754080768.000000
-90962935808.000000
-91171946496.000000
-91381112832.000000
-91590443008.000000
-91799945216.000000
-92009594880.000000
-92219416576.000000
-92429402112.000000
-92639543296.000000
-92849848320.000000
-93060325376.000000
-93270958080.000000
-93481754624.000000
-93692723200.000000
-93903855616.000000
-94115143680.000000
-94326611968.000000
-94538235904.000000
-94750023680.000000
-94961983488.000000
-95174115328.000000
-95386411008.000000
-95598870528.000000
-95811502080.000000
-96024297472.000000
-96237264896.000000
-96450396160.000000
-96663699456.000000
-96877174784.000000
-97090822144.000000
-97304633344.000000
-97518624768.000000
-97732780032.000000
-97947107328.000000
-98161606656.000000
-98376278016.000000
-98591121408.000000
-98806136832.000000
-99021324288.000000
-99236691968.000000
-99452231680.000000
-99667943424.000000
-99883827200.000000
-100099883008.000000
-100316119040.000000
-100532535296.000000
-100749123584.000000
-100965883904.000000
-101182824448.000000
-101399945216.000000
-101617238016.000000
-101834711040.000000
-102052364288.000000
-102270197760.000000
-102488203264.000000
-102706388992.000000
-102924763136.000000
-103143309312.000000
-103362035712.000000
-103580942336.000000
-103800037376.000000
-104019304448.000000
-104238759936.000000
-104458395648.000000
-104678211584.000000
-104898215936.000000
-105118400512.000000
-105338773504.000000
-105559326720.000000
-105780060160.000000
-106000990208.000000
-106222092288.000000
-106443390976.000000
-106664869888.000000
-106886537216.000000
-107108392960.000000
-107330437120.000000
-107552669696.000000
-107775082496.000000
-107997691904.000000
-108220489728.000000
-108443475968.000000
-108666650624.000000
-108890013696.000000
-109113573376.000000
-109337321472.000000
-109561257984.000000
-109785391104.000000
-110009720832.000000
-110234238976.000000
-110458945536.000000
-110683856896.000000
-110908956672.000000
-111134244864.000000
-111359737856.000000
-111585419264.000000
-111811305472.000000
-112037380096.000000
-112263659520.000000
-112490127360.000000
-112716800000.000000
-112943669248.000000
-113170735104.000000
-113398005760.000000
-113625473024.000000
-113853136896.000000
-114081005568.000000
-114309070848.000000
-114537349120.000000
-114765815808.000000
-114994495488.000000
-115223371776.000000
-115452461056.000000
-115681746944.000000
-115911237632.000000
-116140933120.000000
-116370841600.000000
-116600946688.000000
-116831264768.000000
-117061787648.000000
-117292515328.000000
-117523456000.000000
-117754609664.000000
-117985968128.000000
-118217531392.000000
-118449315840.000000
-118681305088.000000
-118913499136.000000
-119145914368.000000
-119378542592.000000
-119611383808.000000
-119844438016.000000
-120077705216.000000
-120311185408.000000
-120544886784.000000
-120778801152.000000
-121012928512.000000
-121247277056.000000
-121481838592.000000
-121716629504.000000
-121951633408.000000
-122186850304.000000
-122422296576.000000
-122657964032.000000
-122893844480.000000
-123129954304.000000
-123366285312.000000
-123602837504.000000
-123839619072.000000
-124076621824.000000
-124313853952.000000
-124551307264.000000
-124788981760.000000
-125026893824.000000
-125265027072.000000
-125503389696.000000
-125741989888.000000
-125980811264.000000
-126219862016.000000
-126459150336.000000
-126698668032.000000
-126938415104.000000
-127178399744.000000
-127418621952.000000
-127659073536.000000
-127899762688.000000
-128140681216.000000
-128381845504.000000
-128623247360.000000
-128864878592.000000
-129106755584.000000
-129348878336.000000
-129591230464.000000
-129833828352.000000
-130076672000.000000
-130319753216.000000
-130563080192.000000
-130806652928.000000
-131050471424.000000
-131294535680.000000
-131538845696.000000
-131783409664.000000
-132028211200.000000
-132273274880.000000
-132518576128.000000
-132764139520.000000
-133009948672.000000
-133256011776.000000
-133502328832.000000
-133748899840.000000
-133995724800.000000
-134242803712.000000
-134490144768.000000
-134737747968.000000
-134985605120.000000
-135233716224.000000
-135482097664.000000
-135730733056.000000
-135979638784.000000
-136228806656.000000
-136478236672.000000
-136727928832.000000
-136977891328.000000
-137228124160.000000
-137478619136.000000
-137729392640.000000
-137980428288.000000
-138231742464.000000
-138483318784.000000
-138735173632.000000
-138987307008.000000
-139239702528.000000
-139492392960.000000
-139745345536.000000
-139998593024.000000
-140252102656.000000
-140505907200.000000
-140759990272.000000
-141014351872.000000
-141268992000.000000
-141523927040.000000
-141779140608.000000
-142034649088.000000
-142290452480.000000
-142546534400.000000
-142802911232.000000
-143059582976.000000
-143316533248.000000
-143573794816.000000
-143831334912.000000
-144089186304.000000
-144347332608.000000
-144605773824.000000
-144864526336.000000
-145123573760.000000
-145382932480.000000
-145642586112.000000
-145902534656.000000
-146162810880.000000
-146423382016.000000
-146684264448.000000
-146945474560.000000
-147206979584.000000
-147468795904.000000
-147730939904.000000
-147993395200.000000
-148256161792.000000
-148519256064.000000
-148782661632.000000
-149046394880.000000
-149310439424.000000
-149574828032.000000
-149839527936.000000
-150104571904.000000
-150369927168.000000
-150635626496.000000
-150901653504.000000
-151168008192.000000
-151434706944.000000
-151701733376.000000
-151969103872.000000
-152236818432.000000
-152504877056.000000
-152773263360.000000
-153042010112.000000
-153311084544.000000
-153580519424.000000
-153850298368.000000
-154120437760.000000
-154390921216.000000
-154661765120.000000
-154932969472.000000
-155204517888.000000
-155476443136.000000
-155748712448.000000
-156021358592.000000
-156294365184.000000
-156567732224.000000
-156841476096.000000
-157115580416.000000
-157390061568.000000
-157664919552.000000
-157940154368.000000
-158215766016.000000
-158491754496.000000
-158768136192.000000
-159044894720.000000
-159322030080.000000
-159599558656.000000
-159877480448.000000
-160155795456.000000
-160434487296.000000
-160713588736.000000
-160993083392.000000
-161272987648.000000
-161553285120.000000
-161833992192.000000
-162115092480.000000
-162396602368.000000
-162678538240.000000
-162960867328.000000
-163243622400.000000
-163526787072.000000
-163810377728.000000
-164094394368.000000
-164378820608.000000
-164663672832.000000
-164948967424.000000
-165234688000.000000
-165520834560.000000
-165807423488.000000
-166094438400.000000
-166381895680.000000
-166669795328.000000
-166958153728.000000
-167246938112.000000
-167536181248.000000
-167825883136.000000
-168116027392.000000
-168406630400.000000
-168697708544.000000
-168989229056.000000
-169281224704.000000
-169573679104.000000
-169866608640.000000
-170160013312.000000
-170453893120.000000
-170748248064.000000
-171043078144.000000
-171338399744.000000
-171634196480.000000
-171930501120.000000
-172227280896.000000
-172524568576.000000
-172822331392.000000
-173120618496.000000
-173419397120.000000
-173718683648.000000
-174018478080.000000
-174318780416.000000
-174619590656.000000
-174920941568.000000
-175222800384.000000
-175525183488.000000
-175828090880.000000
-176131522560.000000
-176435494912.000000
-176740007936.000000
-177045061632.000000
-177350656000.000000
-177656791040.000000
-177963466752.000000
-178270699520.000000
-178578505728.000000
-178886852608.000000
-179195772928.000000
-179505250304.000000
-179815301120.000000
-180125925376.000000
-180437123072.000000
-180748894208.000000
-181061255168.000000
-181374205952.000000
-181687730176.000000
-182001860608.000000
-182316597248.000000
-182631923712.000000
-182947856384.000000
-183264395264.000000
-183581540352.000000
-183899308032.000000
-184217698304.000000
-184536711168.000000
-184856346624.000000
-185176621056.000000
-185497518080.000000
-185819070464.000000
-186141245440.000000
-186464075776.000000
-186787561472.000000
-187111702528.000000
-187436498944.000000
-187761950720.000000
-188088090624.000000
-188414885888.000000
-188742352896.000000
-189070508032.000000
-189399334912.000000
-189728866304.000000
-190059085824.000000
-190389993472.000000
-190721605632.000000
-191053922304.000000
-191386959872.000000
-191720701952.000000
-192055164928.000000
-192390348800.000000
-192726269952.000000
-193062928384.000000
-193400307712.000000
-193738440704.000000
-194077310976.000000
-194416934912.000000
-194757328896.000000
-195098460160.000000
-195440377856.000000
-195783065600.000000
-196126523392.000000
-196470751232.000000
-196815781888.000000
-197161598976.000000
-197508218880.000000
-197855625216.000000
-198203834368.000000
-198552879104.000000
-198902726656.000000
-199253393408.000000
-199604879360.000000
-199957217280.000000
-200310374400.000000
-200664383488.000000
-201019244544.000000
-201374957568.000000
-201731522560.000000
-202088972288.000000
-202447273984.000000
-202806460416.000000
-203166531584.000000
-203527471104.000000
-203889328128.000000
-204252069888.000000
-204615729152.000000
-204980289536.000000
-205345767424.000000
-205712162816.000000
-206079508480.000000
-206447771648.000000
-206816985088.000000
-207187132416.000000
-207558246400.000000
-207930310656.000000
-208303341568.000000
-208677339136.000000
-209052336128.000000
-209428299776.000000
-209805262848.000000
-210183208960.000000
-210562170880.000000
-210942148608.000000
-211323125760.000000
-211705135104.000000
-212088193024.000000
-212472266752.000000
-212857389056.000000
-213243559936.000000
-213630795776.000000
-214019080192.000000
-214408445952.000000
-214798893056.000000
-215190421504.000000
-215583047680.000000
-215976771584.000000
-216371609600.000000
-216767545344.000000
-217164611584.000000
-217562808320.000000
-217962135552.000000
-218362609664.000000
-218764230656.000000
-219166998528.000000
-219570946048.000000
-219976073216.000000
-220382363648.000000
-220789866496.000000
-221198548992.000000
-221608427520.000000
-222019534848.000000
-222431854592.000000
-222845403136.000000
-223260180480.000000
-223676219392.000000
-224093487104.000000
-224512032768.000000
-224931840000.000000
-225352925184.000000
-225775288320.000000
-226198962176.000000
-226623913984.000000
-227050192896.000000
-227477782528.000000
-227906699264.000000
-228336959488.000000
-228768546816.000000
-229201494016.000000
-229635817472.000000
-230071500800.000000
-230508544000.000000
-230946996224.000000
-231386841088.000000
-231828094976.000000
-232270757888.000000
-232714862592.000000
-233160376320.000000
-233607348224.000000
-234055761920.000000
-234505633792.000000
-234956996608.000000
-235409817600.000000
-235864129536.000000
-236319948800.000000
-236777275392.000000
-237236125696.000000
-237696499712.000000
-238158413824.000000
-238621868032.000000
-239086878720.000000
-239553462272.000000
-240021618688.000000
-240491364352.000000
-240962699264.000000
-241435656192.000000
-241910218752.000000
-242386419712.000000
-242864259072.000000
-243343736832.000000
-243824885760.000000
-244307689472.000000
-244792180736.000000
-245278359552.000000
-245766242304.000000
-246255845376.000000
-246747152384.000000
-247240212480.000000
-247735009280.000000
-248231559168.000000
-248729878528.000000
-249229967360.000000
-249731858432.000000
-250235535360.000000
-250741030912.000000
-251248345088.000000
-251757494272.000000
-252268494848.000000
-252781346816.000000
-253296066560.000000
-253812670464.000000
-254331158528.000000
-254851547136.000000
-255373852672.000000
-255898091520.000000
-256424263680.000000
-256952385536.000000
-257482457088.000000
-258014527488.000000
-258548563968.000000
-259084615680.000000
-259622666240.000000
-260162748416.000000
-260704845824.000000
-261249007616.000000
-261795233792.000000
-262343524352.000000
-262893895680.000000
-263446364160.000000
-264000946176.000000
-264557658112.000000
-265116499968.000000
-265677488128.000000
-266240638976.000000
-266805968896.000000
-267373494272.000000
-267943198720.000000
-268515131392.000000
-269089292288.000000
-269665681408.000000
-270244331520.000000
-270825242624.000000
-271408447488.000000
-271993929728.000000
-272581722112.000000
-273171841024.000000
-273764286464.000000
-274359091200.000000
-274956255232.000000
-275555778560.000000
-276157693952.000000
-276762034176.000000
-277368766464.000000
-277977956352.000000
-278589571072.000000
-279203643392.000000
-279820206080.000000
-280439259136.000000
-281060802560.000000
-281684836352.000000
-282311426048.000000
-282940571648.000000
-283572273152.000000
-284206530560.000000
-284843376640.000000
-285482844160.000000
-286124933120.000000
-286769643520.000000
-287417008128.000000
-288066994176.000000
-288719699968.000000
-289375092736.000000
-290033205248.000000
-290694004736.000000
-291357556736.000000
-292023861248.000000
-292692951040.000000
-293364793344.000000
-294039453696.000000
-294716932096.000000
-295397228544.000000
-296080375808.000000
-296766373888.000000
-297455222784.000000
-298146988032.000000
-298841669632.000000
-299539267584.000000
-300239781888.000000
-300943278080.000000
-301649723392.000000
-302359150592.000000
-303071592448.000000
-303787048960.000000
-304505520128.000000
-305227038720.000000
-305951637504.000000
-306679316480.000000
-307410075648.000000
-308143980544.000000
-308880965632.000000
-309621129216.000000
-310364438528.000000
-311110926336.000000
-311860592640.000000
-312613470208.000000
-313369591808.000000
-314128957440.000000
-314891567104.000000
-315657453568.000000
-316426616832.000000
-317199089664.000000
-317974872064.000000
-318754029568.000000
-319536529408.000000
-320322371584.000000
-321111621632.000000
-321904279552.000000
-322700378112.000000
-323499884544.000000
-324302864384.000000
-325109284864.000000
-325919211520.000000
-326732644352.000000
-327549583360.000000
-328370061312.000000
-329194110976.000000
-330021699584.000000
-330852892672.000000
-331687690240.000000
-332526092288.000000
-333368131584.000000
-334213808128.000000
-335063154688.000000
-335916204032.000000
-336772956160.000000
-337633378304.000000
-338497568768.000000
-339365527552.000000
-340237221888.000000
-341112684544.000000
-341991948288.000000
-342875045888.000000
-343761944576.000000
-344652709888.000000
-345547309056.000000
-346445807616.000000
-347348172800.000000
-348254470144.000000
-349164666880.000000
-350078828544.000000
-350996922368.000000
-351918981120.000000
-352845037568.000000
-353775058944.000000
-354709110784.000000
-355647193088.000000
-356589338624.000000
-357535514624.000000
-358485753856.000000
-359440089088.000000
-360398553088.000000
-361361080320.000000
-362327769088.000000
-363298586624.000000
-364273565696.000000
-365252673536.000000
-366236008448.000000
-367223504896.000000
-368215228416.000000
-369211146240.000000
-370211323904.000000
-371215728640.000000
-372224393216.000000
-373237317632.000000
-374254501888.000000
-375275978752.000000
-376301780992.000000
-377331843072.000000
-378366263296.000000
-379405008896.000000
-380448079872.000000
-381495476224.000000
-382547230720.000000
-383603376128.000000
-384663879680.000000
-385728741376.000000
-386797993984.000000
-387871637504.000000
-388949671936.000000
-390032130048.000000
-391118979072.000000
-392210219008.000000
-393305915392.000000
-394406002688.000000
-395510513664.000000
-396619415552.000000
-397732773888.000000
-398850555904.000000
-399972761600.000000
-401099390976.000000
-402230444032.000000
-403365888000.000000
-404505788416.000000
-405650079744.000000
-406798794752.000000
-407951900672.000000
-409109430272.000000
-410271318016.000000
-411437596672.000000
-412608266240.000000
-413783293952.000000
-414962679808.000000
-416146391040.000000
-417334460416.000000
-418526822400.000000
-419723509760.000000
-420924456960.000000
-422129664000.000000
-423339130880.000000
-424552824832.000000
-425770745856.000000
-426992828416.000000
-428219072512.000000
-429449445376.000000
-430683914240.000000
-431922479104.000000
-433165074432.000000
-434411700224.000000
-435662290944.000000
-436916846592.000000
-438175301632.000000
-439437623296.000000
-440703778816.000000
-441973702656.000000
-443247394816.000000
-444524756992.000000
-445805789184.000000
-447090393088.000000
-448378568704.000000
-449670217728.000000
-450965274624.000000
-452263739392.000000
-453565480960.000000
-454870499328.000000
-456178663424.000000
-457489940480.000000
-458804264960.000000
-460121538560.000000
-461441695744.000000
-462764670976.000000
-464090333184.000000
-465418649600.000000
-466749489152.000000
-468082786304.000000
-469418442752.000000
-470756360192.000000
-472096407552.000000
-473438519296.000000
-474782531584.000000
-476128411648.000000
-477475995648.000000
-478825185280.000000
-480175783936.000000
-481527791616.000000
-482880978944.000000
-484235247616.000000
-485590433792.000000
-486946439168.000000
-488303067136.000000
-489660219392.000000
-491017666560.000000
-492375343104.000000
-493733019648.000000
-495090565120.000000
-496447750144.000000
-497804476416.000000
-499160449024.000000
-500515635200.000000
-501869674496.000000
-503222534144.000000
-504573886464.000000
-505923600384.000000
-507271380992.000000
-508617129984.000000
-509960519680.000000
-511301386240.000000
-512639434752.000000
-513974534144.000000
-515306291200.000000
-516634607616.000000
-517959122944.000000
-519279640576.000000
-520595832832.000000
-521907503104.000000
-523214258176.000000
-524515966976.000000
-525812203520.000000
-527102771200.000000
-528387276800.000000
-529665523712.000000
-530937085952.000000
-532201766912.000000
-533459075072.000000
-534708846592.000000
-535950622720.000000
-537184141312.000000
-538408976384.000000
-539624865792.000000
-540831318016.000000
-542028103680.000000
-543214731264.000000
-544390905856.000000
-545556135936.000000
-546710159360.000000
-547852451840.000000
-548982718464.000000
-550100402176.000000
-551205273600.000000
-552296644608.000000
-553374384128.000000
-554437836800.000000
-555486674944.000000
-556520308736.000000
-557538476032.000000
-558540455936.000000
-559526117376.000000
-560494673920.000000
-561445797888.000000
-562378964992.000000
-563293716480.000000
-564189528064.000000
-565065875456.000000
-565922234368.000000
-566758211584.000000
-567573151744.000000
-568366596096.000000
-569137954816.000000
-569886769152.000000
-570612449280.000000
-571314536448.000000
-571992244224.000000
-572645376000.000000
-573273014272.000000
-573874896896.000000
-574450237440.000000
-574998642688.000000
-575519326208.000000
-576011960320.000000
-576475758592.000000
-576910262272.000000
-577314750464.000000
-577688895488.000000
-578031779840.000000
-578343075840.000000
-578621997056.000000
-578868084736.000000
-579080617984.000000
-579259138048.000000
-579402858496.000000
-579511451648.000000
-579584000000.000000
-579620110336.000000
-579619127296.000000
-579580461056.000000
-579503390720.000000
-579387523072.000000
-579232071680.000000
-579036577792.000000
-578800320512.000000
-578522841088.000000
-578203418624.000000
-577841528832.000000
-577436581888.000000
-576987987968.000000
-576495091712.000000
-575957499904.000000
-575374426112.000000
-574745477120.000000
-574069932032.000000
-573347397632.000000
-572577218560.000000
-571758870528.000000
-570891829248.000000
-569975570432.000000
-569009438720.000000
-567993171968.000000
-566925983744.000000
-565807611904.000000
-564637401088.000000
-563414892544.000000
-562139693056.000000
-560811212800.000000
-559429124096.000000
-557992902656.000000
-556502089728.000000
-554956357632.000000
-553355182080.000000
-551698300928.000000
-549985189888.000000
-548215521280.000000
-546388934656.000000
-544505102336.000000
-542563663872.000000
-540564291584.000000
-538506690560.000000
-536390565888.000000
-534215622656.000000
-531981631488.000000
-529688330240.000000
-527335489536.000000
-524922880000.000000
-522450305024.000000
-519917568000.000000
-517324537856.000000
-514671083520.000000
-511957008384.000000
-509182246912.000000
-506346700800.000000
-503450304512.000000
-500492992512.000000
-497474732032.000000
-494395490304.000000
-491255267328.000000
-488054095872.000000
-484792074240.000000
-481469169664.000000
-478085513216.000000
-474641203200.000000
-471136370688.000000
-467571146752.000000
-463945695232.000000
-460260212736.000000
-456514961408.000000
-452710072320.000000
-448845873152.000000
-444922560512.000000
-440940527616.000000
-436900003840.000000
-432801415168.000000
-428645023744.000000
-424431321088.000000
-420160569344.000000
-415833358336.000000
-411450015744.000000
-407011098624.000000
-402517000192.000000
-397968343040.000000
-393365553152.000000
-388709318656.000000
-384000065536.000000
-379238547456.000000
-374425255936.000000
-369560944640.000000
-364646170624.000000
-359681720320.000000
-354668216320.000000
-349606477824.000000
-344497127424.000000
-339341082624.000000
-334138966016.000000
-328891760640.000000
-323600121856.000000
-318264999936.000000
-312887214080.000000
-307467714560.000000
-302007320576.000000
-296507015168.000000
-290967650304.000000
-285390274560.000000
-279775772672.000000
-274125209600.000000
-268439535616.000000
-262719815680.000000
-256967000064.000000
-251182252032.000000
-245366521856.000000
-239520989184.000000
-233646653440.000000
-227744694272.000000
-221816176640.000000
-215862263808.000000
-209884053504.000000
-203882741760.000000
-197859459072.000000
-191815401472.000000
-185751732224.000000
-179669663744.000000
-173570359296.000000
-167455064064.000000
-161324957696.000000
-155181301760.000000
-149025292288.000000
-142858190848.000000
-136681201664.000000
-130495602688.000000
-124302622720.000000
-118103515136.000000
-111899533312.000000
-105691947008.000000
-98704973824.000000
