-6.63854 14.6054
0.28002
0.280306
0.280591
0.280879
0.281166
0.281453
0.28174
0.282027
0.282315
0.282605
0.282892
0.283182
0.283476
0.283767
0.284064
0.284359
0.284653
0.284954
0.285253
0.285553
0.285859
0.286157
0.286464
0.28678
0.287087
0.287404
0.287712
0.288031
0.28835
0.288682
0.289003
0.289338
0.289662
0.29
0.29034
0.290682
0.291026
0.291385
0.291734
0.292098
0.292452
0.292822
0.293196
0.293559
0.293939
0.294322
0.294724
0.295115
0.295511
0.295909
0.296329
0.296737
0.297164
0.297582
0.298018
0.298462
0.298893
0.299346
0.299804
0.300269
0.300738
0.301215
0.301695
0.302184
0.302696
0.303196
0.303703
0.304235
0.304755
0.30528
0.305834
0.306374
0.306943
0.307517
0.308079
0.308671
0.309269
0.309876
0.310469
0.311092
0.311721
0.312362
0.313009
0.313666
0.314331
0.315004
0.315687
0.316379
0.317078
0.317815
0.318534
0.319262
0.319999
0.320775
0.321531
0.322297
0.3231
0.323887
0.324712
0.325517
0.326365
0.327188
0.328056
0.328902
0.329789
0.330685
0.331563
0.332483
0.333415
0.334357
0.335274
0.33624
0.337216
0.338203
0.3392
0.340209
0.34119
0.342221
0.343263
0.344317
0.345381
0.346457
0.347545
0.348685
0.349795
0.350916
0.352048
0.353193
0.354351
0.355521
0.356746
0.357936
0.359136
0.36035
0.361625
0.362861
0.364104
0.365413
0.366683
0.368012
0.369305
0.370613
0.371981
0.373305
0.3747
0.376043
0.377458
0.378827
0.380265
0.38166
0.383117
0.384593
0.386011
0.387508
0.389013
0.390472
0.391998
0.393539
0.395023
0.396586
0.398162
0.399739
0.401336
0.40287
0.404487
0.406118
0.407748
0.40939
0.411053
0.41272
0.414395
0.416008
0.417704
0.419408
0.42113
0.422852
0.424586
0.426328
0.428086
0.429923
0.431702
0.433485
0.435268
0.437056
0.43888
0.440701
0.442518
0.444353
0.446282
0.448126
0.449978
0.451846
0.45372
0.455685
0.457585
0.459482
0.461469
0.46339
0.465309
0.467224
0.46926
0.4712
0.473137
0.475193
0.47715
0.47921
0.481183
0.48316
0.485252
0.487246
0.48934
0.491351
0.49346
0.495467
0.497599
0.499611
0.501758
0.503798
0.505941
0.507998
0.510145
0.512314
0.514381
0.516556
0.518639
0.520804
0.523005
0.525099
0.5273
0.529393
0.531587
0.533835
0.536047
0.538146
0.540389
0.54263
0.544753
0.546972
0.549258
0.551486
0.553751
0.5559
0.558164
0.560428
0.562715
0.564864
0.56713
0.569446
0.571688
0.574028
0.576297
0.578617
0.580782
0.583076
0.585408
0.587718
0.590042
0.592367
0.594686
0.597025
0.599345
0.601695
0.604016
0.606376
0.6087
0.611071
0.6134
0.615778
0.618115
0.620497
0.622845
0.625228
0.627588
0.62997
0.632339
0.634721
0.637099
0.63948
0.641871
0.644253
0.646646
0.649062
0.651597
0.654038
0.656405
0.658855
0.661258
0.663671
0.666099
0.668671
0.671125
0.673541
0.675962
0.678389
0.680856
0.683442
0.68592
0.688368
0.6908
0.693284
0.695912
0.698378
0.700818
0.703324
0.705948
0.708452
0.710958
0.713589
0.716117
0.718581
0.721101
0.723766
0.726292
0.728834
0.7315
0.734053
0.736531
0.739111
0.741797
0.744342
0.746945
0.749655
0.752199
0.75474
0.757544
0.760136
0.762655
0.765475
0.768024
0.770667
0.77346
0.776005
0.778895
0.781467
0.784132
0.786949
0.789524
0.792465
0.795064
0.79776
0.800619
0.803227
0.806191
0.808832
0.811563
0.81448
0.817121
0.820082
0.822774
0.825774
0.828538
0.831442
0.834202
0.837159
0.8399
0.84279
0.845752
0.84858
0.851599
0.85435
0.857463
0.860262
0.863383
0.866268
0.869303
0.872198
0.87529
0.878128
0.881388
0.88425
0.887467
0.890416
0.893546
0.896524
0.899714
0.902646
0.906017
0.90897
0.912291
0.915341
0.918578
0.921663
0.92497
0.928003
0.931462
0.934529
0.937961
0.941146
0.944506
0.947716
0.951159
0.954298
0.957832
0.961039
0.964588
0.967946
0.971449
0.974798
0.978402
0.981954
0.985332
0.988963
0.992312
0.995882
0.999553
1.00336
1.00685
1.01057
1.01413
1.01794
1.02145
1.02544
1.029
1.03299
1.03669
1.0406
1.04436
1.04838
1.05208
1.05626
1.06003
1.06425
1.06817
1.0723
1.07628
1.08053
1.08447
1.08893
1.09292
1.09742
1.10156
1.10596
1.11018
1.11469
1.11899
1.12342
1.12801
1.13248
1.1372
1.14161
1.1466
1.15108
1.15579
1.16076
1.16575
1.17059
1.17532
1.18029
1.18552
1.19077
1.19591
1.20092
1.20615
1.21164
1.21693
1.22238
1.2281
1.23359
1.23945
1.24521
1.25087
1.25666
1.26262
1.26893
1.27501
1.28114
1.28744
1.29411
1.30067
1.30719
1.31395
1.32075
1.32771
1.33518
1.3424
1.34979
1.35729
1.365
1.37284
1.38089
1.38913
1.39753
1.40582
1.4146
1.4238
1.43313
1.44275
1.45233
1.46254
1.47319
1.48367
1.49507
1.5065
1.51881
1.5312
1.54422
1.55792
1.57277
1.58797
1.60371
1.62106
1.63965
1.65932
1.68084
1.70466
1.73142
1.76155
1.79697
1.83941
1.8952
1.97691
2.16717
