-14.6054 6.63854
10.2135
10.1639
10.1161
10.0683
10.0227
9.97541
9.92892
9.8807
9.83433
9.78536
9.74125
9.69669
9.64896
9.60179
9.55806
9.51235
9.46722
9.41994
9.37396
9.32965
9.28009
9.23994
9.19373
9.14907
9.10331
9.05969
9.01482
8.9698
8.92658
8.88189
8.83658
8.79332
8.74837
8.70564
8.66202
8.6173
8.57425
8.53044
8.48771
8.44269
8.39997
8.35815
8.31449
8.27057
8.2306
8.18591
8.14314
8.10229
8.05863
8.018
7.97622
7.93441
7.89053
7.84916
7.80942
7.76812
7.7262
7.68524
7.64386
7.60312
7.56147
7.52134
7.47827
7.43699
7.40053
7.35928
7.32014
7.27654
7.2401
7.20105
7.16037
7.12249
7.08272
7.04254
7.004
6.96548
6.92667
6.88748
6.85026
6.81163
6.76985
6.73442
6.69658
6.65875
6.62171
6.58411
6.54679
6.50792
6.46914
6.43095
6.39765
6.36006
6.3246
6.28803
6.25036
6.21433
6.17535
6.14218
6.10721
6.07107
6.03669
6.00166
5.9648
5.93016
5.89408
5.85931
5.82524
5.78962
5.75775
5.72054
5.68685
5.65321
5.61902
5.58547
5.55204
5.51708
5.48241
5.4531
5.4172
5.38675
5.3534
5.31952
5.28798
5.25486
5.22162
5.19128
5.15917
5.13253
5.09494
5.06384
5.03265
5.00105
4.96979
4.93982
4.90741
4.88075
4.8464
4.81731
4.78708
4.75666
4.72592
4.69776
4.66843
4.6425
4.60807
4.5796
4.55137
4.52155
4.49229
4.46399
4.43485
4.41434
4.38023
4.35275
4.32396
4.29607
4.27003
4.24078
4.2143
4.18683
4.1599
4.13497
4.10782
4.07996
4.0545
4.02771
4.00068
3.97573
3.94891
3.92502
3.8992
3.87267
3.84903
3.82328
3.79918
3.77421
3.74831
3.72481
3.70125
3.67714
3.65272
3.62801
3.60627
3.58043
3.55793
3.53503
3.51133
3.48781
3.46513
3.44301
3.42019
3.40221
3.37669
3.35284
3.3334
3.30914
3.2881
3.26662
3.24565
3.22533
3.20233
3.18262
3.16045
3.14156
3.1201
3.1
3.07905
3.0598
3.03866
3.01867
2.9988
2.97986
2.95918
2.94148
2.92276
2.9028
2.88374
2.8647
2.8462
2.82857
2.80981
2.79045
2.7731
2.75613
2.73627
2.72016
2.70325
2.68489
2.66736
2.64881
2.63188
2.61593
2.59973
2.5834
2.56451
2.54793
2.53167
2.51578
2.49956
2.48369
2.46783
2.45217
2.4364
2.42088
2.40525
2.38985
2.37428
2.35909
2.34377
2.32865
2.31393
2.30145
2.28582
2.27154
2.25483
2.24208
2.22958
2.21454
2.20024
2.1855
2.17103
2.15851
2.14392
2.13181
2.11712
2.1041
2.09292
2.07749
2.06513
2.05323
2.0388
2.02706
2.015
2.00063
1.98848
1.97743
1.96558
1.95196
1.94048
1.92863
1.91585
1.90419
1.89256
1.88111
1.86865
1.85734
1.84713
1.83398
1.8239
1.81165
1.80125
1.78995
1.77918
1.76856
1.75692
1.74768
1.73599
1.72537
1.71403
1.70414
1.69439
1.68276
1.67242
1.66248
1.65192
1.64191
1.632
1.62196
1.61256
1.60262
1.59257
1.58325
1.57313
1.56306
1.55468
1.54489
1.53553
1.52816
1.51817
1.50802
1.49875
1.49005
1.48181
1.47372
1.46212
1.45477
1.44575
1.43651
1.42736
1.41893
1.41068
1.40336
1.39455
1.3858
1.37735
1.36987
1.361
1.35213
1.34367
1.33618
1.3268
1.31718
1.31148
1.30344
1.29526
1.28911
1.28006
1.27143
1.26448
1.2566
1.25026
1.24122
1.23405
1.2283
1.21954
1.21209
1.20472
1.19733
1.18985
1.18385
1.17478
1.16804
1.16094
1.15484
1.14755
1.13956
1.13318
1.12707
1.11892
1.11416
1.10623
1.09949
1.09297
1.08549
1.08038
1.07187
1.06672
1.05965
1.0545
1.04679
1.03937
1.03338
1.02775
1.02212
1.01646
1.00802
1.00211
0.996146
0.990147
0.984106
0.978019
0.971889
0.965722
0.959511
0.953815
0.947561
0.943006
0.936508
0.930017
0.924822
0.920174
0.913373
0.906659
0.901196
0.896629
0.889727
0.885171
0.8791
0.873318
0.868744
0.862584
0.857117
0.851114
0.845848
0.840696
0.835467
0.830213
0.825519
0.819025
0.813394
0.808689
0.804201
0.799249
0.792289
0.787633
0.782278
0.777506
0.771918
0.767444
0.761711
0.757743
0.752357
0.746231
0.741459
0.7363
0.731547
0.726403
0.72103
0.715916
0.711597
0.706158
0.702463
0.69661
0.691513
0.687411
0.682336
0.676968
0.671683
0.667109
0.662143
0.657398
0.652162
0.647552
0.642798
0.638612
0.632919
0.628169
0.623919
0.618712
0.613873
0.610107
0.603305
0.598922
0.594519
0.589663
0.584991
0.579629
0.574422
0.571475
0.565334
0.559268
0.555451
0.551356
0.544833
0.539548
0.534513
0.529173
0.526255
0.520143
0.513637
0.509093
0.504537
0.498997
0.493596
0.487372
0.482329
0.47619
0.470796
0.464928
0.459667
0.453252
0.447709
0.441169
0.43592
0.428909
0.422917
0.4173
0.408922
0.40197
0.394243
0.386687
0.379285
0.369577
0.36196
0.353171
0.34229
0.330678
0.319038
0.303541
0.285676
0.261296
0.211925
