2048
1.92011e-10
14.6054
14.605
14.604
14.6022
14.5998
14.5966
14.5928
14.5882
14.583
14.5771
14.5704
14.5631
14.5551
14.5464
14.537
14.5269
14.5161
14.5047
14.4926
14.4798
14.4663
14.4522
14.4374
14.4219
14.4058
14.389
14.3715
14.3534
14.3347
14.3153
14.2953
14.2746
14.2534
14.2314
14.2089
14.1858
14.162
14.1376
14.1127
14.0871
14.061
14.0342
14.0069
13.979
13.9505
13.9215
13.8919
13.8618
13.8311
13.7998
13.7681
13.7358
13.703
13.6696
13.6358
13.6015
13.5666
13.5313
13.4955
13.4592
13.4224
13.3852
13.3475
13.3094
13.2709
13.2318
13.1924
13.1526
13.1123
13.0716
13.0305
12.9891
12.9472
12.905
12.8624
12.8194
12.7761
12.7324
12.6883
12.644
12.5993
12.5543
12.5089
12.4633
12.4174
12.3711
12.3246
12.2778
12.2307
12.1834
12.1358
12.088
12.0399
11.9916
11.943
11.8942
11.8452
11.796
11.7466
11.697
11.6472
11.5972
11.547
11.4967
11.4462
11.3955
11.3447
11.2938
11.2427
11.1915
11.1401
11.0887
11.0371
10.9854
10.9336
10.8817
10.8297
10.7776
10.7255
10.6733
10.621
10.5686
10.5162
10.4637
10.4112
10.3586
10.306
10.2534
10.2008
10.1481
10.0954
10.0427
9.98995
9.93722
9.8845
9.83178
9.77906
9.72636
9.67368
9.62102
9.56839
9.51578
9.46321
9.41067
9.35817
9.30572
9.25332
9.20097
9.14867
9.09643
9.04425
8.99214
8.94009
8.88811
8.83621
8.78439
8.73264
8.68098
8.6294
8.57791
8.52652
8.47521
8.424
8.37288
8.32187
8.27096
8.22015
8.16946
8.11886
8.06838
8.01802
7.96776
7.91763
7.86761
7.81771
7.76794
7.71828
7.66876
7.61935
7.57008
7.52093
7.47192
7.42304
7.37429
7.32567
7.27719
7.22885
7.18064
7.13258
7.08465
7.03686
6.98922
6.94171
6.89435
6.84713
6.80006
6.75313
6.70635
6.65972
6.61323
6.56689
6.52069
6.47465
6.42875
6.383
6.3374
6.29196
6.24666
6.20151
6.15651
6.11166
6.06697
6.02242
5.97803
5.93379
5.88969
5.84575
5.80196
5.75833
5.71484
5.67151
5.62832
5.58529
5.54241
5.49968
5.45709
5.41466
5.37238
5.33025
5.28827
5.24644
5.20476
5.16323
5.12185
5.08061
5.03952
4.99859
4.95779
4.91715
4.87665
4.8363
4.79609
4.75603
4.71612
4.67635
4.63672
4.59724
4.5579
4.5187
4.47965
4.44073
4.40196
4.36333
4.32484
4.28649
4.24828
4.21021
4.17228
4.13448
4.09682
4.0593
4.02191
3.98466
3.94755
3.91057
3.87372
3.83701
3.80043
3.76398
3.72766
3.69148
3.65542
3.6195
3.5837
3.54803
3.51249
3.47708
3.4418
3.40664
3.37161
3.3367
3.30192
3.26726
3.23273
3.19831
3.16402
3.12986
3.09581
3.06188
3.02807
2.99439
2.96082
2.92737
2.89403
2.86082
2.82772
2.79473
2.76186
2.72911
2.69647
2.66394
2.63153
2.59923
2.56704
2.53496
2.50299
2.47113
2.43938
2.40774
2.37621
2.34478
2.31347
2.28226
2.25115
2.22015
2.18926
2.15847
2.12778
2.0972
2.06672
2.03635
2.00607
1.9759
1.94582
1.91585
1.88598
1.8562
1.82652
1.79695
1.76747
1.73808
1.7088
1.6796
1.65051
1.62151
1.5926
1.56379
1.53507
1.50645
1.47792
1.44947
1.42113
1.39287
1.3647
1.33662
1.30864
1.28074
1.25293
1.22521
1.19757
1.17003
1.14257
1.1152
1.08791
1.06071
1.0336
1.00657
0.97962
0.952757
0.925979
0.899283
0.87267
0.846139
0.819689
0.793322
0.767035
0.740828
0.714702
0.688656
0.662688
0.6368
0.61099
0.585259
0.559605
0.534029
0.50853
0.483107
0.45776
0.43249
0.407294
0.382174
0.357129
0.332158
0.307261
0.282438
0.257688
0.233011
0.208407
0.183875
0.159415
0.135026
0.110709
0.0864626
0.0622867
0.0381811
0.0141453
-0.00982088
-0.0337178
-0.0575459
-0.0813053
-0.104997
-0.12862
-0.152175
-0.175664
-0.199085
-0.222439
-0.245727
-0.268949
-0.292105
-0.315196
-0.338221
-0.361182
-0.384078
-0.406909
-0.429676
-0.45238
-0.47502
-0.497597
-0.520111
-0.542562
-0.564951
-0.587277
-0.609542
-0.631745
-0.653887
-0.675968
-0.697988
-0.719947
-0.741846
-0.763685
-0.785465
-0.807184
-0.828845
-0.850446
-0.871988
-0.893472
-0.914898
-0.936265
-0.957575
-0.978826
-1.00002
-1.02116
-1.04224
-1.06326
-1.08423
-1.10514
-1.12599
-1.14679
-1.16754
-1.18822
-1.20886
-1.22943
-1.24996
-1.27043
-1.29084
-1.3112
-1.33151
-1.35176
-1.37196
-1.3921
-1.41219
-1.43223
-1.45222
-1.47215
-1.49203
-1.51186
-1.53164
-1.55136
-1.57103
-1.59066
-1.61023
-1.62975
-1.64921
-1.66863
-1.688
-1.70731
-1.72658
-1.7458
-1.76496
-1.78408
-1.80314
-1.82216
-1.84113
-1.86005
-1.87892
-1.89774
-1.91651
-1.93523
-1.95391
-1.97254
-1.99111
-2.00965
-2.02813
-2.04656
-2.06495
-2.08329
-2.10159
-2.11983
-2.13803
-2.15619
-2.17429
-2.19235
-2.21036
-2.22833
-2.24625
-2.26413
-2.28196
-2.29974
-2.31748
-2.33517
-2.35282
-2.37042
-2.38797
-2.40549
-2.42295
-2.44038
-2.45775
-2.47509
-2.49237
-2.50962
-2.52682
-2.54397
-2.56109
-2.57816
-2.59518
-2.61216
-2.6291
-2.64599
-2.66284
-2.67965
-2.69642
-2.71314
-2.72982
-2.74645
-2.76305
-2.7796
-2.7961
-2.81257
-2.82899
-2.84538
-2.86172
-2.87801
-2.89427
-2.91048
-2.92665
-2.94278
-2.95887
-2.97492
-2.99093
-3.00689
-3.02282
-3.0387
-3.05454
-3.07034
-3.0861
-3.10182
-3.1175
-3.13314
-3.14873
-3.16429
-3.17981
-3.19528
-3.21072
-3.22611
-3.24147
-3.25679
-3.27206
-3.2873
-3.3025
-3.31765
-3.33277
-3.34785
-3.36288
-3.37788
-3.39284
-3.40776
-3.42264
-3.43749
-3.45229
-3.46705
-3.48178
-3.49646
-3.51111
-3.52572
-3.54029
-3.55482
-3.56931
-3.58377
-3.59818
-3.61256
-3.6269
-3.6412
-3.65547
-3.66969
-3.68388
-3.69803
-3.71214
-3.72621
-3.74024
-3.75424
-3.7682
-3.78212
-3.79601
-3.80985
-3.82366
-3.83744
-3.85117
-3.86487
-3.87853
-3.89215
-3.90573
-3.91928
-3.93279
-3.94627
-3.9597
-3.9731
-3.98647
-3.99979
-4.01308
-4.02634
-4.03955
-4.05273
-4.06587
-4.07898
-4.09205
-4.10508
-4.11808
-4.13104
-4.14396
-4.15685
-4.1697
-4.18252
-4.1953
-4.20804
-4.22074
-4.23341
-4.24605
-4.25865
-4.27121
-4.28374
-4.29623
-4.30868
-4.3211
-4.33348
-4.34583
-4.35814
-4.37042
-4.38266
-4.39486
-4.40703
-4.41917
-4.43126
-4.44333
-4.45535
-4.46735
-4.4793
-4.49122
-4.50311
-4.51496
-4.52678
-4.53856
-4.5503
-4.56201
-4.57369
-4.58533
-4.59693
-4.6085
-4.62004
-4.63154
-4.643
-4.65443
-4.66583
-4.67719
-4.68851
-4.6998
-4.71106
-4.72228
-4.73347
-4.74462
-4.75574
-4.76682
-4.77787
-4.78888
-4.79986
-4.81081
-4.82172
-4.83259
-4.84344
-4.85424
-4.86502
-4.87576
-4.88646
-4.89713
-4.90777
-4.91837
-4.92893
-4.93947
-4.94997
-4.96043
-4.97086
-4.98126
-4.99162
-5.00195
-5.01224
-5.02251
-5.03273
-5.04292
-5.05308
-5.06321
-5.0733
-5.08336
-5.09338
-5.10337
-5.11332
-5.12325
-5.13313
-5.14299
-5.15281
-5.1626
-5.17235
-5.18207
-5.19176
-5.20141
-5.21103
-5.22061
-5.23016
-5.23968
-5.24917
-5.25862
-5.26804
-5.27742
-5.28677
-5.29609
-5.30537
-5.31462
-5.32384
-5.33303
-5.34218
-5.35129
-5.36038
-5.36943
-5.37845
-5.38743
-5.39638
-5.4053
-5.41418
-5.42304
-5.43185
-5.44064
-5.44939
-5.45811
-5.4668
-5.47545
-5.48407
-5.49266
-5.50121
-5.50973
-5.51822
-5.52667
-5.5351
-5.54348
-5.55184
-5.56016
-5.56845
-5.57671
-5.58494
-5.59313
-5.60129
-5.60941
-5.61751
-5.62557
-5.63359
-5.64159
-5.64955
-5.65748
-5.66538
-5.67324
-5.68107
-5.68887
-5.69664
-5.70437
-5.71207
-5.71974
-5.72737
-5.73498
-5.74255
-5.75008
-5.75759
-5.76506
-5.7725
-5.77991
-5.78728
-5.79463
-5.80194
-5.80921
-5.81646
-5.82367
-5.83085
-5.838
-5.84512
-5.8522
-5.85925
-5.86627
-5.87325
-5.88021
-5.88713
-5.89402
-5.90087
-5.9077
-5.91449
-5.92125
-5.92798
-5.93467
-5.94133
-5.94796
-5.95456
-5.96113
-5.96766
-5.97416
-5.98063
-5.98707
-5.99348
-5.99985
-6.00619
-6.0125
-6.01878
-6.02502
-6.03123
-6.03741
-6.04356
-6.04968
-6.05576
-6.06182
-6.06784
-6.07382
-6.07978
-6.0857
-6.0916
-6.09746
-6.10328
-6.10908
-6.11484
-6.12058
-6.12628
-6.13194
-6.13758
-6.14319
-6.14876
-6.1543
-6.15981
-6.16528
-6.17073
-6.17614
-6.18152
-6.18687
-6.19219
-6.19748
-6.20273
-6.20795
-6.21314
-6.2183
-6.22343
-6.22852
-6.23359
-6.23862
-6.24362
-6.24858
-6.25352
-6.25842
-6.2633
-6.26814
-6.27295
-6.27772
-6.28247
-6.28718
-6.29187
-6.29652
-6.30114
-6.30572
-6.31028
-6.3148
-6.3193
-6.32376
-6.32819
-6.33258
-6.33695
-6.34128
-6.34559
-6.34986
-6.3541
-6.35831
-6.36248
-6.36663
-6.37074
-6.37482
-6.37887
-6.38289
-6.38688
-6.39083
-6.39476
-6.39865
-6.40251
-6.40634
-6.41014
-6.41391
-6.41764
-6.42134
-6.42502
-6.42866
-6.43227
-6.43584
-6.43939
-6.44291
-6.44639
-6.44984
-6.45326
-6.45665
-6.46001
-6.46333
-6.46663
-6.46989
-6.47312
-6.47633
-6.47949
-6.48263
-6.48574
-6.48881
-6.49186
-6.49487
-6.49785
-6.5008
-6.50372
-6.50661
-6.50946
-6.51229
-6.51508
-6.51784
-6.52057
-6.52327
-6.52594
-6.52857
-6.53118
-6.53375
-6.53629
-6.53881
-6.54129
-6.54373
-6.54615
-6.54854
-6.55089
-6.55321
-6.55551
-6.55777
-6.56
-6.5622
-6.56436
-6.5665
-6.5686
-6.57068
-6.57272
-6.57473
-6.57671
-6.57866
-6.58057
-6.58246
-6.58431
-6.58614
-6.58793
-6.58969
-6.59142
-6.59312
-6.59479
-6.59642
-6.59803
-6.5996
-6.60114
-6.60266
-6.60414
-6.60558
-6.607
-6.60839
-6.60974
-6.61107
-6.61236
-6.61362
-6.61485
-6.61605
-6.61722
-6.61836
-6.61946
-6.62054
-6.62158
-6.62259
-6.62358
-6.62453
-6.62544
-6.62633
-6.62719
-6.62801
-6.62881
-6.62957
-6.6303
-6.631
-6.63167
-6.63231
-6.63292
-6.6335
-6.63404
-6.63456
-6.63504
-6.63549
-6.63591
-6.6363
-6.63666
-6.63698
-6.63728
-6.63754
-6.63778
-6.63798
-6.63815
-6.63829
-6.6384
-6.63848
-6.63853
-6.63854
-6.63853
-6.63848
-6.6384
-6.63829
-6.63815
-6.63798
-6.63778
-6.63754
-6.63728
-6.63698
-6.63666
-6.6363
-6.63591
-6.63549
-6.63504
-6.63456
-6.63404
-6.6335
-6.63292
-6.63231
-6.63167
-6.631
-6.6303
-6.62957
-6.62881
-6.62801
-6.62719
-6.62633
-6.62544
-6.62453
-6.62358
-6.62259
-6.62158
-6.62054
-6.61946
-6.61836
-6.61722
-6.61605
-6.61485
-6.61362
-6.61236
-6.61107
-6.60974
-6.60839
-6.607
-6.60558
-6.60414
-6.60266
-6.60114
-6.5996
-6.59803
-6.59642
-6.59479
-6.59312
-6.59142
-6.58969
-6.58793
-6.58614
-6.58431
-6.58246
-6.58057
-6.57866
-6.57671
-6.57473
-6.57272
-6.57068
-6.5686
-6.5665
-6.56436
-6.5622
-6.56
-6.55777
-6.55551
-6.55321
-6.55089
-6.54854
-6.54615
-6.54373
-6.54129
-6.53881
-6.53629
-6.53375
-6.53118
-6.52857
-6.52594
-6.52327
-6.52057
-6.51784
-6.51508
-6.51229
-6.50946
-6.50661
-6.50372
-6.5008
-6.49785
-6.49487
-6.49186
-6.48881
-6.48574
-6.48263
-6.47949
-6.47633
-6.47312
-6.46989
-6.46663
-6.46333
-6.46001
-6.45665
-6.45326
-6.44984
-6.44639
-6.44291
-6.43939
-6.43584
-6.43227
-6.42866
-6.42502
-6.42134
-6.41764
-6.41391
-6.41014
-6.40634
-6.40251
-6.39865
-6.39476
-6.39083
-6.38688
-6.38289
-6.37887
-6.37482
-6.37074
-6.36663
-6.36248
-6.35831
-6.3541
-6.34986
-6.34559
-6.34128
-6.33695
-6.33258
-6.32819
-6.32376
-6.3193
-6.3148
-6.31028
-6.30572
-6.30114
-6.29652
-6.29187
-6.28718
-6.28247
-6.27772
-6.27295
-6.26814
-6.2633
-6.25842
-6.25352
-6.24858
-6.24362
-6.23862
-6.23359
-6.22852
-6.22343
-6.2183
-6.21314
-6.20795
-6.20273
-6.19748
-6.19219
-6.18687
-6.18152
-6.17614
-6.17073
-6.16528
-6.15981
-6.1543
-6.14876
-6.14319
-6.13758
-6.13194
-6.12628
-6.12058
-6.11484
-6.10908
-6.10328
-6.09746
-6.0916
-6.0857
-6.07978
-6.07382
-6.06784
-6.06182
-6.05576
-6.04968
-6.04356
-6.03741
-6.03123
-6.02502
-6.01878
-6.0125
-6.00619
-5.99985
-5.99348
-5.98707
-5.98063
-5.97416
-5.96766
-5.96113
-5.95456
-5.94796
-5.94133
-5.93467
-5.92798
-5.92125
-5.91449
-5.9077
-5.90087
-5.89402
-5.88713
-5.88021
-5.87325
-5.86627
-5.85925
-5.8522
-5.84512
-5.838
-5.83085
-5.82367
-5.81646
-5.80921
-5.80194
-5.79463
-5.78728
-5.77991
-5.7725
-5.76506
-5.75759
-5.75008
-5.74255
-5.73498
-5.72737
-5.71974
-5.71207
-5.70437
-5.69664
-5.68887
-5.68107
-5.67324
-5.66538
-5.65748
-5.64955
-5.64159
-5.63359
-5.62557
-5.61751
-5.60941
-5.60129
-5.59313
-5.58494
-5.57671
-5.56845
-5.56016
-5.55184
-5.54348
-5.5351
-5.52667
-5.51822
-5.50973
-5.50121
-5.49266
-5.48407
-5.47545
-5.4668
-5.45811
-5.44939
-5.44064
-5.43185
-5.42304
-5.41418
-5.4053
-5.39638
-5.38743
-5.37845
-5.36943
-5.36038
-5.35129
-5.34218
-5.33303
-5.32384
-5.31462
-5.30537
-5.29609
-5.28677
-5.27742
-5.26804
-5.25862
-5.24917
-5.23968
-5.23016
-5.22061
-5.21103
-5.20141
-5.19176
-5.18207
-5.17235
-5.1626
-5.15281
-5.14299
-5.13313
-5.12325
-5.11332
-5.10337
-5.09338
-5.08336
-5.0733
-5.06321
-5.05308
-5.04292
-5.03273
-5.02251
-5.01224
-5.00195
-4.99162
-4.98126
-4.97086
-4.96043
-4.94997
-4.93947
-4.92893
-4.91837
-4.90777
-4.89713
-4.88646
-4.87576
-4.86502
-4.85424
-4.84344
-4.83259
-4.82172
-4.81081
-4.79986
-4.78888
-4.77787
-4.76682
-4.75574
-4.74462
-4.73347
-4.72228
-4.71106
-4.6998
-4.68851
-4.67719
-4.66583
-4.65443
-4.643
-4.63154
-4.62004
-4.6085
-4.59693
-4.58533
-4.57369
-4.56201
-4.5503
-4.53856
-4.52678
-4.51496
-4.50311
-4.49122
-4.4793
-4.46735
-4.45535
-4.44333
-4.43126
-4.41917
-4.40703
-4.39486
-4.38266
-4.37042
-4.35814
-4.34583
-4.33348
-4.3211
-4.30868
-4.29623
-4.28374
-4.27121
-4.25865
-4.24605
-4.23341
-4.22074
-4.20804
-4.1953
-4.18252
-4.1697
-4.15685
-4.14396
-4.13104
-4.11808
-4.10508
-4.09205
-4.07898
-4.06587
-4.05273
-4.03955
-4.02634
-4.01308
-3.99979
-3.98647
-3.9731
-3.9597
-3.94627
-3.93279
-3.91928
-3.90573
-3.89215
-3.87853
-3.86487
-3.85117
-3.83744
-3.82366
-3.80985
-3.79601
-3.78212
-3.7682
-3.75424
-3.74024
-3.72621
-3.71214
-3.69803
-3.68388
-3.66969
-3.65547
-3.6412
-3.6269
-3.61256
-3.59818
-3.58377
-3.56931
-3.55482
-3.54029
-3.52572
-3.51111
-3.49646
-3.48178
-3.46705
-3.45229
-3.43749
-3.42264
-3.40776
-3.39284
-3.37788
-3.36288
-3.34785
-3.33277
-3.31765
-3.3025
-3.2873
-3.27206
-3.25679
-3.24147
-3.22611
-3.21072
-3.19528
-3.17981
-3.16429
-3.14873
-3.13314
-3.1175
-3.10182
-3.0861
-3.07034
-3.05454
-3.0387
-3.02282
-3.00689
-2.99093
-2.97492
-2.95887
-2.94278
-2.92665
-2.91048
-2.89427
-2.87801
-2.86172
-2.84538
-2.82899
-2.81257
-2.7961
-2.7796
-2.76305
-2.74645
-2.72982
-2.71314
-2.69642
-2.67965
-2.66284
-2.64599
-2.6291
-2.61216
-2.59518
-2.57816
-2.56109
-2.54397
-2.52682
-2.50962
-2.49237
-2.47509
-2.45775
-2.44038
-2.42295
-2.40549
-2.38797
-2.37042
-2.35282
-2.33517
-2.31748
-2.29974
-2.28196
-2.26413
-2.24625
-2.22833
-2.21036
-2.19235
-2.17429
-2.15619
-2.13803
-2.11983
-2.10159
-2.08329
-2.06495
-2.04656
-2.02813
-2.00965
-1.99111
-1.97254
-1.95391
-1.93523
-1.91651
-1.89774
-1.87892
-1.86005
-1.84113
-1.82216
-1.80314
-1.78408
-1.76496
-1.7458
-1.72658
-1.70731
-1.688
-1.66863
-1.64921
-1.62975
-1.61023
-1.59066
-1.57103
-1.55136
-1.53164
-1.51186
-1.49203
-1.47215
-1.45222
-1.43223
-1.41219
-1.3921
-1.37196
-1.35176
-1.33151
-1.3112
-1.29084
-1.27043
-1.24996
-1.22943
-1.20886
-1.18822
-1.16754
-1.14679
-1.12599
-1.10514
-1.08423
-1.06326
-1.04224
-1.02116
-1.00002
-0.978826
-0.957575
-0.936265
-0.914898
-0.893472
-0.871988
-0.850446
-0.828845
-0.807184
-0.785465
-0.763685
-0.741846
-0.719947
-0.697988
-0.675968
-0.653887
-0.631745
-0.609542
-0.587277
-0.564951
-0.542562
-0.520111
-0.497597
-0.47502
-0.45238
-0.429676
-0.406909
-0.384078
-0.361182
-0.338221
-0.315196
-0.292105
-0.268949
-0.245727
-0.222439
-0.199085
-0.175664
-0.152175
-0.12862
-0.104997
-0.0813053
-0.0575459
-0.0337178
-0.00982088
0.0141453
0.0381811
0.0622867
0.0864626
0.110709
0.135026
0.159415
0.183875
0.208407
0.233011
0.257688
0.282438
0.307261
0.332158
0.357129
0.382174
0.407294
0.43249
0.45776
0.483107
0.50853
0.534029
0.559605
0.585259
0.61099
0.6368
0.662688
0.688656
0.714702
0.740828
0.767035
0.793322
0.819689
0.846139
0.87267
0.899283
0.925979
0.952757
0.97962
1.00657
1.0336
1.06071
1.08791
1.1152
1.14257
1.17003
1.19757
1.22521
1.25293
1.28074
1.30864
1.33662
1.3647
1.39287
1.42113
1.44947
1.47792
1.50645
1.53507
1.56379
1.5926
1.62151
1.65051
1.6796
1.7088
1.73808
1.76747
1.79695
1.82652
1.8562
1.88598
1.91585
1.94582
1.9759
2.00607
2.03635
2.06672
2.0972
2.12778
2.15847
2.18926
2.22015
2.25115
2.28226
2.31347
2.34478
2.37621
2.40774
2.43938
2.47113
2.50299
2.53496
2.56704
2.59923
2.63153
2.66394
2.69647
2.72911
2.76186
2.79473
2.82772
2.86082
2.89403
2.92737
2.96082
2.99439
3.02807
3.06188
3.09581
3.12986
3.16402
3.19831
3.23273
3.26726
3.30192
3.3367
3.37161
3.40664
3.4418
3.47708
3.51249
3.54803
3.5837
3.6195
3.65542
3.69148
3.72766
3.76398
3.80043
3.83701
3.87372
3.91057
3.94755
3.98466
4.02191
4.0593
4.09682
4.13448
4.17228
4.21021
4.24828
4.28649
4.32484
4.36333
4.40196
4.44073
4.47965
4.5187
4.5579
4.59724
4.63672
4.67635
4.71612
4.75603
4.79609
4.8363
4.87665
4.91715
4.95779
4.99859
5.03952
5.08061
5.12185
5.16323
5.20476
5.24644
5.28827
5.33025
5.37238
5.41466
5.45709
5.49968
5.54241
5.58529
5.62832
5.67151
5.71484
5.75833
5.80196
5.84575
5.88969
5.93379
5.97803
6.02242
6.06697
6.11166
6.15651
6.20151
6.24666
6.29196
6.3374
6.383
6.42875
6.47465
6.52069
6.56689
6.61323
6.65972
6.70635
6.75313
6.80006
6.84713
6.89435
6.94171
6.98922
7.03686
7.08465
7.13258
7.18064
7.22885
7.27719
7.32567
7.37429
7.42304
7.47192
7.52093
7.57008
7.61935
7.66876
7.71828
7.76794
7.81771
7.86761
7.91763
7.96776
8.01802
8.06838
8.11886
8.16946
8.22015
8.27096
8.32187
8.37288
8.424
8.47521
8.52652
8.57791
8.6294
8.68098
8.73264
8.78439
8.83621
8.88811
8.94009
8.99214
9.04425
9.09643
9.14867
9.20097
9.25332
9.30572
9.35817
9.41067
9.46321
9.51578
9.56839
9.62102
9.67368
9.72636
9.77906
9.83178
9.8845
9.93722
9.98995
10.0427
10.0954
10.1481
10.2008
10.2534
10.306
10.3586
10.4112
10.4637
10.5162
10.5686
10.621
10.6733
10.7255
10.7776
10.8297
10.8817
10.9336
10.9854
11.0371
11.0887
11.1401
11.1915
11.2427
11.2938
11.3447
11.3955
11.4462
11.4967
11.547
11.5972
11.6472
11.697
11.7466
11.796
11.8452
11.8942
11.943
11.9916
12.0399
12.088
12.1358
12.1834
12.2307
12.2778
12.3246
12.3711
12.4174
12.4633
12.5089
12.5543
12.5993
12.644
12.6883
12.7324
12.7761
12.8194
12.8624
12.905
12.9472
12.9891
13.0305
13.0716
13.1123
13.1526
13.1924
13.2318
13.2709
13.3094
13.3475
13.3852
13.4224
13.4592
13.4955
13.5313
13.5666
13.6015
13.6358
13.6696
13.703
13.7358
13.7681
13.7998
13.8311
13.8618
13.8919
13.9215
13.9505
13.979
14.0069
14.0342
14.061
14.0871
14.1127
14.1376
14.162
14.1858
14.2089
14.2314
14.2534
14.2746
14.2953
14.3153
14.3347
14.3534
14.3715
14.389
14.4058
14.4219
14.4374
14.4522
14.4663
14.4798
14.4926
14.5047
14.5161
14.5269
14.537
14.5464
14.5551
14.5631
14.5704
14.5771
14.583
14.5882
14.5928
14.5966
14.5998
14.6022
14.604
14.605
