2048 1 1
1.91979e-10 2.21679e-10 3.13501e-10
12.1802
12.1788
12.1748
12.168
12.1585
12.1463
12.1315
12.114
12.0938
12.0709
12.0454
12.0173
11.9866
11.9534
11.9175
11.8791
11.8382
11.7949
11.749
11.7008
11.6501
11.5971
11.5418
11.4842
11.4243
11.3622
11.2979
11.2315
11.163
11.0925
11.0199
10.9454
10.869
10.7907
10.7105
10.6286
10.545
10.4598
10.3729
10.2844
10.1944
10.103
10.0102
9.91596
9.82047
9.72373
9.6258
9.52674
9.42661
9.32545
9.22332
9.12028
9.01639
8.9117
8.80626
8.70014
8.59339
8.48605
8.37819
8.26987
8.16113
8.05202
7.94261
7.83294
7.72307
7.61305
7.50292
7.39274
7.28256
7.17243
7.06239
6.95249
6.84278
6.7333
6.6241
6.51523
6.40671
6.2986
6.19094
6.08377
5.97712
5.87103
5.76555
5.6607
5.55652
5.45305
5.35031
5.24834
5.14716
5.04682
4.94733
4.84872
4.75103
4.65426
4.55845
4.46362
4.36979
4.27699
4.18522
4.09451
4.00487
3.91633
3.82889
3.74257
3.65738
3.57334
3.49045
3.40873
3.32818
3.24881
3.17063
3.09364
3.01785
2.94326
2.86987
2.79769
2.72673
2.65697
2.58842
2.52107
2.45494
2.39
2.32627
2.26373
2.20238
2.14222
2.08324
2.02543
1.96879
1.91331
1.85898
1.80578
1.75372
1.70279
1.65296
1.60423
1.5566
1.51004
1.46455
1.42012
1.37672
1.33436
1.29301
1.25266
1.21331
1.17492
1.1375
1.10103
1.06549
1.03086
0.997144
0.964312
0.932353
0.901254
0.870998
0.84157
0.812956
0.78514
0.758107
0.731842
0.70633
0.681556
0.657504
0.63416
0.611508
0.589535
0.568225
0.547563
0.527535
0.508127
0.489324
0.471112
0.453476
0.436404
0.419881
0.403894
0.388429
0.373474
0.359014
0.345037
0.331531
0.318482
0.305879
0.293709
0.281961
0.270623
0.259682
0.249129
0.238951
0.229138
0.21968
0.210564
0.201782
0.193324
0.185179
0.177337
0.16979
0.162528
0.155542
0.148823
0.142362
0.136152
0.130184
0.124449
0.118941
0.113651
0.108572
0.103698
0.0990198
0.0945319
0.0902273
0.0860995
0.0821424
0.0783496
0.0747154
0.0712339
0.0678995
0.0647068
0.0616505
0.0587255
0.0559268
0.0532497
0.0506894
0.0482415
0.0459016
0.0436655
0.041529
0.0394884
0.0375396
0.0356791
0.0339032
0.0322086
0.0305918
0.0290498
0.0275793
0.0261775
0.0248414
0.0235682
0.0223553
0.0212002
0.0201002
0.0190531
0.0180565
0.0171082
0.0162061
0.0153482
0.0145324
0.013757
0.01302
0.0123198
0.0116546
0.0110229
0.0104231
0.00985381
0.0093135
0.00880085
0.00831458
0.00785342
0.00741619
0.00700175
0.006609
0.00623689
0.00588442
0.00555064
0.00523462
0.0049355
0.00465244
0.00438463
0.00413132
0.00389178
0.00366531
0.00345126
0.00324898
0.00305788
0.00287737
0.00270692
0.00254601
0.00239412
0.00225079
0.00211558
0.00198804
0.00186778
0.0017544
0.00164754
0.00154684
0.00145198
0.00136263
0.00127849
0.00119928
0.00112473
0.00105458
0.000988582
0.00092651
0.000868142
0.00081327
0.000761697
0.000713236
0.000667709
0.00062495
0.000584798
0.000547105
0.000511727
0.00047853
0.000447388
0.000418179
0.00039079
0.000365114
0.000341049
0.000318499
0.000297374
0.000277588
0.000259061
0.000241717
0.000225484
0.000210295
0.000196085
0.000182794
0.000170366
0.000158748
0.00014789
0.000137743
0.000128264
0.000119411
0.000111144
0.000103427
9.62237e-05
8.95023e-05
8.3232e-05
7.73837e-05
7.19303e-05
6.68464e-05
6.2108e-05
5.76926e-05
5.35792e-05
4.97481e-05
4.61805e-05
4.28593e-05
3.97681e-05
3.68917e-05
3.42157e-05
3.17267e-05
2.94122e-05
2.72606e-05
2.52607e-05
2.34023e-05
2.16758e-05
2.00722e-05
1.85831e-05
1.72007e-05
1.59176e-05
1.47269e-05
1.36222e-05
1.25976e-05
1.16475e-05
1.07666e-05
9.95015e-06
9.19356e-06
8.49261e-06
7.84336e-06
7.24213e-06
6.6855e-06
6.17028e-06
5.6935e-06
5.25239e-06
4.84438e-06
4.46707e-06
4.11823e-06
3.79579e-06
3.49782e-06
3.22252e-06
2.96822e-06
2.73339e-06
2.51658e-06
2.31644e-06
2.13175e-06
1.96135e-06
1.80417e-06
1.65921e-06
1.52557e-06
1.40237e-06
1.28884e-06
1.18423e-06
1.08788e-06
9.99136e-07
9.17431e-07
8.42221e-07
7.73004e-07
7.09318e-07
6.50734e-07
5.96855e-07
5.47316e-07
5.01777e-07
4.59925e-07
4.2147e-07
3.86144e-07
3.537e-07
3.2391e-07
2.96564e-07
2.71465e-07
2.48436e-07
2.27309e-07
2.07933e-07
1.90166e-07
1.73879e-07
1.58951e-07
1.45273e-07
1.32742e-07
1.21265e-07
1.10755e-07
1.01134e-07
9.23283e-08
8.42704e-08
7.68987e-08
7.01562e-08
6.39907e-08
5.8354e-08
5.3202e-08
4.84941e-08
4.41929e-08
4.02643e-08
3.66768e-08
3.34014e-08
3.04119e-08
2.76837e-08
2.51946e-08
2.29243e-08
2.08539e-08
1.89663e-08
1.72457e-08
1.56777e-08
1.42491e-08
1.29477e-08
1.17627e-08
1.06837e-08
9.7015e-09
8.80766e-09
7.99439e-09
7.25461e-09
6.58182e-09
5.97009e-09
5.41402e-09
4.90865e-09
4.44946e-09
4.03233e-09
3.65349e-09
3.30951e-09
2.99725e-09
2.71384e-09
2.45669e-09
2.22341e-09
2.01183e-09
1.81999e-09
1.64607e-09
1.48844e-09
1.3456e-09
1.2162e-09
1.099e-09
9.92876e-10
8.96799e-10
8.09837e-10
7.31147e-10
6.59954e-10
5.95561e-10
5.37334e-10
4.84691e-10
4.37106e-10
3.94107e-10
3.55258e-10
3.20167e-10
2.8848e-10
2.59869e-10
2.34044e-10
2.1074e-10
1.89713e-10
1.70745e-10
1.53642e-10
1.38219e-10
1.24318e-10
1.1179e-10
1.00501e-10
9.03321e-11
8.11768e-11
7.293e-11
6.55067e-11
5.88287e-11
5.28168e-11
4.74101e-11
4.25481e-11
3.81739e-11
3.42432e-11
3.0711e-11
2.7534e-11
2.46839e-11
2.21222e-11
1.98225e-11
1.77564e-11
1.59042e-11
1.42388e-11
1.27497e-11
1.14107e-11
1.02084e-11
9.13514e-12
8.17035e-12
7.30604e-12
6.53344e-12
5.83977e-12
5.21594e-12
4.6626e-12
4.165e-12
3.71725e-12
3.32212e-12
2.96507e-12
2.64366e-12
2.36189e-12
2.10665e-12
1.87772e-12
1.67588e-12
1.49281e-12
1.32949e-12
1.18727e-12
1.05582e-12
9.40026e-13
8.37885e-13
7.45293e-13
6.6358e-13
5.91305e-13
5.2558e-13
4.67737e-13
4.16778e-13
3.68039e-13
3.29625e-13
2.92211e-13
2.57905e-13
2.31148e-13
2.02727e-13
1.80522e-13
1.62315e-13
1.42442e-13
1.26343e-13
1.15241e-13
9.89209e-14
8.90399e-14
8.08242e-14
6.90559e-14
6.23945e-14
5.68434e-14
4.89608e-14
4.30767e-14
4.00791e-14
3.41949e-14
3.03091e-14
2.67564e-14
2.42029e-14
2.13163e-14
1.94289e-14
1.70974e-14
1.4766e-14
1.35447e-14
1.11022e-14
1.07692e-14
9.32587e-15
7.10543e-15
7.88258e-15
6.55032e-15
4.55191e-15
5.77316e-15
5.21805e-15
3.44169e-15
3.77476e-15
4.10783e-15
2.9976e-15
3.55271e-15
3.44169e-15
2.77556e-15
2.66454e-15
2.66454e-15
1.88738e-15
3.66374e-15
3.33067e-15
1.44329e-15
3.44169e-15
2.44249e-15
1.77636e-15
3.55271e-15
3.10862e-15
1.55431e-15
3.44169e-15
2.66454e-15
1.66533e-15
-4.44089e-16
-4.44089e-16
1.33227e-15
9.99201e-16
1.66533e-15
1.77636e-15
-2.22045e-16
-1.33227e-15
1.77636e-15
-2.22045e-16
-4.44089e-16
1.66533e-15
7.77156e-16
1.11022e-16
1.11022e-15
1.66533e-15
-1.33227e-15
2.22045e-15
1.44329e-15
-2.22045e-16
1.55431e-15
3.33067e-16
-6.66134e-16
1.77636e-15
8.88178e-16
0
1.77636e-15
7.77156e-16
0
1.11022e-16
5.55112e-16
-6.66134e-16
1.11022e-15
-1.11022e-15
1.11022e-16
-8.88178e-16
6.66134e-16
0
-4.44089e-16
-2.22045e-16
1.11022e-16
-1.33227e-15
-8.88178e-16
1.66533e-15
-1.55431e-15
-1.11022e-15
1.11022e-16
-1.55431e-15
-2.44249e-15
-1.55431e-15
-6.66134e-16
-1.9984e-15
-1.11022e-15
-2.66454e-15
-1.11022e-15
-6.66134e-16
-1.33227e-15
-1.55431e-15
-6.66134e-16
-3.10862e-15
-1.11022e-15
-2.88658e-15
-2.22045e-16
-1.9984e-15
1.11022e-16
-1.77636e-15
-1.9984e-15
-8.88178e-16
-1.9984e-15
-2.88658e-15
-1.55431e-15
-1.9984e-15
-1.11022e-15
-1.55431e-15
-1.77636e-15
-1.77636e-15
-8.88178e-16
-2.22045e-15
-2.22045e-15
-1.77636e-15
-1.9984e-15
-2.66454e-15
-1.55431e-15
-2.44249e-15
-3.33067e-15
-2.22045e-15
-2.44249e-15
-3.33067e-15
-2.22045e-15
-2.88658e-15
-3.10862e-15
-1.55431e-15
-2.66454e-15
-3.33067e-15
-1.11022e-15
-3.10862e-15
-3.55271e-15
-2.22045e-15
-2.66454e-15
-3.55271e-15
-1.33227e-15
-2.88658e-15
-3.10862e-15
-1.11022e-15
-1.9984e-15
-3.10862e-15
-8.88178e-16
-2.88658e-15
-3.10862e-15
-6.66134e-16
-8.88178e-16
-2.88658e-15
-1.9984e-15
-3.33067e-15
-3.10862e-15
-2.44249e-15
-3.77476e-15
-2.66454e-15
-8.88178e-16
-2.66454e-15
-3.33067e-15
-4.44089e-16
-4.21885e-15
-2.88658e-15
-1.33227e-15
-3.10862e-15
-4.44089e-16
-1.33227e-15
-3.55271e-15
9.99201e-16
-1.33227e-15
-3.55271e-15
1.11022e-15
-8.88178e-16
-3.77476e-15
-2.44249e-15
-3.10862e-15
-8.88178e-16
9.99201e-16
-2.88658e-15
-1.11022e-15
7.77156e-16
-6.66134e-16
-2.22045e-16
1.33227e-15
-6.66134e-16
0
1.22125e-15
-1.9984e-15
-2.22045e-16
-6.66134e-16
-1.9984e-15
1.44329e-15
-2.22045e-16
-2.66454e-15
3.33067e-16
-1.9984e-15
-1.55431e-15
1.11022e-15
2.55351e-15
-8.88178e-16
1.11022e-15
-1.11022e-15
-8.88178e-16
1.55431e-15
1.11022e-15
-1.55431e-15
1.22125e-15
-1.33227e-15
-8.88178e-16
1.44329e-15
5.55112e-16
-4.44089e-16
9.99201e-16
-1.9984e-15
-1.11022e-15
1.88738e-15
-2.44249e-15
-2.22045e-16
1.88738e-15
-2.22045e-15
-4.44089e-16
1.9984e-15
1.33227e-15
5.55112e-16
1.22125e-15
-2.44249e-15
2.9976e-15
6.66134e-16
-2.22045e-15
4.44089e-16
7.77156e-16
-2.22045e-15
1.11022e-16
7.77156e-16
-1.9984e-15
5.55112e-16
-4.44089e-16
6.66134e-16
3.21965e-15
9.99201e-16
1.44329e-15
3.44169e-15
7.77156e-16
7.77156e-16
3.10862e-15
4.44089e-16
-1.55431e-15
2.77556e-15
-4.44089e-16
6.66134e-16
1.11022e-16
0
4.44089e-16
3.10862e-15
0
1.11022e-16
3.10862e-15
0
5.55112e-16
3.77476e-15
9.99201e-16
1.22125e-15
-2.22045e-16
0
5.55112e-16
2.10942e-15
-4.44089e-16
1.44329e-15
-4.44089e-16
2.22045e-16
8.88178e-16
8.88178e-16
9.99201e-16
1.9984e-15
-1.33227e-15
1.33227e-15
7.77156e-16
1.88738e-15
1.9984e-15
7.77156e-16
-2.22045e-16
1.55431e-15
1.33227e-15
1.77636e-15
1.44329e-15
1.22125e-15
0
1.11022e-15
1.11022e-16
-2.22045e-16
1.44329e-15
1.33227e-15
-4.44089e-16
1.22125e-15
5.55112e-16
1.11022e-16
1.77636e-15
9.99201e-16
0
1.33227e-15
3.33067e-16
0
5.55112e-16
4.44089e-16
2.22045e-16
1.22125e-15
9.99201e-16
5.55112e-16
1.22125e-15
3.33067e-16
-4.44089e-16
-2.22045e-16
6.66134e-16
-2.22045e-16
2.22045e-16
5.55112e-16
0
-2.22045e-16
5.55112e-16
6.66134e-16
2.22045e-16
0
4.44089e-16
1.11022e-16
-2.22045e-16
6.66134e-16
1.11022e-16
-2.22045e-16
8.88178e-16
1.11022e-15
1.11022e-16
4.44089e-16
1.11022e-16
8.88178e-16
5.55112e-16
5.55112e-16
3.33067e-16
8.88178e-16
4.44089e-16
1.44329e-15
3.33067e-16
1.22125e-15
3.33067e-16
5.55112e-16
-2.22045e-16
1.11022e-15
8.88178e-16
1.77636e-15
1.11022e-15
4.44089e-16
2.10942e-15
1.22125e-15
5.55112e-16
1.9984e-15
1.11022e-15
-2.22045e-16
1.33227e-15
6.66134e-16
1.11022e-16
1.9984e-15
3.33067e-16
9.99201e-16
2.44249e-15
-2.22045e-16
6.66134e-16
2.10942e-15
8.88178e-16
5.55112e-16
2.10942e-15
-4.44089e-16
1.33227e-15
-2.22045e-16
-2.22045e-16
0
6.66134e-16
-4.44089e-16
8.88178e-16
-4.44089e-16
-8.88178e-16
3.33067e-16
-2.22045e-16
-1.55431e-15
0
-4.44089e-16
1.88738e-15
1.11022e-15
4.44089e-16
3.33067e-16
1.66533e-15
0
-6.66134e-16
1.55431e-15
-4.44089e-16
0
2.10942e-15
1.11022e-16
2.66454e-15
2.33147e-15
5.55112e-16
8.88178e-16
1.44329e-15
1.22125e-15
2.22045e-15
2.55351e-15
5.55112e-16
2.22045e-16
2.55351e-15
5.55112e-16
1.66533e-15
2.44249e-15
-4.44089e-16
3.33067e-15
2.9976e-15
1.22125e-15
1.77636e-15
2.9976e-15
2.22045e-16
-4.44089e-16
2.66454e-15
1.22125e-15
1.33227e-15
-1.11022e-15
1.44329e-15
2.44249e-15
2.33147e-15
8.88178e-16
1.66533e-15
1.77636e-15
6.66134e-16
2.33147e-15
2.22045e-16
1.22125e-15
-8.88178e-16
-2.22045e-16
1.22125e-15
4.44089e-16
9.99201e-16
1.66533e-15
1.77636e-15
8.88178e-16
1.66533e-15
1.88738e-15
-4.44089e-16
7.77156e-16
1.11022e-16
1.77636e-15
1.33227e-15
6.66134e-16
3.33067e-16
2.22045e-15
7.77156e-16
-4.44089e-16
1.22125e-15
3.33067e-16
5.55112e-16
9.99201e-16
9.99201e-16
8.88178e-16
1.22125e-15
4.44089e-16
6.66134e-16
7.77156e-16
-2.22045e-16
4.44089e-16
6.66134e-16
5.55112e-16
3.33067e-16
1.11022e-15
4.44089e-16
0
0
9.99201e-16
5.55112e-16
3.33067e-16
3.33067e-16
7.77156e-16
1.22125e-15
5.55112e-16
8.88178e-16
-2.22045e-16
-4.44089e-16
1.11022e-16
0
4.44089e-16
-4.44089e-16
-4.44089e-16
-6.66134e-16
0
-6.66134e-16
3.33067e-16
-2.22045e-16
3.33067e-16
-6.66134e-16
5.55112e-16
5.55112e-16
-6.66134e-16
-8.88178e-16
3.33067e-16
0
0
8.88178e-16
1.11022e-16
-1.11022e-15
-2.22045e-16
-4.44089e-16
4.44089e-16
3.33067e-16
-1.77636e-15
1.11022e-16
-6.66134e-16
3.33067e-16
3.33067e-16
1.11022e-15
3.33067e-16
4.44089e-16
-2.22045e-16
2.22045e-16
-8.88178e-16
-6.66134e-16
-1.33227e-15
1.11022e-16
-6.66134e-16
-8.88178e-16
5.55112e-16
-4.44089e-16
1.11022e-16
-2.22045e-16
-2.22045e-16
-1.33227e-15
-1.11022e-15
-6.66134e-16
-2.44249e-15
-8.88178e-16
-1.33227e-15
-2.44249e-15
-1.33227e-15
3.33067e-16
-6.66134e-16
-1.11022e-15
-8.88178e-16
-1.77636e-15
-4.44089e-16
-1.55431e-15
-1.33227e-15
-1.11022e-15
-2.22045e-15
-2.22045e-15
-2.66454e-15
-1.33227e-15
-1.77636e-15
-1.55431e-15
-8.88178e-16
5.55112e-16
-2.22045e-16
-1.11022e-15
1.44329e-15
2.22045e-16
-2.22045e-15
1.11022e-15
-4.44089e-16
-2.22045e-15
-1.11022e-15
-8.88178e-16
-1.11022e-15
1.55431e-15
6.66134e-16
8.88178e-16
1.55431e-15
7.77156e-16
1.44329e-15
1.55431e-15
4.44089e-16
3.33067e-16
1.55431e-15
0
-8.88178e-16
1.33227e-15
1.33227e-15
4.44089e-16
6.66134e-16
1.9984e-15
8.88178e-16
-1.9984e-15
1.33227e-15
-2.22045e-16
1.11022e-15
1.66533e-15
5.55112e-16
1.11022e-15
-1.11022e-15
-2.22045e-15
1.9984e-15
2.22045e-15
-2.22045e-15
-1.77636e-15
2.10942e-15
-2.22045e-15
1.88738e-15
2.22045e-15
3.33067e-16
-1.77636e-15
1.11022e-16
-1.77636e-15
-1.33227e-15
-2.22045e-16
-2.88658e-15
2.22045e-16
1.11022e-16
-1.9984e-15
2.44249e-15
-8.88178e-16
-2.66454e-15
-1.77636e-15
1.11022e-16
2.22045e-16
-2.22045e-16
-1.33227e-15
-2.22045e-16
1.11022e-16
9.99201e-16
1.11022e-16
1.33227e-15
-6.66134e-16
1.44329e-15
3.33067e-16
0
6.66134e-16
-6.66134e-16
-4.44089e-16
-1.11022e-15
6.66134e-16
-8.88178e-16
-2.22045e-16
1.33227e-15
4.44089e-16
6.66134e-16
-6.66134e-16
-1.33227e-15
1.11022e-16
-8.88178e-16
-1.55431e-15
1.66533e-15
5.55112e-16
-1.77636e-15
0
-1.33227e-15
-1.55431e-15
9.99201e-16
4.44089e-16
-2.22045e-15
1.11022e-16
-1.11022e-15
1.22125e-15
7.77156e-16
-2.44249e-15
-2.44249e-15
4.44089e-16
-1.55431e-15
1.44329e-15
3.33067e-16
-2.22045e-16
-1.33227e-15
3.33067e-16
-6.66134e-16
6.66134e-16
-4.44089e-16
-1.55431e-15
-1.9984e-15
9.99201e-16
-2.22045e-16
9.99201e-16
-6.66134e-16
-1.77636e-15
-1.9984e-15
1.11022e-15
-6.66134e-16
2.66454e-15
2.22045e-16
8.88178e-16
7.77156e-16
9.99201e-16
-6.66134e-16
2.77556e-15
5.55112e-16
-6.66134e-16
8.88178e-16
-3.9968e-15
-8.88178e-16
1.9984e-15
-2.44249e-15
0
1.33227e-15
7.77156e-16
-2.22045e-16
-1.9984e-15
1.33227e-15
-6.66134e-16
-3.33067e-15
-3.9968e-15
-2.22045e-16
1.77636e-15
-2.66454e-15
-1.11022e-15
1.9984e-15
-2.88658e-15
-4.44089e-16
1.66533e-15
-2.66454e-15
-1.11022e-15
1.22125e-15
-2.66454e-15
1.77636e-15
-3.55271e-15
-1.55431e-15
2.9976e-15
-4.21885e-15
7.77156e-16
1.11022e-16
-3.10862e-15
-1.55431e-15
-4.44089e-16
-5.55112e-15
0
-8.88178e-16
-8.88178e-16
1.55431e-15
-8.88178e-16
4.44089e-16
1.88738e-15
-2.22045e-16
-8.88178e-16
1.88738e-15
-8.88178e-16
7.77156e-16
1.88738e-15
2.9976e-15
8.88178e-16
-1.55431e-15
4.10783e-15
7.77156e-16
1.66533e-15
2.9976e-15
3.33067e-16
-1.55431e-15
4.88498e-15
1.11022e-16
2.33147e-15
-8.88178e-16
1.11022e-16
1.66533e-15
-2.44249e-15
9.99201e-16
3.21965e-15
-4.44089e-16
9.99201e-16
-2.88658e-15
-6.66134e-16
-2.22045e-16
-3.33067e-15
2.44249e-15
7.77156e-16
-2.44249e-15
-4.44089e-16
2.22045e-15
-3.33067e-15
4.44089e-15
1.33227e-15
-2.66454e-15
5.10703e-15
0
-2.88658e-15
4.44089e-15
1.55431e-15
-1.55431e-15
5.32907e-15
2.33147e-15
-3.10862e-15
2.66454e-15
3.9968e-15
1.22125e-15
-8.88178e-16
4.55191e-15
-2.22045e-15
2.9976e-15
4.66294e-15
-1.11022e-15
-4.44089e-16
4.996e-15
-1.33227e-15
3.88578e-15
4.66294e-15
-1.33227e-15
0
4.32987e-15
-2.22045e-16
3.21965e-15
4.77396e-15
1.11022e-16
3.33067e-16
2.88658e-15
-2.22045e-16
3.10862e-15
4.55191e-15
1.33227e-15
4.44089e-16
3.66374e-15
3.33067e-15
6.66134e-16
4.55191e-15
2.33147e-15
8.88178e-16
2.44249e-15
1.44329e-15
3.88578e-15
4.21885e-15
2.66454e-15
1.11022e-16
2.44249e-15
2.44249e-15
4.10783e-15
3.21965e-15
1.9984e-15
4.44089e-16
2.77556e-15
1.77636e-15
3.88578e-15
4.77396e-15
3.33067e-15
7.77156e-16
-6.66134e-16
1.77636e-15
2.10942e-15
3.66374e-15
1.77636e-15
1.33227e-15
0
2.88658e-15
2.9976e-15
4.21885e-15
9.99201e-16
8.88178e-16
-4.44089e-16
2.22045e-16
2.44249e-15
2.88658e-15
8.88178e-16
1.88738e-15
3.33067e-16
2.33147e-15
2.77556e-15
3.21965e-15
4.44089e-16
9.99201e-16
-1.77636e-15
-1.11022e-15
1.66533e-15
2.66454e-15
2.22045e-16
4.44089e-16
-1.9984e-15
-2.66454e-15
-4.44089e-16
2.10942e-15
-4.44089e-16
2.44249e-15
-1.77636e-15
-1.9984e-15
2.77556e-15
2.10942e-15
-1.33227e-15
1.55431e-15
-2.44249e-15
-2.66454e-15
1.77636e-15
8.88178e-16
1.9984e-15
1.11022e-16
1.88738e-15
-3.10862e-15
1.22125e-15
2.44249e-15
-2.66454e-15
-6.66134e-16
2.33147e-15
-3.33067e-15
-2.66454e-15
1.77636e-15
-3.33067e-15
-1.33227e-15
1.22125e-15
-3.77476e-15
1.22125e-15
2.22045e-15
-3.10862e-15
-8.88178e-16
-1.9984e-15
-3.33067e-15
-2.22045e-15
4.44089e-16
-4.44089e-16
-3.9968e-15
2.22045e-15
-2.22045e-15
-3.9968e-15
1.44329e-15
3.33067e-16
-3.9968e-15
1.44329e-15
-2.66454e-15
-5.10703e-15
2.10942e-15
-4.44089e-16
-8.88178e-16
1.77636e-15
-1.77636e-15
2.22045e-16
1.77636e-15
-6.66134e-16
-8.88178e-16
2.44249e-15
-4.44089e-16
-4.44089e-16
3.33067e-15
-4.44089e-16
-2.44249e-15
9.99201e-16
1.9984e-15
-1.77636e-15
1.44329e-15
2.22045e-16
-1.55431e-15
2.33147e-15
4.66294e-15
1.55431e-15
4.55191e-15
4.55191e-15
3.33067e-15
7.77156e-15
9.65894e-15
7.54952e-15
1.42109e-14
1.18794e-14
1.19904e-14
2.0095e-14
2.24265e-14
2.15383e-14
2.63123e-14
2.65343e-14
3.08642e-14
3.76366e-14
4.55191e-14
5.05151e-14
5.68434e-14
6.15064e-14
6.59472e-14
7.79377e-14
9.10383e-14
1.02474e-13
1.0858e-13
1.26565e-13
1.39555e-13
1.61204e-13
1.84075e-13
2.03393e-13
2.33369e-13
2.58571e-13
2.88214e-13
3.28071e-13
3.71814e-13
4.15223e-13
4.62408e-13
5.24469e-13
5.86198e-13
6.60916e-13
7.48401e-13
8.41216e-13
9.40026e-13
1.05582e-12
1.18039e-12
1.32683e-12
1.49503e-12
1.67766e-12
1.87683e-12
2.10443e-12
2.35545e-12
2.64166e-12
2.96663e-12
3.32345e-12
3.71791e-12
4.16345e-12
4.65705e-12
5.21705e-12
5.84088e-12
6.5361e-12
7.30138e-12
8.16924e-12
9.12959e-12
1.02066e-11
1.14102e-11
1.27501e-11
1.42391e-11
1.58993e-11
1.77564e-11
1.98178e-11
2.21206e-11
2.46846e-11
2.75338e-11
3.07125e-11
3.42381e-11
3.81701e-11
4.2545e-11
4.74119e-11
5.28152e-11
5.88221e-11
6.55012e-11
7.29256e-11
8.11731e-11
9.03341e-11
1.00499e-10
1.1179e-10
1.24312e-10
1.38213e-10
1.53636e-10
1.70746e-10
1.89714e-10
2.10735e-10
2.34043e-10
2.59864e-10
2.88477e-10
3.20167e-10
3.55258e-10
3.94105e-10
4.37103e-10
4.84683e-10
5.3733e-10
5.95561e-10
6.59954e-10
7.31141e-10
8.09834e-10
8.96792e-10
9.92872e-10
1.099e-09
1.2162e-09
1.3456e-09
1.48843e-09
1.64606e-09
1.81998e-09
2.01183e-09
2.22341e-09
2.45669e-09
2.71384e-09
2.99724e-09
3.3095e-09
3.65349e-09
4.03233e-09
4.44945e-09
4.90864e-09
5.41401e-09
5.97009e-09
6.58182e-09
7.25461e-09
7.99439e-09
8.80766e-09
9.70149e-09
1.06837e-08
1.17627e-08
1.29477e-08
1.4249e-08
1.56777e-08
1.72457e-08
1.89663e-08
2.08539e-08
2.29243e-08
2.51946e-08
2.76837e-08
3.04119e-08
3.34014e-08
3.66768e-08
4.02643e-08
4.41929e-08
4.84941e-08
5.3202e-08
5.8354e-08
6.39907e-08
7.01562e-08
7.68987e-08
8.42704e-08
9.23283e-08
1.01134e-07
1.10755e-07
1.21265e-07
1.32742e-07
1.45273e-07
1.58951e-07
1.73879e-07
1.90166e-07
2.07933e-07
2.27309e-07
2.48436e-07
2.71465e-07
2.96564e-07
3.2391e-07
3.537e-07
3.86144e-07
4.2147e-07
4.59925e-07
5.01777e-07
5.47316e-07
5.96855e-07
6.50734e-07
7.09318e-07
7.73004e-07
8.42221e-07
9.17431e-07
9.99136e-07
1.08788e-06
1.18423e-06
1.28884e-06
1.40237e-06
1.52557e-06
1.65921e-06
1.80417e-06
1.96135e-06
2.13175e-06
2.31644e-06
2.51658e-06
2.73339e-06
2.96822e-06
3.22252e-06
3.49782e-06
3.79579e-06
4.11823e-06
4.46707e-06
4.84438e-06
5.25239e-06
5.6935e-06
6.17028e-06
6.6855e-06
7.24213e-06
7.84336e-06
8.49261e-06
9.19356e-06
9.95015e-06
1.07666e-05
1.16475e-05
1.25976e-05
1.36222e-05
1.47269e-05
1.59176e-05
1.72007e-05
1.85831e-05
2.00722e-05
2.16758e-05
2.34023e-05
2.52607e-05
2.72606e-05
2.94122e-05
3.17267e-05
3.42157e-05
3.68917e-05
3.97681e-05
4.28593e-05
4.61805e-05
4.97481e-05
5.35792e-05
5.76926e-05
6.2108e-05
6.68464e-05
7.19303e-05
7.73837e-05
8.3232e-05
8.95023e-05
9.62237e-05
0.000103427
0.000111144
0.000119411
0.000128264
0.000137743
0.00014789
0.000158748
0.000170366
0.000182794
0.000196085
0.000210295
0.000225484
0.000241717
0.000259061
0.000277588
0.000297374
0.000318499
0.000341049
0.000365114
0.00039079
0.000418179
0.000447388
0.00047853
0.000511727
0.000547105
0.000584798
0.00062495
0.000667709
0.000713236
0.000761697
0.00081327
0.000868142
0.00092651
0.000988582
0.00105458
0.00112473
0.00119928
0.00127849
0.00136263
0.00145198
0.00154684
0.00164754
0.0017544
0.00186778
0.00198804
0.00211558
0.00225079
0.00239412
0.00254601
0.00270692
0.00287737
0.00305788
0.00324898
0.00345126
0.00366531
0.00389178
0.00413132
0.00438463
0.00465244
0.0049355
0.00523462
0.00555064
0.00588442
0.00623689
0.006609
0.00700175
0.00741619
0.00785342
0.00831458
0.00880085
0.0093135
0.00985381
0.0104231
0.0110229
0.0116546
0.0123198
0.01302
0.013757
0.0145324
0.0153482
0.0162061
0.0171082
0.0180565
0.0190531
0.0201002
0.0212002
0.0223553
0.0235682
0.0248414
0.0261775
0.0275793
0.0290498
0.0305918
0.0322086
0.0339032
0.0356791
0.0375396
0.0394884
0.041529
0.0436655
0.0459016
0.0482415
0.0506894
0.0532497
0.0559268
0.0587255
0.0616505
0.0647068
0.0678995
0.0712339
0.0747154
0.0783496
0.0821424
0.0860995
0.0902273
0.0945319
0.0990198
0.103698
0.108572
0.113651
0.118941
0.124449
0.130184
0.136152
0.142362
0.148823
0.155542
0.162528
0.16979
0.177337
0.185179
0.193324
0.201782
0.210564
0.21968
0.229138
0.238951
0.249129
0.259682
0.270623
0.281961
0.293709
0.305879
0.318482
0.331531
0.345037
0.359014
0.373474
0.388429
0.403894
0.419881
0.436404
0.453476
0.471112
0.489324
0.508127
0.527535
0.547563
0.568225
0.589535
0.611508
0.63416
0.657504
0.681556
0.70633
0.731842
0.758107
0.78514
0.812956
0.84157
0.870998
0.901254
0.932353
0.964312
0.997144
1.03086
1.06549
1.10103
1.1375
1.17492
1.21331
1.25266
1.29301
1.33436
1.37672
1.42012
1.46455
1.51004
1.5566
1.60423
1.65296
1.70279
1.75372
1.80578
1.85898
1.91331
1.96879
2.02543
2.08324
2.14222
2.20238
2.26373
2.32627
2.39
2.45494
2.52107
2.58842
2.65697
2.72673
2.79769
2.86987
2.94326
3.01785
3.09364
3.17063
3.24881
3.32818
3.40873
3.49045
3.57334
3.65738
3.74257
3.82889
3.91633
4.00487
4.09451
4.18522
4.27699
4.36979
4.46362
4.55845
4.65426
4.75103
4.84872
4.94733
5.04682
5.14716
5.24834
5.35031
5.45305
5.55652
5.6607
5.76555
5.87103
5.97712
6.08377
6.19094
6.2986
6.40671
6.51523
6.6241
6.7333
6.84278
6.95249
7.06239
7.17243
7.28256
7.39274
7.50292
7.61305
7.72307
7.83294
7.94261
8.05202
8.16113
8.26987
8.37819
8.48605
8.59339
8.70014
8.80626
8.9117
9.01639
9.12028
9.22332
9.32545
9.42661
9.52674
9.6258
9.72373
9.82047
9.91596
10.0102
10.103
10.1944
10.2844
10.3729
10.4598
10.545
10.6286
10.7105
10.7907
10.869
10.9454
11.0199
11.0925
11.163
11.2315
11.2979
11.3622
11.4243
11.4842
11.5418
11.5971
11.6501
11.7008
11.749
11.7949
11.8382
11.8791
11.9175
11.9534
11.9866
12.0173
12.0454
12.0709
12.0938
12.114
12.1315
12.1463
12.1585
12.168
12.1748
12.1788
12.1802
