2048 1 1
1.91979e-10 2.21679e-10 3.13501e-10
15.3567
15.3563
15.355
15.3527
15.3496
15.3456
15.3407
15.3349
15.3282
15.3207
15.3123
15.3029
15.2928
15.2817
15.2698
15.257
15.2433
15.2288
15.2134
15.1972
15.1801
15.1622
15.1435
15.1239
15.1035
15.0823
15.0602
15.0374
15.0138
14.9894
14.9641
14.9382
14.9114
14.8839
14.8556
14.8266
14.7968
14.7663
14.7351
14.7032
14.6705
14.6372
14.6032
14.5685
14.5331
14.497
14.4603
14.423
14.385
14.3465
14.3073
14.2675
14.2271
14.1861
14.1445
14.1024
14.0597
14.0165
13.9728
13.9285
13.8837
13.8385
13.7927
13.7464
13.6997
13.6525
13.6049
13.5569
13.5084
13.4595
13.4102
13.3604
13.3104
13.2599
13.2091
13.1579
13.1063
13.0545
13.0023
12.9498
12.897
12.8439
12.7905
12.7369
12.683
12.6288
12.5744
12.5198
12.4649
12.4098
12.3545
12.299
12.2434
12.1875
12.1315
12.0753
12.019
11.9625
11.9059
11.8492
11.7923
11.7354
11.6783
11.6212
11.5639
11.5066
11.4492
11.3917
11.3342
11.2767
11.2191
11.1614
11.1038
11.0461
10.9884
10.9307
10.8729
10.8152
10.7575
10.6999
10.6422
10.5846
10.527
10.4694
10.4119
10.3544
10.297
10.2396
10.1823
10.1251
10.0679
10.0109
9.95386
9.89695
9.84012
9.78339
9.72676
9.67023
9.61381
9.55749
9.50128
9.44519
9.38922
9.33337
9.27764
9.22204
9.16657
9.11123
9.05603
9.00096
8.94604
8.89126
8.83662
8.78213
8.72779
8.67359
8.61956
8.56567
8.51194
8.45837
8.40496
8.35171
8.29863
8.2457
8.19294
8.14035
8.08792
8.03567
7.98358
7.93166
7.87992
7.82834
7.77694
7.72571
7.67466
7.62378
7.57308
7.52255
7.4722
7.42202
7.37203
7.32221
7.27256
7.2231
7.17381
7.1247
7.07577
7.02702
6.97845
6.93005
6.88184
6.8338
6.78594
6.73826
6.69076
6.64343
6.59628
6.54931
6.50252
6.4559
6.40946
6.3632
6.31711
6.2712
6.22546
6.17989
6.13451
6.08929
6.04425
5.99938
5.95468
5.91016
5.8658
5.82162
5.77761
5.73376
5.69009
5.64658
5.60324
5.56007
5.51706
5.47422
5.43155
5.38904
5.3467
5.30451
5.26249
5.22064
5.17894
5.1374
5.09603
5.05481
5.01375
4.97285
4.93211
4.89152
4.85109
4.81081
4.77069
4.73072
4.6909
4.65124
4.61172
4.57236
4.53315
4.49408
4.45517
4.4164
4.37778
4.3393
4.30097
4.26278
4.22474
4.18684
4.14909
4.11147
4.074
4.03667
3.99947
3.96242
3.9255
3.88872
3.85208
3.81557
3.7792
3.74296
3.70685
3.67088
3.63504
3.59934
3.56376
3.52831
3.493
3.45781
3.42275
3.38781
3.35301
3.31833
3.28377
3.24934
3.21504
3.18085
3.14679
3.11285
3.07903
3.04534
3.01176
2.9783
2.94496
2.91174
2.87864
2.84565
2.81278
2.78002
2.74738
2.71485
2.68244
2.65014
2.61795
2.58587
2.5539
2.52205
2.4903
2.45867
2.42714
2.39572
2.3644
2.3332
2.3021
2.2711
2.24021
2.20943
2.17874
2.14817
2.11769
2.08732
2.05705
2.02687
1.9968
1.96683
1.93696
1.90719
1.87752
1.84794
1.81846
1.78908
1.75979
1.7306
1.70151
1.67251
1.6436
1.61479
1.58607
1.55744
1.52891
1.50046
1.47211
1.44385
1.41568
1.3876
1.3596
1.3317
1.30388
1.27615
1.24851
1.22096
1.19349
1.16611
1.13881
1.1116
1.08447
1.05743
1.03047
1.0036
0.976803
0.950092
0.923464
0.896916
0.87045
0.844065
0.817759
0.791534
0.765388
0.739321
0.713332
0.687422
0.66159
0.635835
0.610157
0.584556
0.559031
0.533582
0.508208
0.48291
0.457686
0.432537
0.407461
0.38246
0.357531
0.332676
0.307893
0.283182
0.258543
0.233976
0.20948
0.185054
0.160699
0.136414
0.112199
0.0880539
0.0639775
0.0399699
0.0160308
-0.00784012
-0.0316432
-0.0553788
-0.0790472
-0.102649
-0.126184
-0.149652
-0.173055
-0.196392
-0.219664
-0.24287
-0.266012
-0.289089
-0.312102
-0.335051
-0.357937
-0.380759
-0.403519
-0.426215
-0.448849
-0.471421
-0.49393
-0.516378
-0.538765
-0.561091
-0.583355
-0.605559
-0.627703
-0.649786
-0.67181
-0.693774
-0.715679
-0.737524
-0.759311
-0.781039
-0.802709
-0.824321
-0.845874
-0.86737
-0.888809
-0.91019
-0.931515
-0.952783
-0.973994
-0.995149
-1.01625
-1.03729
-1.05828
-1.07921
-1.10009
-1.12091
-1.14168
-1.16239
-1.18305
-1.20365
-1.2242
-1.2447
-1.26514
-1.28553
-1.30586
-1.32615
-1.34638
-1.36656
-1.38668
-1.40675
-1.42678
-1.44675
-1.46666
-1.48653
-1.50634
-1.52611
-1.54582
-1.56548
-1.58509
-1.60466
-1.62417
-1.64363
-1.66304
-1.6824
-1.70171
-1.72097
-1.74019
-1.75935
-1.77847
-1.79753
-1.81655
-1.83552
-1.85444
-1.87331
-1.89214
-1.91091
-1.92964
-1.94832
-1.96696
-1.98555
-2.00408
-2.02258
-2.04102
-2.05942
-2.07777
-2.09608
-2.11434
-2.13255
-2.15072
-2.16884
-2.18692
-2.20495
-2.22293
-2.24087
-2.25877
-2.27661
-2.29442
-2.31218
-2.32989
-2.34756
-2.36518
-2.38277
-2.4003
-2.41779
-2.43524
-2.45264
-2.47
-2.48732
-2.50459
-2.52182
-2.53901
-2.55615
-2.57325
-2.5903
-2.60732
-2.62429
-2.64121
-2.6581
-2.67494
-2.69174
-2.70849
-2.72521
-2.74188
-2.75851
-2.7751
-2.79164
-2.80815
-2.82461
-2.84103
-2.85741
-2.87375
-2.89004
-2.9063
-2.92251
-2.93869
-2.95482
-2.97091
-2.98696
-3.00297
-3.01894
-3.03486
-3.05075
-3.0666
-3.0824
-3.09817
-3.11389
-3.12958
-3.14523
-3.16083
-3.1764
-3.19192
-3.20741
-3.22285
-3.23826
-3.25363
-3.26895
-3.28424
-3.29949
-3.3147
-3.32987
-3.345
-3.36009
-3.37515
-3.39016
-3.40513
-3.42007
-3.43497
-3.44983
-3.46465
-3.47943
-3.49417
-3.50887
-3.52354
-3.53817
-3.55276
-3.56731
-3.58182
-3.5963
-3.61073
-3.62513
-3.63949
-3.65382
-3.6681
-3.68235
-3.69656
-3.71073
-3.72486
-3.73896
-3.75302
-3.76704
-3.78103
-3.79497
-3.80888
-3.82276
-3.83659
-3.85039
-3.86415
-3.87788
-3.89156
-3.90521
-3.91883
-3.9324
-3.94594
-3.95944
-3.97291
-3.98634
-3.99973
-4.01309
-4.02641
-4.03969
-4.05294
-4.06615
-4.07932
-4.09246
-4.10556
-4.11862
-4.13165
-4.14465
-4.1576
-4.17052
-4.18341
-4.19625
-4.20907
-4.22184
-4.23458
-4.24729
-4.25995
-4.27259
-4.28518
-4.29775
-4.31027
-4.32276
-4.33521
-4.34763
-4.36002
-4.37236
-4.38468
-4.39695
-4.40919
-4.4214
-4.43357
-4.44571
-4.4578
-4.46987
-4.4819
-4.49389
-4.50585
-4.51778
-4.52966
-4.54152
-4.55334
-4.56512
-4.57687
-4.58858
-4.60026
-4.61191
-4.62352
-4.63509
-4.64663
-4.65813
-4.6696
-4.68104
-4.69244
-4.70381
-4.71514
-4.72643
-4.7377
-4.74892
-4.76012
-4.77127
-4.7824
-4.79349
-4.80454
-4.81556
-4.82655
-4.8375
-4.84842
-4.8593
-4.87015
-4.88097
-4.89175
-4.90249
-4.91321
-4.92388
-4.93453
-4.94514
-4.95571
-4.96625
-4.97676
-4.98724
-4.99768
-5.00808
-5.01845
-5.02879
-5.03909
-5.04936
-5.0596
-5.0698
-5.07997
-5.0901
-5.10021
-5.11027
-5.12031
-5.1303
-5.14027
-5.1502
-5.1601
-5.16997
-5.1798
-5.18959
-5.19936
-5.20909
-5.21879
-5.22845
-5.23808
-5.24768
-5.25724
-5.26677
-5.27626
-5.28573
-5.29515
-5.30455
-5.31391
-5.32324
-5.33254
-5.3418
-5.35103
-5.36022
-5.36939
-5.37852
-5.38761
-5.39668
-5.4057
-5.4147
-5.42366
-5.43259
-5.44149
-5.45036
-5.45919
-5.46798
-5.47675
-5.48548
-5.49418
-5.50284
-5.51148
-5.52008
-5.52864
-5.53718
-5.54568
-5.55414
-5.56258
-5.57098
-5.57935
-5.58769
-5.59599
-5.60426
-5.6125
-5.6207
-5.62887
-5.63701
-5.64512
-5.65319
-5.66124
-5.66924
-5.67722
-5.68516
-5.69307
-5.70095
-5.70879
-5.71661
-5.72439
-5.73213
-5.73985
-5.74753
-5.75518
-5.76279
-5.77038
-5.77793
-5.78545
-5.79293
-5.80039
-5.80781
-5.8152
-5.82255
-5.82988
-5.83717
-5.84443
-5.85166
-5.85885
-5.86601
-5.87314
-5.88024
-5.8873
-5.89434
-5.90134
-5.9083
-5.91524
-5.92214
-5.92901
-5.93585
-5.94266
-5.94943
-5.95617
-5.96288
-5.96956
-5.9762
-5.98282
-5.9894
-5.99595
-6.00246
-6.00895
-6.0154
-6.02182
-6.0282
-6.03456
-6.04088
-6.04717
-6.05343
-6.05966
-6.06586
-6.07202
-6.07815
-6.08425
-6.09031
-6.09635
-6.10235
-6.10832
-6.11426
-6.12017
-6.12604
-6.13188
-6.1377
-6.14347
-6.14922
-6.15494
-6.16062
-6.16627
-6.17189
-6.17748
-6.18303
-6.18856
-6.19405
-6.19951
-6.20493
-6.21033
-6.21569
-6.22103
-6.22633
-6.2316
-6.23683
-6.24204
-6.24721
-6.25235
-6.25746
-6.26254
-6.26759
-6.2726
-6.27758
-6.28253
-6.28745
-6.29234
-6.2972
-6.30202
-6.30681
-6.31157
-6.3163
-6.321
-6.32567
-6.3303
-6.3349
-6.33947
-6.34401
-6.34852
-6.35299
-6.35744
-6.36185
-6.36623
-6.37058
-6.3749
-6.37919
-6.38344
-6.38766
-6.39185
-6.39601
-6.40014
-6.40424
-6.4083
-6.41234
-6.41634
-6.42031
-6.42425
-6.42816
-6.43203
-6.43588
-6.43969
-6.44347
-6.44722
-6.45094
-6.45463
-6.45828
-6.46191
-6.4655
-6.46906
-6.47259
-6.47609
-6.47956
-6.48299
-6.4864
-6.48977
-6.49311
-6.49642
-6.4997
-6.50295
-6.50616
-6.50935
-6.5125
-6.51562
-6.51871
-6.52177
-6.5248
-6.52779
-6.53076
-6.53369
-6.53659
-6.53947
-6.5423
-6.54511
-6.54789
-6.55064
-6.55335
-6.55603
-6.55868
-6.5613
-6.56389
-6.56645
-6.56898
-6.57147
-6.57394
-6.57637
-6.57877
-6.58114
-6.58348
-6.58578
-6.58806
-6.59031
-6.59252
-6.5947
-6.59685
-6.59897
-6.60106
-6.60312
-6.60514
-6.60714
-6.6091
-6.61103
-6.61294
-6.61481
-6.61664
-6.61845
-6.62023
-6.62197
-6.62369
-6.62537
-6.62702
-6.62864
-6.63023
-6.63179
-6.63331
-6.63481
-6.63627
-6.63771
-6.63911
-6.64048
-6.64182
-6.64313
-6.6444
-6.64565
-6.64687
-6.64805
-6.6492
-6.65032
-6.65141
-6.65247
-6.6535
-6.6545
-6.65546
-6.6564
-6.6573
-6.65817
-6.65901
-6.65982
-6.6606
-6.66135
-6.66206
-6.66275
-6.6634
-6.66403
-6.66462
-6.66518
-6.66571
-6.6662
-6.66667
-6.66711
-6.66751
-6.66789
-6.66823
-6.66854
-6.66882
-6.66907
-6.66929
-6.66947
-6.66963
-6.66975
-6.66985
-6.66991
-6.66994
-6.66994
-6.66991
-6.66985
-6.66975
-6.66963
-6.66947
-6.66929
-6.66907
-6.66882
-6.66854
-6.66823
-6.66789
-6.66751
-6.66711
-6.66667
-6.6662
-6.66571
-6.66518
-6.66462
-6.66403
-6.6634
-6.66275
-6.66206
-6.66135
-6.6606
-6.65982
-6.65901
-6.65817
-6.6573
-6.6564
-6.65546
-6.6545
-6.6535
-6.65247
-6.65141
-6.65032
-6.6492
-6.64805
-6.64687
-6.64565
-6.6444
-6.64313
-6.64182
-6.64048
-6.63911
-6.63771
-6.63627
-6.63481
-6.63331
-6.63179
-6.63023
-6.62864
-6.62702
-6.62537
-6.62369
-6.62197
-6.62023
-6.61845
-6.61664
-6.61481
-6.61294
-6.61103
-6.6091
-6.60714
-6.60514
-6.60312
-6.60106
-6.59897
-6.59685
-6.5947
-6.59252
-6.59031
-6.58806
-6.58578
-6.58348
-6.58114
-6.57877
-6.57637
-6.57394
-6.57147
-6.56898
-6.56645
-6.56389
-6.5613
-6.55868
-6.55603
-6.55335
-6.55064
-6.54789
-6.54511
-6.5423
-6.53947
-6.53659
-6.53369
-6.53076
-6.52779
-6.5248
-6.52177
-6.51871
-6.51562
-6.5125
-6.50935
-6.50616
-6.50295
-6.4997
-6.49642
-6.49311
-6.48977
-6.4864
-6.48299
-6.47956
-6.47609
-6.47259
-6.46906
-6.4655
-6.46191
-6.45828
-6.45463
-6.45094
-6.44722
-6.44347
-6.43969
-6.43588
-6.43203
-6.42816
-6.42425
-6.42031
-6.41634
-6.41234
-6.4083
-6.40424
-6.40014
-6.39601
-6.39185
-6.38766
-6.38344
-6.37919
-6.3749
-6.37058
-6.36623
-6.36185
-6.35744
-6.35299
-6.34852
-6.34401
-6.33947
-6.3349
-6.3303
-6.32567
-6.321
-6.3163
-6.31157
-6.30681
-6.30202
-6.2972
-6.29234
-6.28745
-6.28253
-6.27758
-6.2726
-6.26759
-6.26254
-6.25746
-6.25235
-6.24721
-6.24204
-6.23683
-6.2316
-6.22633
-6.22103
-6.21569
-6.21033
-6.20493
-6.19951
-6.19405
-6.18856
-6.18303
-6.17748
-6.17189
-6.16627
-6.16062
-6.15494
-6.14922
-6.14347
-6.1377
-6.13188
-6.12604
-6.12017
-6.11426
-6.10832
-6.10235
-6.09635
-6.09031
-6.08425
-6.07815
-6.07202
-6.06586
-6.05966
-6.05343
-6.04717
-6.04088
-6.03456
-6.0282
-6.02182
-6.0154
-6.00895
-6.00246
-5.99595
-5.9894
-5.98282
-5.9762
-5.96956
-5.96288
-5.95617
-5.94943
-5.94266
-5.93585
-5.92901
-5.92214
-5.91524
-5.9083
-5.90134
-5.89434
-5.8873
-5.88024
-5.87314
-5.86601
-5.85885
-5.85166
-5.84443
-5.83717
-5.82988
-5.82255
-5.8152
-5.80781
-5.80039
-5.79293
-5.78545
-5.77793
-5.77038
-5.76279
-5.75518
-5.74753
-5.73985
-5.73213
-5.72439
-5.71661
-5.70879
-5.70095
-5.69307
-5.68516
-5.67722
-5.66924
-5.66124
-5.65319
-5.64512
-5.63701
-5.62887
-5.6207
-5.6125
-5.60426
-5.59599
-5.58769
-5.57935
-5.57098
-5.56258
-5.55414
-5.54568
-5.53718
-5.52864
-5.52008
-5.51148
-5.50284
-5.49418
-5.48548
-5.47675
-5.46798
-5.45919
-5.45036
-5.44149
-5.43259
-5.42366
-5.4147
-5.4057
-5.39668
-5.38761
-5.37852
-5.36939
-5.36022
-5.35103
-5.3418
-5.33254
-5.32324
-5.31391
-5.30455
-5.29515
-5.28573
-5.27626
-5.26677
-5.25724
-5.24768
-5.23808
-5.22845
-5.21879
-5.20909
-5.19936
-5.18959
-5.1798
-5.16997
-5.1601
-5.1502
-5.14027
-5.1303
-5.12031
-5.11027
-5.10021
-5.0901
-5.07997
-5.0698
-5.0596
-5.04936
-5.03909
-5.02879
-5.01845
-5.00808
-4.99768
-4.98724
-4.97676
-4.96625
-4.95571
-4.94514
-4.93453
-4.92388
-4.91321
-4.90249
-4.89175
-4.88097
-4.87015
-4.8593
-4.84842
-4.8375
-4.82655
-4.81556
-4.80454
-4.79349
-4.7824
-4.77127
-4.76012
-4.74892
-4.7377
-4.72643
-4.71514
-4.70381
-4.69244
-4.68104
-4.6696
-4.65813
-4.64663
-4.63509
-4.62352
-4.61191
-4.60026
-4.58858
-4.57687
-4.56512
-4.55334
-4.54152
-4.52966
-4.51778
-4.50585
-4.49389
-4.4819
-4.46987
-4.4578
-4.44571
-4.43357
-4.4214
-4.40919
-4.39695
-4.38468
-4.37236
-4.36002
-4.34763
-4.33521
-4.32276
-4.31027
-4.29775
-4.28518
-4.27259
-4.25995
-4.24729
-4.23458
-4.22184
-4.20907
-4.19625
-4.18341
-4.17052
-4.1576
-4.14465
-4.13165
-4.11862
-4.10556
-4.09246
-4.07932
-4.06615
-4.05294
-4.03969
-4.02641
-4.01309
-3.99973
-3.98634
-3.97291
-3.95944
-3.94594
-3.9324
-3.91883
-3.90521
-3.89156
-3.87788
-3.86415
-3.85039
-3.83659
-3.82276
-3.80888
-3.79497
-3.78103
-3.76704
-3.75302
-3.73896
-3.72486
-3.71073
-3.69656
-3.68235
-3.6681
-3.65382
-3.63949
-3.62513
-3.61073
-3.5963
-3.58182
-3.56731
-3.55276
-3.53817
-3.52354
-3.50887
-3.49417
-3.47943
-3.46465
-3.44983
-3.43497
-3.42007
-3.40513
-3.39016
-3.37515
-3.36009
-3.345
-3.32987
-3.3147
-3.29949
-3.28424
-3.26895
-3.25363
-3.23826
-3.22285
-3.20741
-3.19192
-3.1764
-3.16083
-3.14523
-3.12958
-3.11389
-3.09817
-3.0824
-3.0666
-3.05075
-3.03486
-3.01894
-3.00297
-2.98696
-2.97091
-2.95482
-2.93869
-2.92251
-2.9063
-2.89004
-2.87375
-2.85741
-2.84103
-2.82461
-2.80815
-2.79164
-2.7751
-2.75851
-2.74188
-2.72521
-2.70849
-2.69174
-2.67494
-2.6581
-2.64121
-2.62429
-2.60732
-2.5903
-2.57325
-2.55615
-2.53901
-2.52182
-2.50459
-2.48732
-2.47
-2.45264
-2.43524
-2.41779
-2.4003
-2.38277
-2.36518
-2.34756
-2.32989
-2.31218
-2.29442
-2.27661
-2.25877
-2.24087
-2.22293
-2.20495
-2.18692
-2.16884
-2.15072
-2.13255
-2.11434
-2.09608
-2.07777
-2.05942
-2.04102
-2.02258
-2.00408
-1.98555
-1.96696
-1.94832
-1.92964
-1.91091
-1.89214
-1.87331
-1.85444
-1.83552
-1.81655
-1.79753
-1.77847
-1.75935
-1.74019
-1.72097
-1.70171
-1.6824
-1.66304
-1.64363
-1.62417
-1.60466
-1.58509
-1.56548
-1.54582
-1.52611
-1.50634
-1.48653
-1.46666
-1.44675
-1.42678
-1.40675
-1.38668
-1.36656
-1.34638
-1.32615
-1.30586
-1.28553
-1.26514
-1.2447
-1.2242
-1.20365
-1.18305
-1.16239
-1.14168
-1.12091
-1.10009
-1.07921
-1.05828
-1.03729
-1.01625
-0.995149
-0.973994
-0.952783
-0.931515
-0.91019
-0.888809
-0.86737
-0.845874
-0.824321
-0.802709
-0.781039
-0.759311
-0.737524
-0.715679
-0.693774
-0.67181
-0.649786
-0.627703
-0.605559
-0.583355
-0.561091
-0.538765
-0.516378
-0.49393
-0.471421
-0.448849
-0.426215
-0.403519
-0.380759
-0.357937
-0.335051
-0.312102
-0.289089
-0.266012
-0.24287
-0.219664
-0.196392
-0.173055
-0.149652
-0.126184
-0.102649
-0.0790472
-0.0553788
-0.0316432
-0.00784012
0.0160308
0.0399699
0.0639775
0.0880539
0.112199
0.136414
0.160699
0.185054
0.20948
0.233976
0.258543
0.283182
0.307893
0.332676
0.357531
0.38246
0.407461
0.432537
0.457686
0.48291
0.508208
0.533582
0.559031
0.584556
0.610157
0.635835
0.66159
0.687422
0.713332
0.739321
0.765388
0.791534
0.817759
0.844065
0.87045
0.896916
0.923464
0.950092
0.976803
1.0036
1.03047
1.05743
1.08447
1.1116
1.13881
1.16611
1.19349
1.22096
1.24851
1.27615
1.30388
1.3317
1.3596
1.3876
1.41568
1.44385
1.47211
1.50046
1.52891
1.55744
1.58607
1.61479
1.6436
1.67251
1.70151
1.7306
1.75979
1.78908
1.81846
1.84794
1.87752
1.90719
1.93696
1.96683
1.9968
2.02687
2.05705
2.08732
2.11769
2.14817
2.17874
2.20943
2.24021
2.2711
2.3021
2.3332
2.3644
2.39572
2.42714
2.45867
2.4903
2.52205
2.5539
2.58587
2.61795
2.65014
2.68244
2.71485
2.74738
2.78002
2.81278
2.84565
2.87864
2.91174
2.94496
2.9783
3.01176
3.04534
3.07903
3.11285
3.14679
3.18085
3.21504
3.24934
3.28377
3.31833
3.35301
3.38781
3.42275
3.45781
3.493
3.52831
3.56376
3.59934
3.63504
3.67088
3.70685
3.74296
3.7792
3.81557
3.85208
3.88872
3.9255
3.96242
3.99947
4.03667
4.074
4.11147
4.14909
4.18684
4.22474
4.26278
4.30097
4.3393
4.37778
4.4164
4.45517
4.49408
4.53315
4.57236
4.61172
4.65124
4.6909
4.73072
4.77069
4.81081
4.85109
4.89152
4.93211
4.97285
5.01375
5.05481
5.09603
5.1374
5.17894
5.22064
5.26249
5.30451
5.3467
5.38904
5.43155
5.47422
5.51706
5.56007
5.60324
5.64658
5.69009
5.73376
5.77761
5.82162
5.8658
5.91016
5.95468
5.99938
6.04425
6.08929
6.13451
6.17989
6.22546
6.2712
6.31711
6.3632
6.40946
6.4559
6.50252
6.54931
6.59628
6.64343
6.69076
6.73826
6.78594
6.8338
6.88184
6.93005
6.97845
7.02702
7.07577
7.1247
7.17381
7.2231
7.27256
7.32221
7.37203
7.42202
7.4722
7.52255
7.57308
7.62378
7.67466
7.72571
7.77694
7.82834
7.87992
7.93166
7.98358
8.03567
8.08792
8.14035
8.19294
8.2457
8.29863
8.35171
8.40496
8.45837
8.51194
8.56567
8.61956
8.67359
8.72779
8.78213
8.83662
8.89126
8.94604
9.00096
9.05603
9.11123
9.16657
9.22204
9.27764
9.33337
9.38922
9.44519
9.50128
9.55749
9.61381
9.67023
9.72676
9.78339
9.84012
9.89695
9.95386
10.0109
10.0679
10.1251
10.1823
10.2396
10.297
10.3544
10.4119
10.4694
10.527
10.5846
10.6422
10.6999
10.7575
10.8152
10.8729
10.9307
10.9884
11.0461
11.1038
11.1614
11.2191
11.2767
11.3342
11.3917
11.4492
11.5066
11.5639
11.6212
11.6783
11.7354
11.7923
11.8492
11.9059
11.9625
12.019
12.0753
12.1315
12.1875
12.2434
12.299
12.3545
12.4098
12.4649
12.5198
12.5744
12.6288
12.683
12.7369
12.7905
12.8439
12.897
12.9498
13.0023
13.0545
13.1063
13.1579
13.2091
13.2599
13.3104
13.3604
13.4102
13.4595
13.5084
13.5569
13.6049
13.6525
13.6997
13.7464
13.7927
13.8385
13.8837
13.9285
13.9728
14.0165
14.0597
14.1024
14.1445
14.1861
14.2271
14.2675
14.3073
14.3465
14.385
14.423
14.4603
14.497
14.5331
14.5685
14.6032
14.6372
14.6705
14.7032
14.7351
14.7663
14.7968
14.8266
14.8556
14.8839
14.9114
14.9382
14.9641
14.9894
15.0138
15.0374
15.0602
15.0823
15.1035
15.1239
15.1435
15.1622
15.1801
15.1972
15.2134
15.2288
15.2433
15.257
15.2698
15.2817
15.2928
15.3029
15.3123
15.3207
15.3282
15.3349
15.3407
15.3456
15.3496
15.3527
15.355
15.3563
15.3567
