2048 1 1
1.91979e-10 2.21679e-10 3.13501e-10
-0.00123105
9.5106e+09
1.90184e+10
2.85204e+10
3.8014e+10
4.74963e+10
5.69643e+10
6.64154e+10
7.58468e+10
8.52556e+10
9.46391e+10
1.03994e+11
1.13319e+11
1.2261e+11
1.31865e+11
1.41081e+11
1.50256e+11
1.59386e+11
1.6847e+11
1.77504e+11
1.86487e+11
1.95416e+11
2.04288e+11
2.13101e+11
2.21852e+11
2.3054e+11
2.39162e+11
2.47715e+11
2.56199e+11
2.64609e+11
2.72945e+11
2.81204e+11
2.89385e+11
2.97485e+11
3.05502e+11
3.13435e+11
3.21282e+11
3.29041e+11
3.3671e+11
3.44288e+11
3.51774e+11
3.59165e+11
3.66461e+11
3.73659e+11
3.80759e+11
3.8776e+11
3.94659e+11
4.01457e+11
4.08152e+11
4.14742e+11
4.21227e+11
4.27607e+11
4.33879e+11
4.40044e+11
4.46101e+11
4.52048e+11
4.57886e+11
4.63614e+11
4.69232e+11
4.74738e+11
4.80132e+11
4.85415e+11
4.90587e+11
4.95645e+11
5.00592e+11
5.05426e+11
5.10148e+11
5.14757e+11
5.19254e+11
5.23639e+11
5.27912e+11
5.32073e+11
5.36123e+11
5.40062e+11
5.43889e+11
5.47607e+11
5.51215e+11
5.54713e+11
5.58103e+11
5.61384e+11
5.64558e+11
5.67625e+11
5.70586e+11
5.73442e+11
5.76194e+11
5.78841e+11
5.81386e+11
5.83829e+11
5.86172e+11
5.88414e+11
5.90557e+11
5.92602e+11
5.94551e+11
5.96404e+11
5.98162e+11
5.99826e+11
6.01398e+11
6.02879e+11
6.0427e+11
6.05573e+11
6.06787e+11
6.07916e+11
6.08959e+11
6.09918e+11
6.10796e+11
6.11591e+11
6.12308e+11
6.12945e+11
6.13505e+11
6.1399e+11
6.144e+11
6.14736e+11
6.15001e+11
6.15196e+11
6.15321e+11
6.15379e+11
6.1537e+11
6.15296e+11
6.15159e+11
6.14959e+11
6.14698e+11
6.14377e+11
6.13999e+11
6.13563e+11
6.13072e+11
6.12526e+11
6.11927e+11
6.11277e+11
6.10576e+11
6.09826e+11
6.09029e+11
6.08185e+11
6.07295e+11
6.06362e+11
6.05385e+11
6.04367e+11
6.03309e+11
6.02211e+11
6.01075e+11
5.99903e+11
5.98694e+11
5.97451e+11
5.96175e+11
5.94866e+11
5.93526e+11
5.92155e+11
5.90756e+11
5.89328e+11
5.87873e+11
5.86392e+11
5.84885e+11
5.83355e+11
5.81801e+11
5.80225e+11
5.78627e+11
5.77009e+11
5.75372e+11
5.73715e+11
5.72041e+11
5.70349e+11
5.68642e+11
5.66918e+11
5.6518e+11
5.63428e+11
5.61663e+11
5.59885e+11
5.58096e+11
5.56295e+11
5.54484e+11
5.52663e+11
5.50833e+11
5.48994e+11
5.47148e+11
5.45294e+11
5.43433e+11
5.41567e+11
5.39694e+11
5.37817e+11
5.35935e+11
5.34048e+11
5.32159e+11
5.30266e+11
5.2837e+11
5.26472e+11
5.24572e+11
5.22671e+11
5.20769e+11
5.18866e+11
5.16964e+11
5.15061e+11
5.13159e+11
5.11257e+11
5.09357e+11
5.07458e+11
5.05562e+11
5.03667e+11
5.01774e+11
4.99885e+11
4.97998e+11
4.96114e+11
4.94234e+11
4.92358e+11
4.90485e+11
4.88617e+11
4.86753e+11
4.84894e+11
4.83039e+11
4.81189e+11
4.79344e+11
4.77505e+11
4.75671e+11
4.73843e+11
4.7202e+11
4.70203e+11
4.68392e+11
4.66588e+11
4.6479e+11
4.62998e+11
4.61212e+11
4.59433e+11
4.57661e+11
4.55896e+11
4.54138e+11
4.52386e+11
4.50642e+11
4.48905e+11
4.47174e+11
4.45452e+11
4.43736e+11
4.42028e+11
4.40327e+11
4.38634e+11
4.36949e+11
4.35271e+11
4.336e+11
4.31937e+11
4.30282e+11
4.28635e+11
4.26995e+11
4.25363e+11
4.23739e+11
4.22123e+11
4.20514e+11
4.18913e+11
4.1732e+11
4.15735e+11
4.14158e+11
4.12589e+11
4.11027e+11
4.09474e+11
4.07928e+11
4.0639e+11
4.0486e+11
4.03337e+11
4.01823e+11
4.00316e+11
3.98818e+11
3.97327e+11
3.95843e+11
3.94368e+11
3.929e+11
3.9144e+11
3.89988e+11
3.88543e+11
3.87106e+11
3.85677e+11
3.84256e+11
3.82842e+11
3.81435e+11
3.80036e+11
3.78645e+11
3.77261e+11
3.75885e+11
3.74516e+11
3.73154e+11
3.718e+11
3.70453e+11
3.69114e+11
3.67782e+11
3.66457e+11
3.65139e+11
3.63829e+11
3.62526e+11
3.6123e+11
3.59941e+11
3.58659e+11
3.57384e+11
3.56116e+11
3.54855e+11
3.53601e+11
3.52354e+11
3.51114e+11
3.4988e+11
3.48654e+11
3.47434e+11
3.46221e+11
3.45015e+11
3.43815e+11
3.42622e+11
3.41435e+11
3.40255e+11
3.39082e+11
3.37915e+11
3.36754e+11
3.356e+11
3.34452e+11
3.33311e+11
3.32176e+11
3.31047e+11
3.29924e+11
3.28808e+11
3.27697e+11
3.26593e+11
3.25495e+11
3.24403e+11
3.23316e+11
3.22236e+11
3.21162e+11
3.20094e+11
3.19031e+11
3.17974e+11
3.16923e+11
3.15878e+11
3.14838e+11
3.13805e+11
3.12776e+11
3.11754e+11
3.10737e+11
3.09725e+11
3.08719e+11
3.07718e+11
3.06723e+11
3.05733e+11
3.04748e+11
3.03769e+11
3.02795e+11
3.01827e+11
3.00863e+11
2.99905e+11
2.98951e+11
2.98003e+11
2.9706e+11
2.96122e+11
2.95189e+11
2.94261e+11
2.93338e+11
2.92419e+11
2.91506e+11
2.90597e+11
2.89693e+11
2.88794e+11
2.879e+11
2.8701e+11
2.86125e+11
2.85244e+11
2.84368e+11
2.83497e+11
2.8263e+11
2.81768e+11
2.8091e+11
2.80056e+11
2.79207e+11
2.78363e+11
2.77522e+11
2.76686e+11
2.75854e+11
2.75026e+11
2.74203e+11
2.73384e+11
2.72568e+11
2.71757e+11
2.7095e+11
2.70147e+11
2.69348e+11
2.68553e+11
2.67762e+11
2.66975e+11
2.66192e+11
2.65412e+11
2.64637e+11
2.63865e+11
2.63097e+11
2.62333e+11
2.61572e+11
2.60815e+11
2.60062e+11
2.59312e+11
2.58566e+11
2.57824e+11
2.57085e+11
2.5635e+11
2.55618e+11
2.54889e+11
2.54164e+11
2.53442e+11
2.52724e+11
2.52009e+11
2.51298e+11
2.50589e+11
2.49884e+11
2.49183e+11
2.48484e+11
2.47789e+11
2.47096e+11
2.46407e+11
2.45721e+11
2.45038e+11
2.44358e+11
2.43682e+11
2.43008e+11
2.42337e+11
2.41669e+11
2.41004e+11
2.40342e+11
2.39683e+11
2.39027e+11
2.38373e+11
2.37723e+11
2.37075e+11
2.3643e+11
2.35788e+11
2.35148e+11
2.34511e+11
2.33877e+11
2.33246e+11
2.32617e+11
2.3199e+11
2.31367e+11
2.30745e+11
2.30127e+11
2.29511e+11
2.28897e+11
2.28286e+11
2.27677e+11
2.27071e+11
2.26468e+11
2.25866e+11
2.25267e+11
2.2467e+11
2.24076e+11
2.23484e+11
2.22894e+11
2.22307e+11
2.21722e+11
2.21139e+11
2.20558e+11
2.1998e+11
2.19403e+11
2.18829e+11
2.18257e+11
2.17687e+11
2.17119e+11
2.16554e+11
2.1599e+11
2.15428e+11
2.14869e+11
2.14311e+11
2.13755e+11
2.13202e+11
2.1265e+11
2.121e+11
2.11553e+11
2.11007e+11
2.10463e+11
2.09921e+11
2.0938e+11
2.08842e+11
2.08305e+11
2.0777e+11
2.07237e+11
2.06706e+11
2.06177e+11
2.05649e+11
2.05123e+11
2.04599e+11
2.04076e+11
2.03555e+11
2.03036e+11
2.02518e+11
2.02002e+11
2.01488e+11
2.00975e+11
2.00464e+11
1.99954e+11
1.99446e+11
1.9894e+11
1.98435e+11
1.97932e+11
1.9743e+11
1.96929e+11
1.9643e+11
1.95933e+11
1.95437e+11
1.94942e+11
1.94449e+11
1.93957e+11
1.93467e+11
1.92978e+11
1.92491e+11
1.92004e+11
1.9152e+11
1.91036e+11
1.90554e+11
1.90073e+11
1.89593e+11
1.89115e+11
1.88638e+11
1.88162e+11
1.87688e+11
1.87215e+11
1.86743e+11
1.86272e+11
1.85802e+11
1.85334e+11
1.84866e+11
1.844e+11
1.83936e+11
1.83472e+11
1.83009e+11
1.82548e+11
1.82087e+11
1.81628e+11
1.8117e+11
1.80713e+11
1.80257e+11
1.79802e+11
1.79348e+11
1.78896e+11
1.78444e+11
1.77993e+11
1.77544e+11
1.77095e+11
1.76647e+11
1.76201e+11
1.75755e+11
1.7531e+11
1.74866e+11
1.74424e+11
1.73982e+11
1.73541e+11
1.73101e+11
1.72662e+11
1.72224e+11
1.71786e+11
1.7135e+11
1.70915e+11
1.7048e+11
1.70046e+11
1.69613e+11
1.69181e+11
1.6875e+11
1.6832e+11
1.6789e+11
1.67462e+11
1.67034e+11
1.66607e+11
1.66181e+11
1.65755e+11
1.65331e+11
1.64907e+11
1.64484e+11
1.64061e+11
1.6364e+11
1.63219e+11
1.62799e+11
1.62379e+11
1.61961e+11
1.61543e+11
1.61126e+11
1.60709e+11
1.60293e+11
1.59878e+11
1.59464e+11
1.5905e+11
1.58637e+11
1.58225e+11
1.57813e+11
1.57402e+11
1.56992e+11
1.56582e+11
1.56173e+11
1.55764e+11
1.55357e+11
1.54949e+11
1.54543e+11
1.54137e+11
1.53731e+11
1.53327e+11
1.52922e+11
1.52519e+11
1.52116e+11
1.51713e+11
1.51311e+11
1.5091e+11
1.50509e+11
1.50109e+11
1.4971e+11
1.4931e+11
1.48912e+11
1.48514e+11
1.48116e+11
1.47719e+11
1.47323e+11
1.46927e+11
1.46532e+11
1.46137e+11
1.45743e+11
1.45349e+11
1.44955e+11
1.44562e+11
1.4417e+11
1.43778e+11
1.43387e+11
1.42996e+11
1.42605e+11
1.42215e+11
1.41826e+11
1.41436e+11
1.41048e+11
1.4066e+11
1.40272e+11
1.39884e+11
1.39498e+11
1.39111e+11
1.38725e+11
1.3834e+11
1.37954e+11
1.3757e+11
1.37185e+11
1.36801e+11
1.36418e+11
1.36035e+11
1.35652e+11
1.3527e+11
1.34888e+11
1.34506e+11
1.34125e+11
1.33744e+11
1.33364e+11
1.32984e+11
1.32604e+11
1.32225e+11
1.31846e+11
1.31468e+11
1.31089e+11
1.30712e+11
1.30334e+11
1.29957e+11
1.2958e+11
1.29204e+11
1.28828e+11
1.28452e+11
1.28077e+11
1.27702e+11
1.27327e+11
1.26952e+11
1.26578e+11
1.26205e+11
1.25831e+11
1.25458e+11
1.25085e+11
1.24713e+11
1.24341e+11
1.23969e+11
1.23597e+11
1.23226e+11
1.22855e+11
1.22485e+11
1.22114e+11
1.21744e+11
1.21375e+11
1.21005e+11
1.20636e+11
1.20267e+11
1.19898e+11
1.1953e+11
1.19162e+11
1.18794e+11
1.18427e+11
1.1806e+11
1.17693e+11
1.17326e+11
1.1696e+11
1.16593e+11
1.16227e+11
1.15862e+11
1.15496e+11
1.15131e+11
1.14766e+11
1.14402e+11
1.14038e+11
1.13673e+11
1.1331e+11
1.12946e+11
1.12583e+11
1.12219e+11
1.11857e+11
1.11494e+11
1.11131e+11
1.10769e+11
1.10407e+11
1.10046e+11
1.09684e+11
1.09323e+11
1.08962e+11
1.08601e+11
1.0824e+11
1.0788e+11
1.0752e+11
1.0716e+11
1.068e+11
1.06441e+11
1.06081e+11
1.05722e+11
1.05363e+11
1.05005e+11
1.04646e+11
1.04288e+11
1.0393e+11
1.03572e+11
1.03215e+11
1.02857e+11
1.025e+11
1.02143e+11
1.01786e+11
1.01429e+11
1.01073e+11
1.00717e+11
1.00361e+11
1.00005e+11
9.9649e+10
9.92935e+10
9.89381e+10
9.8583e+10
9.82281e+10
9.78733e+10
9.75187e+10
9.71643e+10
9.68101e+10
9.6456e+10
9.61022e+10
9.57485e+10
9.53949e+10
9.50416e+10
9.46884e+10
9.43354e+10
9.39826e+10
9.36299e+10
9.32774e+10
9.29251e+10
9.25729e+10
9.22209e+10
9.18691e+10
9.15174e+10
9.11659e+10
9.08145e+10
9.04633e+10
9.01123e+10
8.97614e+10
8.94107e+10
8.90601e+10
8.87097e+10
8.83595e+10
8.80094e+10
8.76594e+10
8.73096e+10
8.696e+10
8.66105e+10
8.62611e+10
8.59119e+10
8.55629e+10
8.5214e+10
8.48652e+10
8.45166e+10
8.41681e+10
8.38198e+10
8.34716e+10
8.31235e+10
8.27756e+10
8.24278e+10
8.20802e+10
8.17327e+10
8.13853e+10
8.10381e+10
8.0691e+10
8.0344e+10
7.99972e+10
7.96505e+10
7.93039e+10
7.89575e+10
7.86112e+10
7.8265e+10
7.7919e+10
7.75731e+10
7.72273e+10
7.68816e+10
7.65361e+10
7.61907e+10
7.58454e+10
7.55002e+10
7.51552e+10
7.48103e+10
7.44655e+10
7.41208e+10
7.37762e+10
7.34318e+10
7.30875e+10
7.27433e+10
7.23992e+10
7.20552e+10
7.17114e+10
7.13676e+10
7.1024e+10
7.06805e+10
7.03371e+10
6.99938e+10
6.96506e+10
6.93076e+10
6.89646e+10
6.86218e+10
6.82791e+10
6.79364e+10
6.75939e+10
6.72515e+10
6.69092e+10
6.6567e+10
6.62249e+10
6.58829e+10
6.55411e+10
6.51993e+10
6.48576e+10
6.4516e+10
6.41746e+10
6.38332e+10
6.34919e+10
6.31507e+10
6.28097e+10
6.24687e+10
6.21278e+10
6.1787e+10
6.14464e+10
6.11058e+10
6.07653e+10
6.04249e+10
6.00846e+10
5.97444e+10
5.94043e+10
5.90642e+10
5.87243e+10
5.83845e+10
5.80447e+10
5.77051e+10
5.73655e+10
5.7026e+10
5.66866e+10
5.63473e+10
5.60081e+10
5.5669e+10
5.533e+10
5.4991e+10
5.46521e+10
5.43134e+10
5.39747e+10
5.3636e+10
5.32975e+10
5.2959e+10
5.26207e+10
5.22824e+10
5.19442e+10
5.16061e+10
5.1268e+10
5.093e+10
5.05921e+10
5.02543e+10
4.99166e+10
4.95789e+10
4.92414e+10
4.89039e+10
4.85664e+10
4.82291e+10
4.78918e+10
4.75546e+10
4.72174e+10
4.68804e+10
4.65434e+10
4.62065e+10
4.58696e+10
4.55329e+10
4.51961e+10
4.48595e+10
4.45229e+10
4.41864e+10
4.385e+10
4.35136e+10
4.31773e+10
4.28411e+10
4.2505e+10
4.21688e+10
4.18328e+10
4.14968e+10
4.11609e+10
4.08251e+10
4.04893e+10
4.01536e+10
3.98179e+10
3.94823e+10
3.91468e+10
3.88113e+10
3.84759e+10
3.81405e+10
3.78052e+10
3.747e+10
3.71348e+10
3.67997e+10
3.64646e+10
3.61296e+10
3.57946e+10
3.54597e+10
3.51249e+10
3.47901e+10
3.44553e+10
3.41206e+10
3.3786e+10
3.34514e+10
3.31169e+10
3.27824e+10
3.24479e+10
3.21136e+10
3.17792e+10
3.14449e+10
3.11107e+10
3.07765e+10
3.04424e+10
3.01083e+10
2.97742e+10
2.94402e+10
2.91062e+10
2.87723e+10
2.84384e+10
2.81046e+10
2.77708e+10
2.74371e+10
2.71034e+10
2.67697e+10
2.64361e+10
2.61025e+10
2.5769e+10
2.54355e+10
2.5102e+10
2.47686e+10
2.44352e+10
2.41018e+10
2.37685e+10
2.34353e+10
2.3102e+10
2.27688e+10
2.24356e+10
2.21025e+10
2.17694e+10
2.14363e+10
2.11033e+10
2.07703e+10
2.04373e+10
2.01044e+10
1.97715e+10
1.94386e+10
1.91058e+10
1.87729e+10
1.84401e+10
1.81074e+10
1.77746e+10
1.74419e+10
1.71093e+10
1.67766e+10
1.6444e+10
1.61114e+10
1.57788e+10
1.54462e+10
1.51137e+10
1.47812e+10
1.44487e+10
1.41162e+10
1.37838e+10
1.34514e+10
1.3119e+10
1.27866e+10
1.24542e+10
1.21219e+10
1.17896e+10
1.14573e+10
1.1125e+10
1.07927e+10
1.04605e+10
1.01282e+10
9.79599e+09
9.46379e+09
9.13159e+09
8.79941e+09
8.46725e+09
8.1351e+09
7.80296e+09
7.47083e+09
7.13871e+09
6.8066e+09
6.47451e+09
6.14242e+09
5.81035e+09
5.47828e+09
5.14622e+09
4.81417e+09
4.48213e+09
4.15009e+09
3.81806e+09
3.48603e+09
3.15401e+09
2.822e+09
2.48999e+09
2.15798e+09
1.82598e+09
1.49398e+09
1.16198e+09
8.29986e+08
4.97991e+08
1.65997e+08
-1.65997e+08
-4.97991e+08
-8.29986e+08
-1.16198e+09
-1.49398e+09
-1.82598e+09
-2.15798e+09
-2.48999e+09
-2.822e+09
-3.15401e+09
-3.48603e+09
-3.81806e+09
-4.15009e+09
-4.48213e+09
-4.81417e+09
-5.14622e+09
-5.47828e+09
-5.81035e+09
-6.14242e+09
-6.47451e+09
-6.8066e+09
-7.13871e+09
-7.47083e+09
-7.80296e+09
-8.1351e+09
-8.46725e+09
-8.79941e+09
-9.13159e+09
-9.46379e+09
-9.79599e+09
-1.01282e+10
-1.04605e+10
-1.07927e+10
-1.1125e+10
-1.14573e+10
-1.17896e+10
-1.21219e+10
-1.24542e+10
-1.27866e+10
-1.3119e+10
-1.34514e+10
-1.37838e+10
-1.41162e+10
-1.44487e+10
-1.47812e+10
-1.51137e+10
-1.54462e+10
-1.57788e+10
-1.61114e+10
-1.6444e+10
-1.67766e+10
-1.71093e+10
-1.74419e+10
-1.77746e+10
-1.81074e+10
-1.84401e+10
-1.87729e+10
-1.91058e+10
-1.94386e+10
-1.97715e+10
-2.01044e+10
-2.04373e+10
-2.07703e+10
-2.11033e+10
-2.14363e+10
-2.17694e+10
-2.21025e+10
-2.24356e+10
-2.27688e+10
-2.3102e+10
-2.34353e+10
-2.37685e+10
-2.41018e+10
-2.44352e+10
-2.47686e+10
-2.5102e+10
-2.54355e+10
-2.5769e+10
-2.61025e+10
-2.64361e+10
-2.67697e+10
-2.71034e+10
-2.74371e+10
-2.77708e+10
-2.81046e+10
-2.84384e+10
-2.87723e+10
-2.91062e+10
-2.94402e+10
-2.97742e+10
-3.01083e+10
-3.04424e+10
-3.07765e+10
-3.11107e+10
-3.14449e+10
-3.17792e+10
-3.21136e+10
-3.24479e+10
-3.27824e+10
-3.31169e+10
-3.34514e+10
-3.3786e+10
-3.41206e+10
-3.44553e+10
-3.47901e+10
-3.51249e+10
-3.54597e+10
-3.57946e+10
-3.61296e+10
-3.64646e+10
-3.67997e+10
-3.71348e+10
-3.747e+10
-3.78052e+10
-3.81405e+10
-3.84759e+10
-3.88113e+10
-3.91468e+10
-3.94823e+10
-3.98179e+10
-4.01536e+10
-4.04893e+10
-4.08251e+10
-4.11609e+10
-4.14968e+10
-4.18328e+10
-4.21688e+10
-4.2505e+10
-4.28411e+10
-4.31773e+10
-4.35136e+10
-4.385e+10
-4.41864e+10
-4.45229e+10
-4.48595e+10
-4.51961e+10
-4.55329e+10
-4.58696e+10
-4.62065e+10
-4.65434e+10
-4.68804e+10
-4.72174e+10
-4.75546e+10
-4.78918e+10
-4.82291e+10
-4.85664e+10
-4.89039e+10
-4.92414e+10
-4.95789e+10
-4.99166e+10
-5.02543e+10
-5.05921e+10
-5.093e+10
-5.1268e+10
-5.16061e+10
-5.19442e+10
-5.22824e+10
-5.26207e+10
-5.2959e+10
-5.32975e+10
-5.3636e+10
-5.39747e+10
-5.43134e+10
-5.46521e+10
-5.4991e+10
-5.533e+10
-5.5669e+10
-5.60081e+10
-5.63473e+10
-5.66866e+10
-5.7026e+10
-5.73655e+10
-5.77051e+10
-5.80447e+10
-5.83845e+10
-5.87243e+10
-5.90642e+10
-5.94043e+10
-5.97444e+10
-6.00846e+10
-6.04249e+10
-6.07653e+10
-6.11058e+10
-6.14464e+10
-6.1787e+10
-6.21278e+10
-6.24687e+10
-6.28097e+10
-6.31507e+10
-6.34919e+10
-6.38332e+10
-6.41746e+10
-6.4516e+10
-6.48576e+10
-6.51993e+10
-6.55411e+10
-6.58829e+10
-6.62249e+10
-6.6567e+10
-6.69092e+10
-6.72515e+10
-6.75939e+10
-6.79364e+10
-6.82791e+10
-6.86218e+10
-6.89646e+10
-6.93076e+10
-6.96506e+10
-6.99938e+10
-7.03371e+10
-7.06805e+10
-7.1024e+10
-7.13676e+10
-7.17114e+10
-7.20552e+10
-7.23992e+10
-7.27433e+10
-7.30875e+10
-7.34318e+10
-7.37762e+10
-7.41208e+10
-7.44655e+10
-7.48103e+10
-7.51552e+10
-7.55002e+10
-7.58454e+10
-7.61907e+10
-7.65361e+10
-7.68816e+10
-7.72273e+10
-7.75731e+10
-7.7919e+10
-7.8265e+10
-7.86112e+10
-7.89575e+10
-7.93039e+10
-7.96505e+10
-7.99972e+10
-8.0344e+10
-8.0691e+10
-8.10381e+10
-8.13853e+10
-8.17327e+10
-8.20802e+10
-8.24278e+10
-8.27756e+10
-8.31235e+10
-8.34716e+10
-8.38198e+10
-8.41681e+10
-8.45166e+10
-8.48652e+10
-8.5214e+10
-8.55629e+10
-8.59119e+10
-8.62611e+10
-8.66105e+10
-8.696e+10
-8.73096e+10
-8.76594e+10
-8.80094e+10
-8.83595e+10
-8.87097e+10
-8.90601e+10
-8.94107e+10
-8.97614e+10
-9.01123e+10
-9.04633e+10
-9.08145e+10
-9.11659e+10
-9.15174e+10
-9.18691e+10
-9.22209e+10
-9.25729e+10
-9.29251e+10
-9.32774e+10
-9.36299e+10
-9.39826e+10
-9.43354e+10
-9.46884e+10
-9.50416e+10
-9.53949e+10
-9.57485e+10
-9.61022e+10
-9.6456e+10
-9.68101e+10
-9.71643e+10
-9.75187e+10
-9.78733e+10
-9.82281e+10
-9.8583e+10
-9.89381e+10
-9.92935e+10
-9.9649e+10
-1.00005e+11
-1.00361e+11
-1.00717e+11
-1.01073e+11
-1.01429e+11
-1.01786e+11
-1.02143e+11
-1.025e+11
-1.02857e+11
-1.03215e+11
-1.03572e+11
-1.0393e+11
-1.04288e+11
-1.04646e+11
-1.05005e+11
-1.05363e+11
-1.05722e+11
-1.06081e+11
-1.06441e+11
-1.068e+11
-1.0716e+11
-1.0752e+11
-1.0788e+11
-1.0824e+11
-1.08601e+11
-1.08962e+11
-1.09323e+11
-1.09684e+11
-1.10046e+11
-1.10407e+11
-1.10769e+11
-1.11131e+11
-1.11494e+11
-1.11857e+11
-1.12219e+11
-1.12583e+11
-1.12946e+11
-1.1331e+11
-1.13673e+11
-1.14038e+11
-1.14402e+11
-1.14766e+11
-1.15131e+11
-1.15496e+11
-1.15862e+11
-1.16227e+11
-1.16593e+11
-1.1696e+11
-1.17326e+11
-1.17693e+11
-1.1806e+11
-1.18427e+11
-1.18794e+11
-1.19162e+11
-1.1953e+11
-1.19898e+11
-1.20267e+11
-1.20636e+11
-1.21005e+11
-1.21375e+11
-1.21744e+11
-1.22114e+11
-1.22485e+11
-1.22855e+11
-1.23226e+11
-1.23597e+11
-1.23969e+11
-1.24341e+11
-1.24713e+11
-1.25085e+11
-1.25458e+11
-1.25831e+11
-1.26205e+11
-1.26578e+11
-1.26952e+11
-1.27327e+11
-1.27702e+11
-1.28077e+11
-1.28452e+11
-1.28828e+11
-1.29204e+11
-1.2958e+11
-1.29957e+11
-1.30334e+11
-1.30712e+11
-1.31089e+11
-1.31468e+11
-1.31846e+11
-1.32225e+11
-1.32604e+11
-1.32984e+11
-1.33364e+11
-1.33744e+11
-1.34125e+11
-1.34506e+11
-1.34888e+11
-1.3527e+11
-1.35652e+11
-1.36035e+11
-1.36418e+11
-1.36801e+11
-1.37185e+11
-1.3757e+11
-1.37954e+11
-1.3834e+11
-1.38725e+11
-1.39111e+11
-1.39498e+11
-1.39884e+11
-1.40272e+11
-1.4066e+11
-1.41048e+11
-1.41436e+11
-1.41826e+11
-1.42215e+11
-1.42605e+11
-1.42996e+11
-1.43387e+11
-1.43778e+11
-1.4417e+11
-1.44562e+11
-1.44955e+11
-1.45349e+11
-1.45743e+11
-1.46137e+11
-1.46532e+11
-1.46927e+11
-1.47323e+11
-1.47719e+11
-1.48116e+11
-1.48514e+11
-1.48912e+11
-1.4931e+11
-1.4971e+11
-1.50109e+11
-1.50509e+11
-1.5091e+11
-1.51311e+11
-1.51713e+11
-1.52116e+11
-1.52519e+11
-1.52922e+11
-1.53327e+11
-1.53731e+11
-1.54137e+11
-1.54543e+11
-1.54949e+11
-1.55357e+11
-1.55764e+11
-1.56173e+11
-1.56582e+11
-1.56992e+11
-1.57402e+11
-1.57813e+11
-1.58225e+11
-1.58637e+11
-1.5905e+11
-1.59464e+11
-1.59878e+11
-1.60293e+11
-1.60709e+11
-1.61126e+11
-1.61543e+11
-1.61961e+11
-1.62379e+11
-1.62799e+11
-1.63219e+11
-1.6364e+11
-1.64061e+11
-1.64484e+11
-1.64907e+11
-1.65331e+11
-1.65755e+11
-1.66181e+11
-1.66607e+11
-1.67034e+11
-1.67462e+11
-1.6789e+11
-1.6832e+11
-1.6875e+11
-1.69181e+11
-1.69613e+11
-1.70046e+11
-1.7048e+11
-1.70915e+11
-1.7135e+11
-1.71786e+11
-1.72224e+11
-1.72662e+11
-1.73101e+11
-1.73541e+11
-1.73982e+11
-1.74424e+11
-1.74866e+11
-1.7531e+11
-1.75755e+11
-1.76201e+11
-1.76647e+11
-1.77095e+11
-1.77544e+11
-1.77993e+11
-1.78444e+11
-1.78896e+11
-1.79348e+11
-1.79802e+11
-1.80257e+11
-1.80713e+11
-1.8117e+11
-1.81628e+11
-1.82087e+11
-1.82548e+11
-1.83009e+11
-1.83472e+11
-1.83936e+11
-1.844e+11
-1.84866e+11
-1.85334e+11
-1.85802e+11
-1.86272e+11
-1.86743e+11
-1.87215e+11
-1.87688e+11
-1.88162e+11
-1.88638e+11
-1.89115e+11
-1.89593e+11
-1.90073e+11
-1.90554e+11
-1.91036e+11
-1.9152e+11
-1.92004e+11
-1.92491e+11
-1.92978e+11
-1.93467e+11
-1.93957e+11
-1.94449e+11
-1.94942e+11
-1.95437e+11
-1.95933e+11
-1.9643e+11
-1.96929e+11
-1.9743e+11
-1.97932e+11
-1.98435e+11
-1.9894e+11
-1.99446e+11
-1.99954e+11
-2.00464e+11
-2.00975e+11
-2.01488e+11
-2.02002e+11
-2.02518e+11
-2.03036e+11
-2.03555e+11
-2.04076e+11
-2.04599e+11
-2.05123e+11
-2.05649e+11
-2.06177e+11
-2.06706e+11
-2.07237e+11
-2.0777e+11
-2.08305e+11
-2.08842e+11
-2.0938e+11
-2.09921e+11
-2.10463e+11
-2.11007e+11
-2.11553e+11
-2.121e+11
-2.1265e+11
-2.13202e+11
-2.13755e+11
-2.14311e+11
-2.14869e+11
-2.15428e+11
-2.1599e+11
-2.16554e+11
-2.17119e+11
-2.17687e+11
-2.18257e+11
-2.18829e+11
-2.19403e+11
-2.1998e+11
-2.20558e+11
-2.21139e+11
-2.21722e+11
-2.22307e+11
-2.22894e+11
-2.23484e+11
-2.24076e+11
-2.2467e+11
-2.25267e+11
-2.25866e+11
-2.26468e+11
-2.27071e+11
-2.27677e+11
-2.28286e+11
-2.28897e+11
-2.29511e+11
-2.30127e+11
-2.30745e+11
-2.31367e+11
-2.3199e+11
-2.32617e+11
-2.33246e+11
-2.33877e+11
-2.34511e+11
-2.35148e+11
-2.35788e+11
-2.3643e+11
-2.37075e+11
-2.37723e+11
-2.38373e+11
-2.39027e+11
-2.39683e+11
-2.40342e+11
-2.41004e+11
-2.41669e+11
-2.42337e+11
-2.43008e+11
-2.43682e+11
-2.44358e+11
-2.45038e+11
-2.45721e+11
-2.46407e+11
-2.47096e+11
-2.47789e+11
-2.48484e+11
-2.49183e+11
-2.49884e+11
-2.50589e+11
-2.51298e+11
-2.52009e+11
-2.52724e+11
-2.53442e+11
-2.54164e+11
-2.54889e+11
-2.55618e+11
-2.5635e+11
-2.57085e+11
-2.57824e+11
-2.58566e+11
-2.59312e+11
-2.60062e+11
-2.60815e+11
-2.61572e+11
-2.62333e+11
-2.63097e+11
-2.63865e+11
-2.64637e+11
-2.65412e+11
-2.66192e+11
-2.66975e+11
-2.67762e+11
-2.68553e+11
-2.69348e+11
-2.70147e+11
-2.7095e+11
-2.71757e+11
-2.72568e+11
-2.73384e+11
-2.74203e+11
-2.75026e+11
-2.75854e+11
-2.76686e+11
-2.77522e+11
-2.78363e+11
-2.79207e+11
-2.80056e+11
-2.8091e+11
-2.81768e+11
-2.8263e+11
-2.83497e+11
-2.84368e+11
-2.85244e+11
-2.86125e+11
-2.8701e+11
-2.879e+11
-2.88794e+11
-2.89693e+11
-2.90597e+11
-2.91506e+11
-2.92419e+11
-2.93338e+11
-2.94261e+11
-2.95189e+11
-2.96122e+11
-2.9706e+11
-2.98003e+11
-2.98951e+11
-2.99905e+11
-3.00863e+11
-3.01827e+11
-3.02795e+11
-3.03769e+11
-3.04748e+11
-3.05733e+11
-3.06723e+11
-3.07718e+11
-3.08719e+11
-3.09725e+11
-3.10737e+11
-3.11754e+11
-3.12776e+11
-3.13805e+11
-3.14838e+11
-3.15878e+11
-3.16923e+11
-3.17974e+11
-3.19031e+11
-3.20094e+11
-3.21162e+11
-3.22236e+11
-3.23316e+11
-3.24403e+11
-3.25495e+11
-3.26593e+11
-3.27697e+11
-3.28808e+11
-3.29924e+11
-3.31047e+11
-3.32176e+11
-3.33311e+11
-3.34452e+11
-3.356e+11
-3.36754e+11
-3.37915e+11
-3.39082e+11
-3.40255e+11
-3.41435e+11
-3.42622e+11
-3.43815e+11
-3.45015e+11
-3.46221e+11
-3.47434e+11
-3.48654e+11
-3.4988e+11
-3.51114e+11
-3.52354e+11
-3.53601e+11
-3.54855e+11
-3.56116e+11
-3.57384e+11
-3.58659e+11
-3.59941e+11
-3.6123e+11
-3.62526e+11
-3.63829e+11
-3.65139e+11
-3.66457e+11
-3.67782e+11
-3.69114e+11
-3.70453e+11
-3.718e+11
-3.73154e+11
-3.74516e+11
-3.75885e+11
-3.77261e+11
-3.78645e+11
-3.80036e+11
-3.81435e+11
-3.82842e+11
-3.84256e+11
-3.85677e+11
-3.87106e+11
-3.88543e+11
-3.89988e+11
-3.9144e+11
-3.929e+11
-3.94368e+11
-3.95843e+11
-3.97327e+11
-3.98818e+11
-4.00316e+11
-4.01823e+11
-4.03337e+11
-4.0486e+11
-4.0639e+11
-4.07928e+11
-4.09474e+11
-4.11027e+11
-4.12589e+11
-4.14158e+11
-4.15735e+11
-4.1732e+11
-4.18913e+11
-4.20514e+11
-4.22123e+11
-4.23739e+11
-4.25363e+11
-4.26995e+11
-4.28635e+11
-4.30282e+11
-4.31937e+11
-4.336e+11
-4.35271e+11
-4.36949e+11
-4.38634e+11
-4.40327e+11
-4.42028e+11
-4.43736e+11
-4.45452e+11
-4.47174e+11
-4.48905e+11
-4.50642e+11
-4.52386e+11
-4.54138e+11
-4.55896e+11
-4.57661e+11
-4.59433e+11
-4.61212e+11
-4.62998e+11
-4.6479e+11
-4.66588e+11
-4.68392e+11
-4.70203e+11
-4.7202e+11
-4.73843e+11
-4.75671e+11
-4.77505e+11
-4.79344e+11
-4.81189e+11
-4.83039e+11
-4.84894e+11
-4.86753e+11
-4.88617e+11
-4.90485e+11
-4.92358e+11
-4.94234e+11
-4.96114e+11
-4.97998e+11
-4.99885e+11
-5.01774e+11
-5.03667e+11
-5.05562e+11
-5.07458e+11
-5.09357e+11
-5.11257e+11
-5.13159e+11
-5.15061e+11
-5.16964e+11
-5.18866e+11
-5.20769e+11
-5.22671e+11
-5.24572e+11
-5.26472e+11
-5.2837e+11
-5.30266e+11
-5.32159e+11
-5.34048e+11
-5.35935e+11
-5.37817e+11
-5.39694e+11
-5.41567e+11
-5.43433e+11
-5.45294e+11
-5.47148e+11
-5.48994e+11
-5.50833e+11
-5.52663e+11
-5.54484e+11
-5.56295e+11
-5.58096e+11
-5.59885e+11
-5.61663e+11
-5.63428e+11
-5.6518e+11
-5.66918e+11
-5.68642e+11
-5.70349e+11
-5.72041e+11
-5.73715e+11
-5.75372e+11
-5.77009e+11
-5.78627e+11
-5.80225e+11
-5.81801e+11
-5.83355e+11
-5.84885e+11
-5.86392e+11
-5.87873e+11
-5.89328e+11
-5.90756e+11
-5.92155e+11
-5.93526e+11
-5.94866e+11
-5.96175e+11
-5.97451e+11
-5.98694e+11
-5.99903e+11
-6.01075e+11
-6.02211e+11
-6.03309e+11
-6.04367e+11
-6.05385e+11
-6.06362e+11
-6.07295e+11
-6.08185e+11
-6.09029e+11
-6.09826e+11
-6.10576e+11
-6.11277e+11
-6.11927e+11
-6.12526e+11
-6.13072e+11
-6.13563e+11
-6.13999e+11
-6.14377e+11
-6.14698e+11
-6.14959e+11
-6.15159e+11
-6.15296e+11
-6.1537e+11
-6.15379e+11
-6.15321e+11
-6.15196e+11
-6.15001e+11
-6.14736e+11
-6.144e+11
-6.1399e+11
-6.13505e+11
-6.12945e+11
-6.12308e+11
-6.11591e+11
-6.10796e+11
-6.09918e+11
-6.08959e+11
-6.07916e+11
-6.06787e+11
-6.05573e+11
-6.0427e+11
-6.02879e+11
-6.01398e+11
-5.99826e+11
-5.98162e+11
-5.96404e+11
-5.94551e+11
-5.92602e+11
-5.90557e+11
-5.88414e+11
-5.86172e+11
-5.83829e+11
-5.81386e+11
-5.78841e+11
-5.76194e+11
-5.73442e+11
-5.70586e+11
-5.67625e+11
-5.64558e+11
-5.61384e+11
-5.58103e+11
-5.54713e+11
-5.51215e+11
-5.47607e+11
-5.43889e+11
-5.40062e+11
-5.36123e+11
-5.32073e+11
-5.27912e+11
-5.23639e+11
-5.19254e+11
-5.14757e+11
-5.10148e+11
-5.05426e+11
-5.00592e+11
-4.95645e+11
-4.90587e+11
-4.85415e+11
-4.80132e+11
-4.74738e+11
-4.69232e+11
-4.63614e+11
-4.57886e+11
-4.52048e+11
-4.46101e+11
-4.40044e+11
-4.33879e+11
-4.27607e+11
-4.21227e+11
-4.14742e+11
-4.08152e+11
-4.01457e+11
-3.94659e+11
-3.8776e+11
-3.80759e+11
-3.73659e+11
-3.66461e+11
-3.59165e+11
-3.51774e+11
-3.44288e+11
-3.3671e+11
-3.29041e+11
-3.21282e+11
-3.13435e+11
-3.05502e+11
-2.97485e+11
-2.89385e+11
-2.81204e+11
-2.72945e+11
-2.64609e+11
-2.56199e+11
-2.47715e+11
-2.39162e+11
-2.3054e+11
-2.21852e+11
-2.13101e+11
-2.04288e+11
-1.95416e+11
-1.86487e+11
-1.77504e+11
-1.6847e+11
-1.59386e+11
-1.50256e+11
-1.41081e+11
-1.31865e+11
-1.2261e+11
-1.13319e+11
-1.03994e+11
-9.46391e+10
-8.52556e+10
-7.58468e+10
-6.64154e+10
-5.69643e+10
-4.74963e+10
-3.8014e+10
-2.85204e+10
-1.90184e+10
-9.5106e+09
-0.00204791
