 35
 2.5   1.00000
 7.5   0.99459
 12.5  0.98712
 17.5  0.97292
 22.5  0.95659
 27.5  0.93548
 32.5  0.91223
 37.5  0.88412
 42.5  0.85353
 47.5  0.82052
 52.5  0.78409
 57.5  0.74895
 62.5  0.71631
 67.5  0.67258
 72.5  0.63863
 77.5  0.59507
 82.5  0.55550
 87.5  0.51993
 92.5  0.48007
 97.5  0.44794
 102.5 0.41141
 107.5 0.37914
 112.5 0.35020
 117.5 0.32118
 122.5 0.29118
 127.5 0.26681
 132.5 0.23890
 137.5 0.21983
 142.5 0.19519
 147.5 0.17973
 152.5 0.15976
 157.5 0.14682
 162.5 0.12913
 167.5 0.12089
 172.5 0.10406

 r(mm)  fluence
 Aluminium2 13 MeV
