 35
 3.1   1.00000
 6.9   0.99471
 13.1  0.97405
 16.9  0.97083
 23.1  0.93994
 26.9  0.92530
 33.1  0.88712
 36.9  0.86151
 43.1  0.82133
 46.9  0.79473
 53.1  0.74674
 56.9  0.71591
 63.1  0.66164
 66.9  0.63350
 73.1  0.58299
 76.9  0.54811
 83.1  0.50207
 86.9  0.46633
 93.1  0.42568
 96.9  0.39497
 103.1 0.35598
 106.9 0.32924
 113.1 0.29406
 116.9 0.27120
 123.1 0.24014
 126.9 0.22062
 133.1 0.19412
 136.9 0.17848
 143.1 0.15591
 146.9 0.14326
 153.1 0.12427
 156.9 0.11540
 163.1 0.09872
 166.9 0.09346
 173.1 0.07869

 r(mm)  fluence
 Gold1 13 MeV
