 35
 2.6   0.99913
 7.4   1.0
 12.6  0.99712
 17.4  0.99033
 22.6  0.9879
 27.4  0.97127
 32.6  0.9683
 37.4  0.94824
 42.6  0.9424
 47.4  0.91967
 52.6  0.9093
 57.4  0.88616
 62.6  0.8725
 67.4  0.84805
 72.6  0.83135
 77.4  0.80017
 82.6  0.7864
 87.4  0.75816
 92.6  0.73624
 97.4  0.71226
 102.6 0.6902
 107.4 0.66406
 112.6 0.6405
 117.4 0.61704
 122.6 0.5915
 127.4 0.56552
 132.6 0.5431
 137.4 0.52251
 142.6 0.4955
 147.4 0.47989
 152.6 0.4515
 157.4 0.44134
 162.6 0.4091
 167.4 0.4102
 172.6 0.3706
 
 r(mm)  fluence
 Gold3 13 MeV
