 35
 3.5   1.00000
 6.5   0.99869
 13.5  0.99267
 16.5  0.99388
 23.5  0.97738
 26.5  0.97872
 33.5  0.95458
 36.5  0.95313
 43.5  0.93203
 46.5  0.92491
 53.5  0.89962
 56.5  0.88954
 63.5  0.86508
 66.5  0.85225
 73.5  0.82313
 76.5  0.80881
 83.5  0.77917
 86.5  0.76206
 93.5  0.72430
 96.5  0.71209
 103.5 0.68366
 106.5 0.66460
 113.5 0.63147
 116.5 0.61134
 123.5 0.58463
 126.5 0.56358
 133.5 0.53524
 136.5 0.51666
 143.5 0.48755
 146.5 0.47123
 153.5 0.43901
 156.5 0.43275
 163.5 0.40041
 166.5 0.40257
 173.5 0.36071
 
 r(mm)  fluence
 Be1    13 MeV
