 31
 151.3 0.42479
 141.3 0.46966
 131.3 0.51708
 121.3 0.56682
 111.3 0.61757
 101.3 0.67215
 91.3  0.72164
 81.3  0.77592
 71.3  0.81625
 61.3  0.86469
 51.3  0.90761
 41.3  0.93380
 31.3  0.96376
 21.3  0.98394
 11.3  0.99133
 01.3  1.00000
 08.7  0.98894
 18.7  0.97682
 28.7  0.96264
 38.7  0.93804
 48.7  0.90806
 58.7  0.87125
 68.7  0.83090
 78.7  0.78771
 88.7  0.73598
 98.7  0.68151
 108.7 0.63188
 118.7 0.57730
 128.7 0.53380
 138.7 0.49056
 148.7 0.44596
 
 r(mm)  fluence
 Carbon1  13 MeV
