 49
 2.1   1.0
 2.9   0.99361
 7.1   0.97719
 7.9   0.9793
 12.1  0.94089
 12.9  0.9327
 17.1  0.87968
 17.9  0.8723
 22.1  0.81312
 22.9  0.8004
 27.1  0.72811
 27.9  0.7191
 32.1  0.65001
 32.9  0.6327
 37.1  0.56216
 37.9  0.5486
 42.1  0.48217
 42.9  0.4663
 47.1  0.40415
 47.9  0.3886
 52.1  0.3385
 52.9  0.3207
 57.1  0.27183
 57.9  0.25947
 62.1  0.21937
 62.9  0.2097
 67.1  0.17592
 67.9  0.1659
 72.1  0.14016
 72.9  0.1321
 77.1  0.10961
 77.9  0.1034
 82.1  0.08648
 82.9  0.0811
 87.1  0.06803
 87.9  0.063
 92.1  0.05285
 92.9  0.0494
 97.1  0.04185
 97.9  0.0386
 102.1 0.03258
 102.9 0.0303
 107.1 0.02609
 107.9 0.0242
 112.1 0.02043
 112.9 0.019
 117.1 0.01687
 117.9 0.0153
 122.9 0.0125
   
 r(mm)  fluence
 noFoil 13 MeV

