 35
 2.7   1.0
 7.3   0.99631
 12.7  0.9809
 17.3  0.96544
 22.7  0.9327
 27.3  0.90924
 32.7  0.8698
 37.3  0.8335
 42.7  0.7869
 47.3  0.74438
 52.7  0.6942
 57.3  0.64885
 62.7  0.5941
 67.3  0.55228
 72.7  0.5036
 77.3  0.46095
 82.7  0.4148
 87.3  0.37865
 92.7  0.3357
 97.3  0.30431
 102.7 0.2675
 107.3 0.23797
 112.7 0.2097
 117.3 0.18647
 122.7 0.1623
 127.3 0.14467
 132.7 0.1243
 137.3 0.11134
 142.7 0.0946
 147.3 0.08459
 152.7 0.0718
 157.3 0.06457
 162.7 0.0543
 167.3 0.04984
 172.7 0.04104
   
 r(mm)  fluence
 Titanium4 13 MeV

