1.0023	202.26
1.0162	207.42
1.0304	212.75
1.0447	218.26
1.0592	223.95
1.0739	229.83
1.0888	235.92
1.104	232.96
1.1193	224.59
1.1349	216.5
1.1506	208.66
1.1666	201.06
1.1828	193.7
1.1993	186.58
1.2159	179.69
1.2328	173.02
1.25	166.57
1.2674	160.33
1.285	154.29
1.3028	148.46
1.3209	142.82
1.3393	137.37
1.3579	132.11
1.3768	127.02
1.3959	122.11
1.4153	117.37
1.435	112.79
1.4549	108.37
1.4751	104.1
1.4956	99.991
1.5164	96.024
1.5375	92.198
1.5589	88.509
1.5805	84.953
1.6025	81.526
1.6248	78.224
1.6473	75.044
1.6702	71.981
1.6934	69.031
1.717	66.191
1.7408	63.458
1.765	60.828
1.7896	58.298
1.8144	55.865
1.8397	53.524
1.8652	51.274
1.8911	49.111
1.9174	47.032
1.9441	45.034
1.9711	43.115
1.9985	41.272
2.0263	39.502
2.0544	37.803
2.083	36.196
2.1119	34.63
2.1413	33.127
2.171	31.686
2.2012	30.304
2.2318	28.978
2.2628	27.707
2.2942	26.489
2.3261	25.322
2.3585	24.203
2.3912	23.131
2.4245	22.104
2.4582	21.121
2.4923	20.18
2.527	19.279
2.5621	18.416
2.5977	17.591
2.6338	16.801
2.6704	16.046
2.7075	15.323
2.7451	14.632
2.7833	13.971
2.822	13.34
2.8612	12.736
2.9009	12.159
2.9412	11.608
2.9821	11.081
3.0236	10.578
3.0656	10.097
3.1082	9.638
3.1514	9.1998
3.1952	8.7814
3.2396	8.382
3.2846	8.0007
3.3303	7.6369
3.3765	7.2897
3.4235	6.9585
3.471	6.6425
3.5193	6.3411
3.5682	6.0536
3.6178	5.7794
3.6681	5.518
3.719	5.2686
3.7707	5.031
3.8231	4.8044
3.8762	4.5884
3.9301	4.3825
3.9847	4.1897
4.0401	4.0026
4.0963	3.8243
4.1532	3.6544
4.2109	3.4925
4.2694	3.3383
4.3288	3.1913
4.3889	3.0513
4.4499	2.918
4.5118	2.7909
4.5745	2.6699
4.638	2.5547
4.7025	2.4449
4.7678	2.3403
4.8341	2.2407
4.9013	2.1459
4.9694	2.0555
5.0385	1.9695
5.1085	1.8875
5.1795	1.8095
5.2515	1.7352
5.3244	1.6644
5.3984	1.597
5.4735	1.5328
5.5495	1.4717
5.6266	1.4135
5.7048	1.358
5.7841	1.3052
5.8645	1.2549
5.946	1.207
6.0286	1.1614
6.1124	1.118
6.1974	1.0766
6.2835	1.0372
6.3708	0.99961
6.4594	0.96385
6.5491	0.92979
6.6401	0.89735
6.7324	0.86645
6.826	0.83701
6.9209	0.80898
7.017	0.78227
7.1146	0.75683
7.2134	0.7326
7.3137	0.70953
7.4153	0.68755
7.5184	0.66661
7.6229	0.64668
7.7288	0.62769
7.8362	0.60961
7.9451	0.59239
8.0555	0.576
8.1675	0.5604
8.281	0.5464
8.3961	0.53224
8.5128	0.51877
8.6311	0.50596
8.751	0.49377
8.8726	0.48218
8.9959	0.47116
9.1209	0.46068
9.2477	0.45073
9.3762	0.44128
9.5065	0.4323
9.6386	0.42379
9.7726	0.41571
9.9084	0.40806
10.046	0.4008
10.186	0.39394
10.327	0.38744
10.471	0.38131
10.616	0.37551
10.764	0.37005
10.913	0.3649
11.065	0.36006
11.219	0.35551
11.375	0.35124
11.533	0.34725
11.693	0.34352
11.856	0.34004
12.02	0.33682
12.187	0.33383
12.357	0.33107
12.529	0.32853
12.703	0.32621
12.879	0.3241
13.058	0.3222
13.24	0.32049
13.424	0.31898
13.61	0.31766
13.799	0.31652
13.991	0.31556
14.186	0.31477
14.383	0.31416
14.583	0.31372
14.785	0.31343
14.991	0.31332
15.199	0.31336
15.41	0.31355
15.625	0.3139
15.842	0.3144
16.062	0.31505
16.285	0.31585
16.511	0.31679
16.741	0.31787
16.973	0.3191
17.209	0.32047
17.449	0.32198
17.691	0.32363
17.937	0.32541
18.186	0.32733
18.439	0.32939
18.695	0.3338
18.955	0.33614
19.218	0.33862
19.485	0.34123
19.756	0.34398
20.031	0.34686
20.309	0.34988
20.591	0.35303
20.878	0.35631
21.168	0.35973
21.462	0.36329
21.76	0.36697
22.063	0.3708
22.369	0.37475
22.68	0.37885
22.995	0.38307
23.315	0.38744
23.639	0.39194
23.967	0.39657
24.3	0.40134
24.638	0.40625
24.981	0.41129
25.328	0.41647
25.68	0.42179
26.037	0.42724
26.398	0.43283
26.765	0.43856
27.137	0.44443
27.514	0.45043
27.897	0.45658
28.284	0.46286
28.678	0.46927
29.076	0.47583
29.48	0.48252
29.89	0.48935
30.305	0.49632
30.726	0.50342
31.153	0.51066
31.586	0.51804
32.025	0.52556
32.47	0.5332
32.922	0.54099
33.379	0.54891
33.843	0.55696
34.313	0.56514
34.79	0.57346
35.274	0.58191
35.764	0.59049
36.261	0.5992
36.765	0.60804
37.276	0.61701
37.794	0.6261
38.319	0.63532
38.852	0.64467
39.392	0.65414
39.939	0.66373
40.494	0.67344
41.057	0.68326
41.628	0.69321
42.206	0.70327
42.793	0.71345
43.387	0.72374
43.99	0.73415
44.602	0.74466
45.221	0.75528
45.85	0.766
46.487	0.77955
47.133	0.79051
47.788	0.80158
48.452	0.81275
49.126	0.82401
49.808	0.83536
50.501	0.84681
51.202	0.85835
51.914	0.86997
52.635	0.88168
53.367	0.89348
54.109	0.90535
54.861	0.9173
55.623	0.92933
56.396	0.94143
57.18	0.9536
57.974	0.96583
58.78	0.97814
59.597	0.9905
60.425	1.0029
61.265	1.0154
62.116	1.0279
62.98	1.0405
63.855	1.0532
64.742	1.0658
65.642	1.0786
66.554	1.0913
67.479	1.1041
68.417	1.117
69.368	1.1298
70.332	1.1427
71.309	1.1556
72.3	1.1686
73.305	1.1815
74.324	1.1945
75.357	1.2075
76.404	1.2205
77.466	1.2335
78.543	1.2465
79.634	1.2595
80.741	1.2725
81.863	1.2854
83.001	1.2984
84.154	1.3114
85.324	1.3243
86.509	1.3373
87.712	1.3502
88.931	1.3631
90.166	1.3759
91.42	1.3887
92.69	1.4015
93.978	1.4143
95.284	1.427
96.608	1.4397
97.951	1.4523
99.312	1.4649
100.69	1.4775
102.09	1.49
103.51	1.5024
104.95	1.5148
106.41	1.5271
107.89	1.5394
109.39	1.5516
110.91	1.5637
112.45	1.5758
114.01	1.5878
115.59	1.5997
117.2	1.6116
118.83	1.6234
120.48	1.6351
122.16	1.6467
123.85	1.6583
125.57	1.6697
127.32	1.6811
129.09	1.6924
130.88	1.7037
132.7	1.7162
134.55	1.7272
136.42	1.7382
138.31	1.749
140.23	1.7598
142.18	1.7705
144.16	1.781
146.16	1.7915
148.19	1.8018
150.25	1.8121
152.34	1.8222
154.46	1.8323
156.6	1.8422
158.78	1.852
160.99	1.8616
163.23	1.8712
165.49	1.8806
167.79	1.8899
170.13	1.899
172.49	1.908
174.89	1.9169
177.32	1.9256
179.78	1.9341
182.28	1.9425
184.81	1.9508
187.38	1.9589
189.99	1.9668
192.63	1.9745
195.3	1.982
198.02	1.9894
200.77	1.9965
203.56	2.0035
206.39	2.0102
209.26	2.0168
212.16	2.0231
215.11	2.0292
218.1	2.0351
221.13	2.0407
224.21	2.0461
227.32	2.0513
230.48	2.0562
233.69	2.0609
236.93	2.0653
240.23	2.0695
243.56	2.0733
246.95	2.077
250.38	2.0803
253.86	2.0834
257.39	2.0862
260.97	2.0886
264.59	2.0909
268.27	2.0928
272	2.0944
275.78	2.0957
279.61	2.0968
283.5	2.0975
287.44	2.0979
291.43	2.098
295.48	2.0979
299.59	2.0974
303.75	2.0966
307.97	2.0955
312.25	2.0941
316.59	2.0924
320.99	2.0904
325.45	2.0881
329.98	2.0855
334.56	2.0825
339.21	2.0793
343.92	2.0758
348.7	2.072
353.55	2.0679
358.46	2.0635
363.45	2.0588
368.5	2.0538
373.62	2.0486
378.81	2.043
384.07	2.0372
389.41	2.0311
394.82	2.0247
400.31	2.0181
405.87	2.0111
411.51	2.004
417.23	1.9965
423.03	1.9889
428.91	1.981
434.87	1.9728
440.92	1.9643
447.04	1.9556
453.26	1.9467
459.56	1.9375
465.94	1.9281
472.42	1.9185
478.98	1.9087
485.64	1.8986
492.39	1.8884
499.23	1.8779
506.17	1.8672
513.2	1.8563
520.34	1.8453
527.57	1.834
534.9	1.8226
542.33	1.8109
549.87	1.7991
557.51	1.7872
565.26	1.775
573.11	1.7627
581.08	1.7503
589.16	1.7377
597.34	1.7249
605.64	1.7121
614.06	1.699
622.6	1.6859
631.25	1.6726
640.02	1.6592
648.91	1.6457
657.93	1.632
667.08	1.6183
676.35	1.6045
685.75	1.5905
695.28	1.5765
704.94	1.5624
714.74	1.5481
724.67	1.5339
734.74	1.5195
744.95	1.5051
755.3	1.4906
765.8	1.476
776.44	1.4614
787.23	1.4467
798.17	1.432
809.27	1.4172
820.51	1.4024
831.92	1.3876
843.48	1.3727
855.2	1.3578
867.09	1.3429
879.14	1.328
891.35	1.313
903.74	1.2981
916.3	1.2831
929.03	1.2681
941.95	1.2532
955.04	1.2382
968.31	1.2233
981.77	1.2083
995.41	1.1934
1009.2	1.1785
1023.3	1.1636
1037.5	1.1488
1051.9	1.134
1066.5	1.1192
1081.3	1.1044
1096.4	1.0897
1111.6	1.0751
1127.1	1.0604
1142.7	1.0459
1158.6	1.0314
1174.7	1.0169
1191	1.0025
1207.6	0.98821
1224.4	0.97395
1241.4	0.95976
1258.6	0.94564
1276.1	0.9316
1293.9	0.91763
1311.8	0.90374
1330.1	0.88994
1348.6	0.87622
1367.3	0.86259
1386.3	0.84904
1405.6	0.83559
1425.1	0.82224
1444.9	0.80908
1465	0.79592
1485.3	0.78286
1506	0.7699
1526.9	0.75705
1548.1	0.7443
1569.7	0.73166
1591.5	0.71913
1613.6	0.70671
1636	0.69441
1658.7	0.68222
1681.8	0.67015
1705.2	0.65819
1728.9	0.64636
1752.9	0.63465
1777.3	0.62305
1802	0.61159
1827	0.60024
1852.4	0.58902
1878.1	0.57793
1904.2	0.56696
1930.7	0.55612
1957.5	0.54541
1984.7	0.53483
2012.3	0.52438
2040.3	0.51406
2068.6	0.50387
2097.4	0.49381
2126.5	0.48389
2156.1	0.47409
2186.1	0.46443
2216.4	0.4549
2247.2	0.4455
2278.5	0.43624
2310.1	0.4271
2342.2	0.4181
2374.8	0.40924
2407.8	0.4005
2441.3	0.3919
2475.2	0.38342
2509.6	0.37508
2544.5	0.36687
2579.8	0.35879
2615.7	0.35084
2652	0.34302
2688.9	0.33533
2726.2	0.32777
2764.1	0.32033
2802.5	0.31302
2841.5	0.30584
2881	0.29878
2921	0.29184
2961.6	0.28503
3002.8	0.27834
3044.5	0.27178
3086.8	0.26533
3129.7	0.259
3173.2	0.25279
3217.3	0.2467
3262	0.24073
3307.4	0.23487
3353.3	0.22912
3399.9	0.22348
3447.2	0.21796
3495.1	0.21255
3543.6	0.20724
3592.9	0.20205
3642.8	0.19696
3693.5	0.19197
3744.8	0.18709
3796.8	0.18231
3849.6	0.17763
3903.1	0.17306
3957.3	0.16858
4012.3	0.16419
4068.1	0.1599
4124.6	0.15571
4181.9	0.15161
4240.1	0.1476
4299	0.14368
4358.7	0.13985
4419.3	0.1361
4480.7	0.13244
4543	0.12887
4606.1	0.12538
4670.1	0.12196
4735.1	0.11863
4800.9	0.11538
4867.6	0.11221
4935.2	0.10911
5003.8	0.10608
5073.3	0.10313
5143.9	0.10025
5215.3	0.097445
5287.8	0.094705
5361.3	0.092033
5435.8	0.089428
5511.4	0.086843
5588	0.084368
5665.6	0.081956
5744.3	0.079605
5824.2	0.077314
5905.1	0.075082
5987.2	0.072908
6070.4	0.07079
6154.8	0.068727
6240.3	0.066718
6327	0.064762
6414.9	0.062857
6504.1	0.061003
6594.5	0.059199
6686.1	0.057443
6779	0.055734
6873.3	0.054071
6968.8	0.052453
7065.6	0.05088
7163.8	0.049349
7263.4	0.047861
7364.3	0.046413
7466.7	0.045006
7570.4	0.043638
7675.6	0.042308
7782.3	0.041015
7890.5	0.039758
8000.1	0.038538
8111.3	0.037351
8224	0.036199
8338.3	0.035079
8454.2	0.033991
8571.7	0.032935
8690.8	0.031909
8811.6	0.030913
8934.1	0.029946
9058.2	0.029006
9184.1	0.028095
9311.7	0.02721
9441.2	0.026351
9572.4	0.025518
9705.4	0.024709
9840.3	0.023924
9977	0.023162
10116	0.022424
10256	0.021707
10399	0.021012
10543	0.020338
10690	0.019684
10838	0.01905
10989	0.018436
11142	0.01784
11297	0.017262
11454	0.016702
11613	0.016159
11774	0.015633
11938	0.015123
12104	0.014629
12272	0.01415
12442	0.013687
12615	0.013237
12791	0.012802
12968	0.01238
13149	0.011972
13331	0.011576
13517	0.011193
13704	0.010822
13895	0.010463
14088	0.010115
14284	0.0097779
14482	0.0094518
14684	0.0091362
14888	0.0088307
15095	0.0085349
15304	0.0082487
15517	0.0079717
15733	0.0077036
15951	0.0074442
16173	0.0071932
16398	0.0069503
16626	0.0067154
16857	0.0064881
17091	0.0062682
17329	0.0060555
17569	0.0058498
17814	0.0056508
18061	0.0054583
18312	0.0052722
18567	0.0050923
18825	0.0049182
19086	0.00475
19351	0.0045873
19620	0.00443
19893	0.0042779
20170	0.0041309
20450	0.0039888
20734	0.0038514
21022	0.0037186
21314	0.0035903
21611	0.0034663
21911	0.0033464
22215	0.0032306
22524	0.0031187
22837	0.0030105
23154	0.002906
23476	0.0028051
23803	0.0027075
24133	0.0026133
24469	0.0025222
24809	0.0024343
25154	0.0023493
25503	0.0022672
25858	0.002188
26217	0.0021114
26581	0.0020375
26951	0.0019661
27325	0.0018971
27705	0.0018305
28090	0.0017662
28480	0.0017041
28876	0.0016441
29277	0.0015862
29684	0.0015297
30097	0.0014758
30515	0.0014237
30939	0.0013734
31369	0.0013249
31805	0.0012781
32247	0.0012328
32695	0.0011892
33150	0.001147
33610	0.0011064
34077	0.0010671
34551	0.0010292
35031	0.00099265
35518	0.00095736
36012	0.00092331
36512	0.00089044
37020	0.00085873
37534	0.00082812
38056	0.00079859
38585	0.0007701
39121	0.00074261
39664	0.00071608
40216	0.00069049
40775	0.0006658
41341	0.00064198
41916	0.00061899
42498	0.00059682
43089	0.00057543
43688	0.0005548
44295	0.0005349
44910	0.0005157
45535	0.00049718
46167	0.00047932
46809	0.00046209
47460	0.00044547
48119	0.00042944
48788	0.00041399
49466	0.00039908
50153	0.0003847
50850	0.00037083
51557	0.00035746
52274	0.00034456
53000	0.00033213
53737	0.00032014
54483	0.00030857
55241	0.00029742
56008	0.00028667
56787	0.0002763
57576	0.0002663
58376	0.00025666
59187	0.00024737
60010	0.00023841
60844	0.00022977
61689	0.00022144
62547	0.00021341
63416	0.00020567
64297	0.00019821
65191	0.00019101
66097	0.00018407
67015	0.00017739
67947	0.00017094
68891	0.00016473
69848	0.00015874
70819	0.00015296
71803	0.0001474
72801	0.00014203
73813	0.00013686
74839	0.00013188
75879	0.00012707
76933	0.00012244
78002	0.00011798
79086	0.00011368
80186	0.00010953
81300	0.00010553
82430	0.00010168
83575	0.00009797
84737	0.000094392
85914	0.000090944
87108	0.000087622
88319	0.00008442
89546	0.000081334
90791	0.00007836
92053	0.000075494
93332	0.000072733
94629	0.000070071
95944	0.000067507
97277	0.000065036
98629	0.000062654
100000	0.000060364
-1      -1
-2      -2


