-979	979	-1358	-0.617348
0	979	-1358	44.0408
979	979	-1358	-67.9965
-489.5	330	-1358	66.3896
489.5	330	-1358	24.7462
-979	-330	-1358	2.99803
0	-330	-1358	-74.7834
979	-330	-1358	-9.47744
-489.5	-979	-1358	-73.0425
489.5	-979	-1358	3.65225
489.5	979	-1278.1	-3.58536
-979	330	-1278.1	8.62954
0	330	-1278.1	-31.1796
979	330	-1278.1	74.1882
-489.5	-330	-1278.1	-28.0888
489.5	-330	-1278.1	74.8621
-979	-979	-1278.1	22.6687
0	-979	-1278.1	74.1539
979	-979	-1278.1	41.1549
-979	979	-1198.2	73.9169
0	979	-1198.2	-84.4456
979	979	-1198.2	-37.5095
-489.5	330	-1198.2	-89.0208
489.5	330	-1198.2	34.3684
-979	-330	-1198.2	38.4718
0	-330	-1198.2	48.4155
979	-330	-1198.2	27.846
-489.5	-979	-1198.2	-75.3939
489.5	-979	-1198.2	77.4792
-489.5	979	-1118.3	-63.9873
489.5	979	-1118.3	-32.3407
-979	330	-1118.3	-13.1381
0	330	-1118.3	70.0535
979	330	-1118.3	-10.3371
-489.5	-330	-1118.3	-36.7485
489.5	-330	-1118.3	4.79963
-979	-979	-1118.3	82.6609
0	-979	-1118.3	-21.5319
979	-979	-1118.3	85.3222
-979	979	-1038.4	-80.3816
0	979	-1038.4	72.1204
979	979	-1038.4	-8.26318
-489.5	330	-1038.4	18.2479
489.5	330	-1038.4	-49.0592
-979	-330	-1038.4	-24.075
0	-330	-1038.4	80.1591
979	-330	-1038.4	-64.1971
-489.5	-979	-1038.4	88.5937
489.5	-979	-1038.4	64.313
-489.5	979	-958.5	66.9578
489.5	979	-958.5	72.5106
-979	330	-958.5	69.8674
0	330	-958.5	-60.5517
979	330	-958.5	73.4898
-489.5	-330	-958.5	14.2358
489.5	-330	-958.5	67.9201
-979	-979	-958.5	31.9053
0	-979	-958.5	-47.9182
979	-979	-958.5	82.5261
-979	979	-878.6	19.3846
0	979	-878.6	-21.9055
979	979	-878.6	-39.8145
-489.5	330	-878.6	-83.7535
-979	-330	-878.6	-41.8521
0	-330	-878.6	39.8483
979	-330	-878.6	-30.502
-489.5	-979	-878.6	52.9476
489.5	-979	-878.6	32.5092
-489.5	979	-798.7	37.9661
489.5	979	-798.7	48.2697
-979	330	-798.7	42.1276
0	330	-798.7	20.0865
979	330	-798.7	-49.9934
-489.5	-330	-798.7	-29.6245
489.5	-330	-798.7	61.0273
-979	-979	-798.7	15.9315
0	-979	-798.7	-39.4655
979	-979	-798.7	86.8301
-979	979	-718.8	14.5252
0	979	-718.8	-65.1525
979	979	-718.8	63.788
-489.5	330	-718.8	-2.96411
489.5	330	-718.8	-85.2851
-979	-330	-718.8	-86.7638
0	-330	-718.8	-19.4743
979	-330	-718.8	18.9507
-489.5	-979	-718.8	71.1563
489.5	-979	-718.8	-77.569
-489.5	979	-638.9	61.0325
489.5	979	-638.9	63.6825
-979	330	-638.9	31.8156
0	330	-638.9	-50.873
979	330	-638.9	-66.1321
-489.5	-330	-638.9	38.062
489.5	-330	-638.9	-2.72508
0	-979	-638.9	63.7163
979	-979	-638.9	-82.44
-979	979	-559	-39.7775
0	979	-559	6.22548
979	979	-559	45.5262
-489.5	330	-559	-81.5078
489.5	330	-559	-41.647
-979	-330	-559	-24.3874
0	-330	-559	-41.5012
979	-330	-559	18.7285
-489.5	-979	-559	-53.3601
489.5	-979	-559	64.4303
-489.5	979	-479.1	69.263
489.5	979	-479.1	-56.5299
-979	330	-479.1	-11.0444
0	330	-479.1	-85.8894
979	330	-479.1	-82.742
-489.5	-330	-479.1	75.9914
489.5	-330	-479.1	-81.1745
-979	-979	-479.1	-79.5057
0	-979	-479.1	-33.4828
979	-979	-479.1	27.7762
-979	979	-399.2	81.6506
0	979	-399.2	-21.0518
979	979	-399.2	-1.19126
-489.5	330	-399.2	55.333
489.5	330	-399.2	-79.2362
-979	-330	-399.2	37.9357
0	-330	-399.2	79.201
979	-330	-399.2	48.8258
-489.5	-979	-399.2	-54.7893
489.5	-979	-399.2	52.9173
-489.5	979	-319.3	56.3859
489.5	979	-319.3	-4.56687
-979	330	-319.3	-30.8573
0	330	-319.3	11.912
979	330	-319.3	3.92534
-489.5	-330	-319.3	17.4958
489.5	-330	-319.3	77.5247
-979	-979	-319.3	52.4241
979	-979	-319.3	-53.7757
-979	979	-239.4	-65.8354
0	979	-239.4	26.8544
979	979	-239.4	-74.5127
-489.5	330	-239.4	-32.3654
489.5	330	-239.4	-74.19
-979	-330	-239.4	-70.4021
0	-330	-239.4	-25.1073
979	-330	-239.4	-88.1986
-489.5	-979	-239.4	-61.5766
489.5	-979	-239.4	-14.6131
-489.5	979	-159.5	-31.6814
489.5	979	-159.5	56.1996
-979	330	-159.5	-22.9625
0	330	-159.5	37.2668
979	330	-159.5	-34.9916
-489.5	-330	-159.5	-57.6294
489.5	-330	-159.5	48.0306
-979	-979	-159.5	-87.0559
0	-979	-159.5	-68.4284
979	-979	-159.5	6.85637
-979	979	-79.6	-51.8453
0	979	-79.6	74.4888
979	979	-79.6	-26.7578
-489.5	330	-79.6	33.5879
489.5	330	-79.6	-46.3684
-979	-330	-79.6	75.1543
0	-330	-79.6	-52.4868
979	-330	-79.6	61.1273
-489.5	-979	-79.6	62.6789
489.5	-979	-79.6	89.9373
-489.5	979	0.3	-82.6484
489.5	979	0.3	86.8435
0	330	0.3	26.7917
979	330	0.3	-67.1611
-489.5	-330	0.3	-35.5219
489.5	-330	0.3	42.6017
-979	-979	0.3	-47.5632
0	-979	0.3	29.3708
979	-979	0.3	44.4032
-979	979	80.2	-19.1398
0	979	80.2	-75.2423
979	979	80.2	-77.2783
-489.5	330	80.2	-52.9402
489.5	330	80.2	-8.20476
-979	-330	80.2	49.9885
979	-330	80.2	2.0682
-489.5	-979	80.2	24.1658
489.5	-979	80.2	8.01906
-489.5	979	160.1	5.01229
489.5	979	160.1	45.7374
-979	330	160.1	-75.1246
0	330	160.1	43.167
979	330	160.1	30.2262
-489.5	-330	160.1	-11.8823
489.5	-330	160.1	-13.2451
-979	-979	160.1	73.8577
0	-979	160.1	-26.7281
979	-979	160.1	24.2681
-979	979	240	44.9851
0	979	240	-54.0492
979	979	240	24.2054
-489.5	330	240	52.3367
489.5	330	240	-57.2057
-979	-330	240	-39.0029
0	-330	240	75.1756
979	-330	240	-2.72758
-489.5	-979	240	-86.4011
489.5	-979	240	-62.3876
-489.5	979	319.9	-63.3568
489.5	979	319.9	48.002
-979	330	319.9	8.47267
0	330	319.9	-48.5991
979	330	319.9	60.7238
-489.5	-330	319.9	45.5325
489.5	-330	319.9	33.1962
-979	-979	319.9	20.7123
0	-979	319.9	-42.3993
979	-979	319.9	-32.638
-979	979	399.8	-61.2687
0	979	399.8	52.613
979	979	399.8	-76.9007
-489.5	330	399.8	-46.3932
489.5	330	399.8	5.78002
-979	-330	399.8	43.3255
0	-330	399.8	31.7245
979	-330	399.8	82.5349
-489.5	-979	399.8	27.1832
489.5	-979	399.8	-85.0036
-489.5	979	479.7	16.803
489.5	979	479.7	-17.8317
-979	330	479.7	-49.0528
0	330	479.7	-82.3428
979	330	479.7	-36.3936
-489.5	-330	479.7	55.7657
489.5	-330	479.7	-40.9419
-979	-979	479.7	-65.6699
0	-979	479.7	11.2982
-979	979	559.6	82.2542
0	979	559.6	45.0424
979	979	559.6	58.8989
-489.5	330	559.6	-40.3838
489.5	330	559.6	73.7738
-979	-330	559.6	21.512
0	-330	559.6	-27.2845
979	-330	559.6	-62.6194
-489.5	-979	559.6	-62.708
489.5	-979	559.6	-73.959
-489.5	979	639.5	59.105
489.5	979	639.5	-70.1731
-979	330	639.5	43.2243
0	330	639.5	64.1014
979	330	639.5	36.6299
-489.5	-330	639.5	-64.6075
489.5	-330	639.5	-74.9514
-979	-979	639.5	77.6383
0	-979	639.5	-30.1025
979	-979	639.5	-1.20985
-979	979	719.4	-10.3562
0	979	719.4	-10.4219
979	979	719.4	-20.1959
-489.5	330	719.4	85.2482
489.5	330	719.4	36.8712
-979	-330	719.4	-12.5388
0	-330	719.4	-41.1454
979	-330	719.4	2.63693
-489.5	-979	719.4	36.5193
489.5	-979	719.4	-16.8153
-489.5	979	799.3	-76.0648
489.5	979	799.3	28.7735
-979	330	799.3	-61.7729
0	330	799.3	72.8341
979	330	799.3	78.3897
-489.5	-330	799.3	-77.9991
489.5	-330	799.3	-82.3428
-979	-979	799.3	-36.3936
0	-979	799.3	55.7657
979	-979	799.3	-40.9419
-979	979	879.2	-65.6699
0	979	879.2	11.2982
979	979	879.2	82.2542
-489.5	330	879.2	45.0424
489.5	330	879.2	58.8989
-979	-330	879.2	-40.3838
979	-330	879.2	73.7738
-489.5	-979	879.2	21.512
489.5	-979	879.2	-27.2845
-489.5	979	959.1	-62.6194
489.5	979	959.1	-62.708
-979	330	959.1	-73.959
0	330	959.1	59.105
979	330	959.1	-70.1731
-489.5	-330	959.1	43.2243
489.5	-330	959.1	64.1014
-979	-979	959.1	36.6299
0	-979	959.1	-64.6075
979	-979	959.1	-74.9514
-979	979	1039	77.6383
0	979	1039	-30.1025
979	979	1039	-1.20985
-489.5	330	1039	-10.3562
489.5	330	1039	-10.4219
-979	-330	1039	-20.1959
0	-330	1039	85.2482
979	-330	1039	36.8712
-489.5	-979	1039	-12.5388
489.5	-979	1039	-41.1454
-489.5	979	1118.9	2.63693
489.5	979	1118.9	36.5193
-979	330	1118.9	-16.8153
0	330	1118.9	-76.0648
979	330	1118.9	28.7735
-489.5	-330	1118.9	-61.7729
489.5	-330	1118.9	72.8341
-979	-979	1118.9	78.3897
0	-979	1118.9	-77.9991
979	-979	1118.9	87.6365
-979	979	1198.8	-14.2669
0	979	1198.8	15.6606
979	979	1198.8	-3.57335
-489.5	330	1198.8	65.3769
489.5	330	1198.8	-84.7612
-979	-330	1198.8	66.2307
0	-330	1198.8	60.6251
979	-330	1198.8	42.11
-489.5	-979	1198.8	-36.308
489.5	-979	1198.8	-70.5203
-489.5	979	1278.7	-45.2531
489.5	979	1278.7	-89.7887
0	330	1278.7	2.66438
979	330	1278.7	-31.3179
-489.5	-330	1278.7	28.9848
489.5	-330	1278.7	30.8915
-979	-979	1278.7	-48.4838
0	-979	1278.7	17.3746
979	-979	1278.7	42.8924
-979	979	1358.6	45.8623
0	979	1358.6	68.4798
979	979	1358.6	82.2738
-489.5	330	1358.6	-12.4996
489.5	330	1358.6	-44.3739
-979	-330	1358.6	45.333
0	-330	1358.6	76.49
979	-330	1358.6	28.9848
-489.5	-979	1358.6	30.8915
489.5	-979	1358.6	-48.4838