//
////////////////////////////////////////////////////////////////////
//                                                                //
//  File: PPprime800_Ca.dat                                       //
//                                                                //       
//  Title: (p,p') scattering from Ca with 800 MeV incident protons//
//                                                                //
//  Source: J.A. McGill et al.,Phys. Rev. C29, 204 (1984) and     //
//          R.E. Chrien et al.,Phys. Rev. C21, 1014 (1980).       //
//                                                                //
//  Units: cross section: ub/sr/MeV                               //
//         angle:         degrees                                 //
//         energy:        MeV                                     //
//                                                                //
////////////////////////////////////////////////////////////////////
 p' KE    Lab angle  cross section  c.s. error
-----------------------------------------------
startdata
  63.2         5         260         21
  81.7         5         300         24
 116           5         360         29
 165           5         390         31
 223           5         420         34
 285           5         490         39
 352           5         500         40
 418           5         570         46
 492           5         700         56
 569           5         630         50
 633           5         350         28
 681           5         300         24
 735           5         840         67
  63.2        11         340         27
  81.7        11         340         27
 102          11         390         31
 152          11         400         32
 203          11         420         34
 263          11         440         35
 331          11         450         36
 400          11         470         38
 474          11         490         39
 523          11         420         34
 585          11         310         25
 617          11         270         22
 649          11         280         22
 669          11         420         34
 702          11        1020         82
 730          11        2100        168
 755          11        2700        216
  63.2        15         270         22
 102          15         320         26
 175          15         410         33
 263          15         400         32
 362          15         410         33
 470          15         390         31
 523          15         370         30
 585          15         280         22
 637          15         500         40
 665          15        1000         80
 726          15        1700        136
 764          15        1200         96
  63.2        20         310         25
  91.8        20         340         27
 137          20         320         26
 186          20         360         29
 244          20         310         25
 308          20         310         25
 376          20         290         23
 444          20         270         22
 500          20         240         19
 523          20         240         19
 554          20         290         23
 609          20         480         38
 673          20         870         70
 706          20         600         48
 747          20         290         23
 768          20         160         13
  59.7        30         250         20
  74          30         290         23
 125          30         280         22
 203          30         290         23
 295          30         230         18
 376          30         210         17
 466          30         240         19
 538          30         320         26
 585          30         230         18
 613          30         200         16
 665          30         110          9
 706          30          53          4
