TITLE      NEUTRON FROM (D,N) REACTION ON 27AL,53CR,90,94ZR,
           122SN,181TA.
AUTHOR     (N.S.BIRYUKOV,B.V.ZHURAVLEV,A.P.RUDENKO,V.I.TRYKOVA)
INSTITUTE  (4CCPFEI)
REFERENCE  (J,YK,,(2),7,86)
FACILITY   (CYCLO,4CCPFEI)
METHOD     (TOF,BCINT,SITA)
PART-DET   (N)
ERR-ANALYS (DATA-ERR).TOTAL UNCERTAINTY.
           (EN-ERR).ANY ADDITIONAL INFORMATION IS ABSENT.
REACTION   (40-ZR-94(D,X)0-NN-1,,DA/DE,,,EXP)
SAMPLE     ZR-94(91.2 PERCENT).THICKNESS OF FOIL=4.91E-3G/CM**2
MEV        MEV
 2.2300E+01 3.0000E-01
DATA                 4        383
E          ANG        DATA       DATA-ERR
MEV        ADEG       MB/SR/MEV  MB/SR/MEV
 9.9000E-01 3.0000E+01 1.2656E+02 5.3300E+00
 9.9000E-01 6.0000E+01 1.4179E+02 5.2200E+00
 9.9000E-01 9.0000E+01 1.3378E+02 4.9200E+00
 9.9000E-01 1.2000E+02 1.5444E+02 5.6700E+00
 9.9000E-01 1.5000E+02 1.4497E+02 5.3600E+00
 1.2000E+00 3.0000E+01 1.0964E+02 4.3900E+00
 1.2000E+00 6.0000E+01 1.1966E+02 4.3800E+00
 1.2000E+00 9.0000E+01 1.2375E+02 4.5300E+00
 1.2000E+00 1.2000E+02 1.4099E+02 5.1600E+00
 1.2000E+00 1.5000E+02 1.3698E+02 5.0400E+00
 1.4000E+00 3.0000E+01 9.5470E+01 3.7700E+00
 1.4000E+00 6.0000E+01 9.9000E+01 3.6200E+00
 1.4000E+00 9.0000E+01 1.0179E+02 3.7200E+00
 1.4000E+00 1.2000E+02 1.1899E+02 4.3600E+00
 1.4000E+00 1.5000E+02 1.1923E+02 4.3900E+00
 1.5900E+00 3.0000E+01 8.8730E+01 3.5000E+00
 1.5900E+00 6.0000E+01 9.0840E+01 3.3500E+00
 1.5900E+00 9.0000E+01 8.6920E+01 3.2100E+00
 1.5900E+00 1.2000E+02 9.5660E+01 3.5300E+00
 1.5900E+00 1.5000E+02 1.0047E+02 3.7300E+00
 1.8000E+00 3.0000E+01 8.1650E+01 3.2400E+00
 1.8000E+00 6.0000E+01 8.4690E+01 3.1400E+00
 1.8000E+00 9.0000E+01 8.0300E+01 2.9800E+00
 1.8000E+00 1.2000E+02 8.3580E+01 3.1100E+00
 1.8000E+00 1.5000E+02 8.4230E+01 3.1400E+00
 2.0000E+00 3.0000E+01 7.3860E+01 2.9700E+00
 2.0000E+00 6.0000E+01 7.7060E+01 2.8900E+00
 2.0000E+00 9.0000E+01 7.3430E+01 2.7500E+00
 2.0000E+00 1.2000E+02 7.7460E+01 2.9000E+00
 2.0000E+00 1.5000E+02 7.8690E+01 2.9600E+00
 2.2000E+00 3.0000E+01 6.7170E+01 2.8000E+00
 2.2000E+00 6.0000E+01 6.9610E+01 2.6400E+00
 2.2000E+00 9.0000E+01 6.7300E+01 2.5500E+00
 2.2000E+00 1.2000E+02 7.1230E+01 2.7000E+00
 2.2000E+00 1.5000E+02 7.1390E+01 2.7200E+00
 2.3900E+00 3.0000E+01 6.0270E+01 2.5100E+00
 2.3900E+00 6.0000E+01 6.1330E+01 2.3200E+00
 2.3900E+00 9.0000E+01 5.9770E+01 2.2700E+00
 2.3900E+00 1.2000E+02 6.2750E+01 2.3800E+00
 2.3900E+00 1.5000E+02 6.4710E+01 2.4700E+00
 2.6000E+00 3.0000E+01 5.4090E+01 2.3200E+00
 2.6000E+00 6.0000E+01 5.3830E+01 2.0600E+00
 2.6000E+00 9.0000E+01 5.2030E+01 2.0000E+00
 2.6000E+00 1.2000E+02 5.4850E+01 2.1100E+00
 2.6000E+00 1.5000E+02 5.6390E+01 2.1800E+00
 2.7900E+00 3.0000E+01 5.0100E+01 2.2100E+00
 2.7900E+00 6.0000E+01 4.8630E+01 1.8700E+00
 2.7900E+00 9.0000E+01 4.4790E+01 1.7300E+00
 2.7900E+00 1.2000E+02 4.7100E+01 1.8200E+00
 2.7900E+00 1.5000E+02 4.9610E+01 1.9400E+00
 2.9900E+00 3.0000E+01 4.5880E+01 2.0300E+00
 2.9900E+00 6.0000E+01 4.5190E+01 1.7600E+00
 2.9900E+00 9.0000E+01 4.0700E+01 1.5900E+00
 2.9900E+00 1.2000E+02 4.1750E+01 1.6300E+00
 2.9900E+00 1.5000E+02 4.3800E+01 1.7300E+00
 3.2000E+00 3.0000E+01 4.2320E+01 1.8800E+00
 3.2000E+00 6.0000E+01 4.0960E+01 1.5900E+00
 3.2000E+00 9.0000E+01 3.6610E+01 1.4300E+00
 3.2000E+00 1.2000E+02 3.6290E+01 1.4300E+00
 3.2000E+00 1.5000E+02 3.7460E+01 1.4800E+00
 3.4200E+00 3.0000E+01 3.9700E+01 1.8500E+00
 3.4200E+00 6.0000E+01 3.6720E+01 1.4400E+00
 3.4200E+00 9.0000E+01 3.2700E+01 1.2900E+00
 3.4200E+00 1.2000E+02 3.3050E+01 1.3100E+00
 3.4200E+00 1.5000E+02 3.3430E+01 1.3400E+00
 3.6000E+00 3.0000E+01 3.6570E+01 1.9200E+00
 3.6000E+00 6.0000E+01 3.3700E+01 1.3600E+00
 3.6000E+00 9.0000E+01 2.9510E+01 1.2000E+00
 3.6000E+00 1.2000E+02 3.0230E+01 1.2100E+00
 3.6000E+00 1.5000E+02 3.1340E+01 1.2900E+00
 3.8000E+00 3.0000E+01 3.3920E+01 1.6800E+00
 3.8000E+00 6.0000E+01 3.0720E+01 1.2200E+00
 3.8000E+00 9.0000E+01 2.6970E+01 1.0800E+00
 3.8000E+00 1.2000E+02 2.7550E+01 1.1200E+00
 3.8000E+00 1.5000E+02 2.8780E+01 1.1600E+00
 4.0200E+00 3.0000E+01 3.0830E+01 1.6700E+00
 4.0200E+00 6.0000E+01 2.8090E+01 1.1400E+00
 4.0200E+00 9.0000E+01 2.4010E+01 9.9000E-01
 4.0200E+00 1.2000E+02 2.5340E+01 1.0400E+00
 4.0200E+00 1.5000E+02 2.5290E+01 1.0600E+00
 4.2200E+00 3.0000E+01 2.9850E+01 1.5800E+00
 4.2200E+00 6.0000E+01 2.5660E+01 1.0500E+00
 4.2200E+00 9.0000E+01 2.2050E+01 9.1000E-01
 4.2200E+00 1.2000E+02 2.3170E+01 9.6000E-01
 4.2200E+00 1.5000E+02 2.2280E+01 9.4000E-01
 4.4000E+00 3.0000E+01 2.8070E+01 1.8400E+00
 4.4000E+00 6.0000E+01 2.3780E+01 1.0400E+00
 4.4000E+00 9.0000E+01 2.0110E+01 9.0000E-01
 4.4000E+00 1.2000E+02 2.1020E+01 8.7000E-01
 4.4000E+00 1.5000E+02 2.0140E+01 9.3000E-01
 4.5900E+00 3.0000E+01 2.7090E+01 1.4800E+00
 4.5900E+00 6.0000E+01 2.1870E+01 9.0000E-01
 4.5900E+00 9.0000E+01 1.8690E+01 7.8000E-01
 4.5900E+00 1.2000E+02 1.8790E+01 8.5000E-01
 4.5900E+00 1.5000E+02 1.8550E+01 7.9000E-01
 4.7900E+00 3.0000E+01 2.5780E+01 1.7400E+00
 4.7900E+00 6.0000E+01 1.9690E+01 8.7000E-01
 4.7900E+00 9.0000E+01 1.7160E+01 7.8000E-01
 4.7900E+00 1.2000E+02 1.6800E+01 7.1000E-01
 4.7900E+00 1.5000E+02 1.6520E+01 7.9000E-01
 5.0100E+00 3.0000E+01 2.3870E+01 1.4000E+00
 5.0100E+00 6.0000E+01 1.7800E+01 7.5000E-01
 5.0100E+00 9.0000E+01 1.5800E+01 6.7000E-01
 5.0100E+00 1.2000E+02 1.5650E+01 7.2000E-01
 5.0100E+00 1.5000E+02 1.4960E+01 6.6000E-01
 5.2400E+00 3.0000E+01 2.3610E+01 1.5800E+00
 5.2400E+00 6.0000E+01 1.6360E+01 7.4000E-01
 5.2400E+00 9.0000E+01 1.4040E+01 6.5000E-01
 5.2400E+00 1.2000E+02 1.3680E+01 6.4000E-01
 5.2400E+00 1.5000E+02 1.3090E+01 6.5000E-01
 5.4400E+00 3.0000E+01 2.2980E+01 1.5500E+00
 5.4400E+00 6.0000E+01 1.5100E+01 6.9000E-01
 5.4400E+00 9.0000E+01 1.2620E+01 5.9000E-01
 5.4400E+00 1.2000E+02 1.2360E+01 5.9000E-01
 5.4400E+00 1.5000E+02 1.1770E+01 6.0000E-01
 5.6500E+00 3.0000E+01 2.2890E+01 1.5100E+00
 5.6500E+00 6.0000E+01 1.3370E+01 6.2000E-01
 5.6500E+00 9.0000E+01 1.1250E+01 5.4000E-01
 5.6500E+00 1.2000E+02 1.1220E+01 5.5000E-01
 5.6500E+00 1.5000E+02 1.0510E+01 5.4000E-01
 5.8100E+00 3.0000E+01 2.2580E+01 1.5100E+00
 5.8100E+00 6.0000E+01 1.2600E+01 5.9000E-01
 5.8100E+00 9.0000E+01 1.0150E+01 5.0000E-01
 5.8100E+00 1.2000E+02 1.0080E+01 5.0000E-01
 5.8100E+00 1.5000E+02 9.6900E+00 4.9000E-01
 5.9800E+00 3.0000E+01 2.2540E+01 1.5200E+00
 5.9800E+00 6.0000E+01 1.2050E+01 5.7000E-01
 5.9800E+00 9.0000E+01 9.5400E+00 4.7000E-01
 5.9800E+00 1.2000E+02 9.0600E+00 4.7000E-01
 5.9800E+00 1.5000E+02 9.1000E+00 4.7000E-01
 6.2200E+00 3.0000E+01 2.2670E+01 1.5200E+00
 6.2200E+00 6.0000E+01 1.1630E+01 5.6000E-01
 6.2200E+00 9.0000E+01 8.6600E+00 4.3000E-01
 6.2200E+00 1.2000E+02 7.3300E+00 3.8000E-01
 6.2200E+00 1.5000E+02 8.7100E+00 4.7000E-01
 6.4100E+00 3.0000E+01 2.2140E+01 1.4500E+00
 6.4100E+00 6.0000E+01 1.0930E+01 5.2000E-01
 6.4100E+00 9.0000E+01 8.2500E+00 4.1000E-01
 6.4100E+00 1.2000E+02 7.1700E+00 3.8000E-01
 6.4100E+00 1.5000E+02 7.6500E+00 4.2000E-01
 6.6100E+00 3.0000E+01 2.2420E+01 1.4400E+00
 6.6100E+00 6.0000E+01 1.0250E+01 5.0000E-01
 6.6100E+00 9.0000E+01 7.4900E+00 3.8000E-01
 6.6100E+00 1.2000E+02 6.6600E+00 3.5000E-01
 6.6100E+00 1.5000E+02 6.9100E+00 3.9000E-01
 6.8200E+00 3.0000E+01 2.2850E+01 1.5000E+00
 6.8200E+00 6.0000E+01 1.0020E+01 4.9000E-01
 6.8200E+00 9.0000E+01 6.6500E+00 3.5000E-01
 6.8200E+00 1.2000E+02 6.2300E+00 3.4000E-01
 6.8200E+00 1.5000E+02 6.1300E+00 3.5000E-01
 6.9700E+00 3.0000E+01 2.2490E+01 1.4200E+00
 6.9700E+00 6.0000E+01 9.6600E+00 4.7000E-01
 6.9700E+00 9.0000E+01 6.4300E+00 3.3000E-01
 6.9700E+00 1.2000E+02 5.9000E+00 3.4000E-01
 6.9700E+00 1.5000E+02 5.8600E+00 3.3000E-01
 7.2000E+00 3.0000E+01 2.2140E+01 1.3200E+00
 7.2000E+00 6.0000E+01 9.0900E+00 4.5000E-01
 7.2000E+00 9.0000E+01 5.8100E+00 3.2000E-01
 7.2000E+00 1.2000E+02 4.8800E+00 2.7000E-01
 7.2000E+00 1.5000E+02 5.3700E+00 3.2000E-01
 7.4300E+00 3.0000E+01 2.2260E+01 1.2900E+00
 7.4300E+00 6.0000E+01 8.4800E+00 4.2000E-01
 7.4300E+00 9.0000E+01 4.9900E+00 2.8000E-01
 7.4300E+00 1.2000E+02 4.7400E+00 2.9000E-01
 7.4300E+00 1.5000E+02 5.3600E+00 3.2000E-01
 7.6000E+00 3.0000E+01 2.2460E+01 1.3300E+00
 7.6000E+00 6.0000E+01 8.3100E+00 4.1000E-01
 7.6000E+00 9.0000E+01 4.8100E+00 2.6000E-01
 7.6000E+00 1.2000E+02 4.3200E+00 2.5000E-01
 7.6000E+00 1.5000E+02 4.6500E+00 2.9000E-01
 7.7700E+00 3.0000E+01 2.2140E+01 1.2800E+00
 7.7700E+00 6.0000E+01 7.9100E+00 3.9000E-01
 7.7700E+00 9.0000E+01 4.6200E+00 2.6000E-01
 7.7700E+00 1.2000E+02 3.8300E+00 2.3000E-01
 7.7700E+00 1.5000E+02 4.2600E+00 2.9000E-01
 7.9500E+00 3.0000E+01 2.1650E+01 1.2200E+00
 7.9500E+00 6.0000E+01 7.6100E+00 3.8000E-01
 7.9500E+00 9.0000E+01 4.2900E+00 2.5000E-01
 7.9500E+00 1.2000E+02 3.8600E+00 2.5000E-01
 7.9500E+00 1.5000E+02 3.9800E+00 2.6000E-01
 8.1300E+00 3.0000E+01 2.1380E+01 1.2400E+00
 8.1300E+00 6.0000E+01 6.9600E+00 3.5000E-01
 8.1300E+00 9.0000E+01 3.9100E+00 2.4000E-01
 8.1300E+00 1.2000E+02 3.4400E+00 2.3000E-01
 8.1300E+00 1.5000E+02 3.5500E+00 2.5000E-01
 8.3200E+00 3.0000E+01 2.1410E+01 1.2000E+00
 8.3200E+00 6.0000E+01 6.8100E+00 3.5000E-01
 8.3200E+00 9.0000E+01 3.5200E+00 2.1000E-01
 8.3200E+00 1.2000E+02 3.0300E+00 2.1000E-01
 8.3200E+00 1.5000E+02 3.2300E+00 2.3000E-01
 8.5100E+00 3.0000E+01 2.1560E+01 1.2500E+00
 8.5100E+00 6.0000E+01 6.4900E+00 3.3000E-01
 8.5100E+00 9.0000E+01 3.4100E+00 2.0000E-01
 8.5100E+00 1.2000E+02 2.7600E+00 1.8000E-01
 8.5100E+00 1.5000E+02 3.0500E+00 2.1000E-01
 8.7200E+00 3.0000E+01 2.1080E+01 1.2100E+00
 8.7200E+00 6.0000E+01 6.1500E+00 3.2000E-01
 8.7200E+00 9.0000E+01 3.1300E+00 2.0000E-01
 8.7200E+00 1.2000E+02 2.7100E+00 2.0000E-01
 8.7200E+00 1.5000E+02 2.8000E+00 2.1000E-01
 8.9300E+00 3.0000E+01 2.0190E+01 1.1500E+00
 8.9300E+00 6.0000E+01 5.7900E+00 3.0000E-01
 8.9300E+00 9.0000E+01 2.8900E+00 1.8000E-01
 8.9300E+00 1.2000E+02 2.5400E+00 1.9000E-01
 8.9300E+00 1.5000E+02 2.6900E+00 2.0000E-01
 9.1400E+00 3.0000E+01 1.9600E+01 1.1100E+00
 9.1400E+00 6.0000E+01 5.6300E+00 3.0000E-01
 9.1400E+00 9.0000E+01 2.7800E+00 1.8000E-01
 9.1400E+00 1.2000E+02 2.0900E+00 1.5000E-01
 9.1400E+00 1.5000E+02 2.4000E+00 1.8000E-01
 9.3700E+00 3.0000E+01 1.8970E+01 1.1100E+00
 9.3700E+00 6.0000E+01 5.2200E+00 2.8000E-01
 9.3700E+00 9.0000E+01 2.7500E+00 1.8000E-01
 9.3700E+00 1.2000E+02 2.0200E+00 1.6000E-01
 9.3700E+00 1.5000E+02 2.2800E+00 1.8000E-01
 9.6000E+00 3.0000E+01 1.8580E+01 1.1200E+00
 9.6000E+00 6.0000E+01 4.7600E+00 2.8000E-01
 9.6000E+00 9.0000E+01 2.5800E+00 1.8000E-01
 9.6000E+00 1.2000E+02 1.9400E+00 1.4000E-01
 9.6000E+00 1.5000E+02 2.1800E+00 1.9000E-01
 9.8500E+00 3.0000E+01 1.7490E+01 1.1100E+00
 9.8500E+00 6.0000E+01 4.5000E+00 2.8000E-01
 9.8500E+00 9.0000E+01 2.4700E+00 1.5000E-01
 9.8500E+00 1.2000E+02 1.9500E+00 1.6000E-01
 9.8500E+00 1.5000E+02 1.9400E+00 1.7000E-01
 1.0100E+01 3.0000E+01 1.6040E+01 1.1400E+00
 1.0100E+01 6.0000E+01 4.2000E+00 2.9000E-01
 1.0100E+01 9.0000E+01 2.2200E+00 1.8000E-01
 1.0100E+01 1.2000E+02 1.8100E+00 1.6000E-01
 1.0100E+01 1.5000E+02 1.6600E+00 1.6000E-01
 1.0360E+01 3.0000E+01 1.4910E+01 1.1800E+00
 1.0360E+01 6.0000E+01 3.9300E+00 3.1000E-01
 1.0360E+01 9.0000E+01 2.0400E+00 1.8000E-01
 1.0360E+01 1.2000E+02 1.5800E+00 1.6000E-01
 1.0360E+01 1.5000E+02 1.6500E+00 1.7000E-01
 1.0640E+01 3.0000E+01 1.4270E+01 1.3100E+00
 1.0640E+01 6.0000E+01 3.8300E+00 3.5000E-01
 1.0640E+01 9.0000E+01 1.8900E+00 1.9000E-01
 1.0640E+01 1.2000E+02 1.4100E+00 5.0000E-01
 1.0640E+01 1.5000E+02 1.3900E+00 1.7000E-01
 1.0920E+01 3.0000E+01 1.3120E+01 1.4700E+00
 1.0920E+01 6.0000E+01 3.6200E+00 4.0000E-01
 1.0920E+01 9.0000E+01 1.7600E+00 2.1000E-01
 1.0920E+01 1.2000E+02 1.3800E+00 1.9000E-01
 1.0920E+01 1.5000E+02 1.3000E+00 1.8000E-01
 1.1220E+01 3.0000E+01 1.1850E+01 1.7200E+00
 1.1220E+01 6.0000E+01 3.1600E+00 4.6000E-01
 1.1220E+01 9.0000E+01 1.7200E+00 2.6000E-01
 1.1220E+01 1.5000E+02 1.1500E+00 1.8000E-01
 1.1220E+01 1.5000E+02 1.1100E+00 1.9000E-01
 1.1530E+01 3.0000E+01 1.0650E+01 1.9500E+00
 1.1530E+01 6.0000E+01 2.9300E+00 5.3000E-01
 1.1530E+01 9.0000E+01 1.5800E+00 3.0000E-01
 1.1530E+01 1.2000E+02 1.1900E+00 2.4000E-01
 1.1530E+01 1.5000E+02 1.0300E+00 2.1000E-01
 1.1850E+01 3.0000E+01 1.0000E+01 2.2000E+00
 1.1850E+01 6.0000E+01 2.7800E+00 6.1000E-01
 1.1850E+01 9.0000E+01 1.5000E+00 3.4000E-01
 1.1850E+01 1.2000E+02 9.1000E-01 2.1000E-01
 1.1850E+01 1.5000E+02 9.7000E-01 2.5000E-01
 1.2180E+01 3.0000E+01 9.1100E+00 2.2300E+00
 1.2180E+01 6.0000E+01 2.5300E+00 6.2000E-01
 1.2180E+01 9.0000E+01 1.3300E+00 3.3000E-01
 1.2180E+01 1.2000E+02 8.5000E-01 2.2000E-01
 1.2180E+01 1.5000E+02 7.7000E-01 2.2000E-01
 1.2530E+01 3.0000E+01 8.3500E+00 2.1300E+00
 1.2530E+01 6.0000E+01 2.3000E+00 5.9000E-01
 1.2530E+01 9.0000E+01 1.1200E+00 2.9000E-01
 1.2530E+01 1.2000E+02 8.1000E-01 2.2000E-01
 1.2530E+01 1.5000E+02 5.8000E-01 1.6000E-01
 1.2900E+01 3.0000E+01 7.0900E+00 1.8200E+00
 1.2900E+01 6.0000E+01 2.0900E+00 5.4000E-01
 1.2900E+01 9.0000E+01 1.1000E+00 2.9000E-01
 1.2900E+01 1.2000E+02 7.1000E-01 1.9000E-01
 1.2900E+01 1.5000E+02 5.6000E-01 1.6000E-01
 1.3280E+01 3.0000E+01 6.4800E+00 1.6600E+00
 1.3280E+01 6.0000E+01 1.9400E+00 5.0000E-01
 1.3280E+01 9.0000E+01 1.0200E+00 2.7000E-01
 1.3280E+01 1.2000E+02 6.5000E-01 1.8000E-01
 1.3280E+01 1.5000E+02 6.1000E-01 1.8000E-01
 1.3680E+01 3.0000E+01 5.8900E+00 1.5200E+00
 1.3680E+01 6.0000E+01 1.8300E+00 4.7000E-01
 1.3680E+01 9.0000E+01 8.8000E-01 2.3000E-01
 1.3680E+01 1.2000E+02 5.7000E-01 1.6000E-01
 1.3680E+01 1.5000E+02 5.1000E-01 1.6000E-01
 1.4100E+01 3.0000E+01 5.4100E+00 1.4000E+00
 1.4100E+01 6.0000E+01 1.7200E+00 4.4000E-01
 1.4100E+01 9.0000E+01 8.8000E-01 2.3000E-01
 1.4100E+01 1.2000E+02 5.7000E-01 1.6000E-01
 1.4100E+01 1.5000E+02 4.2000E-01 1.4000E-01
 1.4530E+01 3.0000E+01 4.9200E+00 1.2700E+00
 1.4530E+01 6.0000E+01 1.4300E+00 3.7000E-01
 1.4530E+01 9.0000E+01 7.1000E-01 1.9000E-01
 1.4530E+01 1.2000E+02 5.1000E-01 1.4000E-01
 1.4530E+01 1.5000E+02 3.3000E-01 1.1000E-01
 1.4990E+01 3.0000E+01 4.3900E+00 1.1400E+00
 1.4990E+01 6.0000E+01 1.3400E+00 3.5000E-01
 1.4990E+01 9.0000E+01 6.0000E-01 1.6000E-01
 1.4990E+01 1.2000E+02 5.0000E-01 1.5000E-01
 1.4990E+01 1.5000E+02 2.9000E-01 1.0000E-01
 1.5470E+01 3.0000E+01 3.8400E+00 9.9000E-01
 1.5470E+01 6.0000E+01 1.2300E+00 3.2000E-01
 1.5470E+01 9.0000E+01 5.7000E-01 1.5000E-01
 1.5470E+01 1.2000E+02 3.1000E-01 9.0000E-02
 1.5470E+01 1.5000E+02 2.5000E-01 1.0000E-01
 1.5970E+01 3.0000E+01 3.4500E+00 8.9000E-01
 1.5970E+01 6.0000E+01 1.1000E+00 2.9000E-01
 1.5970E+01 9.0000E+01 5.7000E-01 1.5000E-01
 1.5970E+01 1.2000E+02 4.3000E-01 1.3000E-01
 1.5970E+01 1.5000E+02 2.0000E-01 6.0000E-02
 1.6500E+01 3.0000E+01 3.2900E+00 8.6000E-01
 1.6500E+01 6.0000E+01 1.0400E+00 2.2000E-01
 1.6500E+01 9.0000E+01 5.5000E-01 1.5000E-01
 1.6500E+01 1.2000E+02 3.0000E-01 9.0000E-02
 1.6500E+01 1.5000E+02 2.5000E-01 1.0000E-01
 1.7060E+01 3.0000E+01 3.0200E+00 7.9000E-01
 1.7060E+01 6.0000E+01 9.8000E-01 2.5000E-01
 1.7060E+01 9.0000E+01 5.6000E-01 1.5000E-01
 1.7060E+01 1.2000E+02 2.9000E-01 1.0000E-01
 1.7060E+01 1.5000E+02 2.1000E-01 8.0000E-02
 1.7640E+01 3.0000E+01 2.8200E+00 7.3000E-01
 1.7640E+01 6.0000E+01 9.3000E-01 2.4000E-01
 1.7640E+01 9.0000E+01 4.6000E-01 1.3000E-01
 1.7640E+01 1.2000E+02 2.2000E-01 6.0000E-02
 1.7640E+01 1.5000E+02 1.6000E-01 6.0000E-02
 1.8250E+01 3.0000E+01 2.6400E+00 6.9000E-01
 1.8250E+01 6.0000E+01 8.5000E-01 2.2000E-01
 1.8250E+01 9.0000E+01 3.6000E-01 1.0000E-01
 1.8250E+01 1.2000E+02 2.2000E-01 9.0000E-02
 1.8250E+01 1.5000E+02 1.4000E-01 6.0000E-02
 1.8900E+01 3.0000E+01 2.3900E+00 6.3000E-01
 1.8900E+01 6.0000E+01 7.2000E-01 1.9000E-01
 1.8900E+01 9.0000E+01 3.3000E-01 9.0000E-02
 1.8900E+01 1.2000E+02 2.2000E-01 7.0000E-02
 1.8900E+01 1.5000E+02 1.3000E-01 7.0000E-02
 1.9590E+01 3.0000E+01 2.1300E+00 5.6000E-01
 1.9590E+01 6.0000E+01 6.1000E-01 1.6000E-01
 1.9590E+01 9.0000E+01 2.9000E-01 8.0000E-02
 1.9590E+01 1.2000E+02 2.4000E-01 1.0000E-01
 1.9590E+01 1.5000E+02 9.0000E-02 6.0000E-02
 2.0310E+01 3.0000E+01 1.8900E+00 5.0000E-01
 2.0310E+01 6.0000E+01 5.2000E-01 1.4000E-01
 2.0310E+01 9.0000E+01 2.6000E-01 8.0000E-02
 2.0310E+01 1.2000E+02 1.3000E-01 4.0000E-02
 2.0310E+01 1.5000E+02 7.0000E-02 3.0000E-02
 2.1460E+01 3.0000E+01 1.6200E+00 4.3000E-01
 2.1460E+01 6.0000E+01 4.5000E-01 1.2000E-01
 2.1460E+01 9.0000E+01 2.2000E-01 7.0000E-02
 2.1460E+01 1.2000E+02 1.4000E-01 5.0000E-02
 2.1460E+01 1.5000E+02 1.0000E-01 5.0000E-02
 2.2290E+01 3.0000E+01 1.4300E+00 3.9000E-01
 2.2290E+01 6.0000E+01 3.8000E-01 1.0000E-01
 2.2290E+01 9.0000E+01 2.3000E-01 7.0000E-02
 2.2290E+01 1.2000E+02 1.1000E-01 6.0000E-02
 2.2290E+01 1.5000E+02 9.0000E-02 4.0000E-02
 2.3170E+01 3.0000E+01 1.1700E+00 3.1000E-01
 2.3170E+01 6.0000E+01 3.4000E-01 9.0000E-02
 2.3170E+01 9.0000E+01 2.0000E-01 6.0000E-02
 2.3170E+01 1.2000E+02 7.0000E-02 3.0000E-02
 2.3170E+01 1.5000E+02 7.0000E-02 6.0000E-02
 2.4100E+01 3.0000E+01 9.0000E-01 2.4000E-01
 2.4100E+01 6.0000E+01 3.1000E-01 8.0000E-02
 2.4100E+01 9.0000E+01 1.7000E-01 5.0000E-02
 2.4100E+01 1.2000E+02 1.1000E-01 4.0000E-02
 2.4100E+01 1.5000E+02 4.0000E-02 5.0000E-02
 2.5100E+01 3.0000E+01 7.3000E-01 2.0000E-01
 2.5100E+01 6.0000E+01 2.6000E-01 7.0000E-02
 2.5100E+01 9.0000E+01 1.3000E-01 4.0000E-02
 2.5100E+01 1.2000E+02 1.0000E-01 4.0000E-02
 2.5100E+01 1.5000E+02 2.0000E-02 4.0000E-02
 2.6150E+01 3.0000E+01 5.8000E-01 1.6000E-01
 2.6150E+01 6.0000E+01 2.1000E-01 6.0000E-02
 2.6150E+01 9.0000E+01 1.1000E-01 4.0000E-02
 2.6150E+01 1.2000E+02 8.0000E-02 5.0000E-02
 2.6150E+01 1.5000E+02 1.0000E-02 5.0000E-02
 2.7280E+01 3.0000E+01 4.1000E-01 1.2000E-01
 2.7280E+01 6.0000E+01 1.4000E-01 4.0000E-02
 2.7280E+01 9.0000E+01 8.0000E-02 3.0000E-02
 2.7280E+01 1.2000E+02 5.0000E-02 2.0000E-02
 2.8480E+01 3.0000E+01 2.8000E-01 2.0000E-01
 2.8480E+01 6.0000E+01 2.8000E-01 8.0000E-02
 2.8480E+01 9.0000E+01 8.0000E-02 3.0000E-02
 2.8480E+01 1.2000E+02 6.0000E-02 4.0000E-02
ENDDATA
ENDSUBENT
