      .180638	  0.000204958
      .200708	  0.000211217
      .220779	  0.000206106
      .240850	  0.000199036
      .260921	  0.000194424
      .280992	  0.000192388
      .301063	  0.000191726
      .321133	  0.000191562
      .341204	  0.000191531
      .361275	  0.000191526
      .381346	  0.000191526
      .401417	  0.000191526
      .421488	  0.000191526
      .441558	  0.000191526
      .461629	  0.000191526
      .481700	  0.000191526
      .501771	  0.000191526
      .521842	  0.000191526
      .541913	  0.000191526
      .561983	  0.000191525
      .582054	  0.000191520
      .602125	  0.000191497
      .622196	  0.000191412
      .642267	  0.000191164
      .662338	  0.000190600
      .682409	  0.000189588
      .702479	  0.000188158
      .722550	  0.000186551
      .742621	  0.000185072
      .762692	  0.000183829
      .782763	  0.000182631
      .802833	  0.000181145
      .822904	  0.000179162
      .842975	  0.000176678
      .863046	  0.000173734
      .883117	  0.000170297
      .903188	  0.000166445
      .923259	  0.000162599
      .943329	  0.000159430
      .963400	  0.000157544
      .983471	  0.000157709
      1.00354	  0.000162143
      1.02361	  0.000176426
      1.04368	  0.000209903
      1.06375	  0.000271709
      1.08383	  0.000363171
      1.10390	  0.000473912
      1.12397	  0.000588121
      1.14404	  0.000696044
      1.16411	  0.000799030
      1.18418	  0.000905029
      1.20425	   0.00102188
      1.22432	   0.00115461
      1.24439	   0.00130635
      1.26446	   0.00147974
      1.28453	   0.00167818
      1.30460	   0.00191107
      1.32468	   0.00222814
      1.34475	   0.00288762
      1.36482	   0.00493061
      1.38489	    0.0114193
      1.40496	    0.0284881
      1.42503	    0.0629881
      1.44510	     0.114049
      1.46517	     0.164740
      1.48524	     0.188166
      1.50531	     0.169398
      1.52538	     0.120042
      1.54545	    0.0669208
      1.56553	    0.0293412
      1.58560	    0.0101165
      1.60567	   0.00274272
      1.62574	  0.000584686
      1.64581	  9.80021e-05
      1.66588	  1.29159e-05
      1.68595	  1.33840e-06
      1.70602	  1.09046e-07
      1.72609	  6.98562e-09
      1.74616	  3.51859e-10
      1.76623	1.39345e-11
      1.78630	0.00000
      1.80638	0.00000
      1.82645	0.00000
      1.84652	0.00000
      1.86659	0.00000
      1.88666	0.00000
      1.90673	0.00000
      1.92680	0.00000
      1.94687	0.00000
      1.96694	0.00000
      1.98701	0.00000
      2.00708	0.00000
      2.02715	0.00000
      2.04723	0.00000
      2.06730	0.00000
      2.08737	0.00000
      2.10744	0.00000
      2.12751	0.00000
      2.14758	0.00000
      2.16765	0.00000
      2.18772	0.00000
      2.20779	0.00000
      2.22786	0.00000
      2.24793	0.00000
      2.26800	0.00000
      2.28808	0.00000
      2.30815	0.00000
      2.32822	0.00000
      2.33825	0.00000
      2.35832	0.00000
      2.37839	0.00000
      2.39847	0.00000
      2.41854	0.00000
      2.43861	0.00000
      2.45868	0.00000
      2.47875	0.00000
      2.49882	0.00000
      2.51889	0.00000
      2.53896	0.00000
      2.55903	0.00000
      2.57910	0.00000
      2.59917	0.00000
      2.61924	0.00000
      2.63932	0.00000
      2.65939	0.00000
      2.67946	0.00000
      2.69953	0.00000
      2.71960	0.00000
      2.73967	0.00000
      2.75974	0.00000
      2.77981	0.00000
      2.79988	0.00000
      2.81995	0.00000
      2.84002	0.00000
      2.86009	0.00000
      2.88017	0.00000
      2.90024	0.00000
      2.92031	0.00000
      2.94038	0.00000
      2.96045	0.00000
      2.98052	0.00000
      3.00059	0.00000
      3.02066	0.00000
      3.04073	0.00000
      3.06080	0.00000
      3.08087	0.00000
      3.10094	0.00000
      3.12102	0.00000
      3.14109	0.00000
      3.16116	0.00000
      3.18123	0.00000
      3.20130	0.00000
      3.22137	0.00000
      3.24144	0.00000
      3.26151	0.00000
      3.28158	0.00000
      3.30165	0.00000
      3.32172	0.00000
      3.34179	0.00000
      3.36187	0.00000
      3.38194	0.00000
      3.40201	0.00000
      3.42208	0.00000
      3.44215	0.00000
      3.46222	0.00000
      3.48229	0.00000
      3.50236	0.00000
      3.52243	0.00000
      3.54250	0.00000
      3.56257	0.00000
      3.58264	0.00000
      3.60272	0.00000
      3.62279	0.00000
      3.64286	0.00000
      3.66293	0.00000
      3.68300	0.00000
      3.70307	0.00000
      3.72314	0.00000
      3.74321	0.00000
      3.76328	0.00000
      3.78335	0.00000
      3.80342	0.00000
      3.82349	0.00000
      3.84357	0.00000
      3.86364	0.00000
      3.88371	0.00000
      3.90378	0.00000
      3.92385	0.00000
      3.94392	0.00000
      3.96399	0.00000
      3.98406	0.00000
      4.00413	0.00000
      4.02420	0.00000
      4.04427	0.00000
      4.06434	0.00000
      4.08442	0.00000
      4.10449	0.00000
      4.12456	0.00000
      4.14463	0.00000
      4.16470	0.00000
      4.18477	0.00000
      4.20484	0.00000
      4.22491	0.00000
      4.24498	0.00000
      4.26505	0.00000
      4.28512	0.00000
      4.30519	0.00000
      4.32527	0.00000
      4.34534	0.00000
      4.36541	0.00000
      4.38548	0.00000
      4.40555	0.00000
      4.42562	0.00000
      4.44569	0.00000
      4.46576	0.00000
      4.48583	0.00000
      4.50590	0.00000
      4.52597	0.00000
      4.54604	0.00000
      4.56612	0.00000
      4.58619	0.00000
      4.60626	0.00000
      4.62633	0.00000
      4.64640	0.00000
      4.66647	0.00000
      4.68654	0.00000
      4.70661	0.00000
      4.72668	0.00000
      4.74675	0.00000
      4.76682	0.00000
      4.78689	0.00000
      4.80697	0.00000
      4.82704	0.00000
      4.84711	0.00000
      4.86718	0.00000
      4.88725	0.00000
      4.90732	0.00000
      4.94746	0.00000
      4.96753	0.00000
      4.98760	0.00000
      5.00767	0.00000
      5.02774	0.00000
      5.04782	0.00000
      5.06789	0.00000
      5.08796	0.00000
      5.10803	0.00000
      5.12810	0.00000
      5.14817	0.00000
      5.16824	0.00000
      5.18831	0.00000
      5.20838	0.00000
      5.22845	0.00000
      5.24852	0.00000
      5.26859	0.00000
      5.28867	0.00000
      5.30874	0.00000
      5.32881	0.00000
      5.34888	0.00000
      5.36895	0.00000
      5.38902	0.00000
      5.40909	0.00000
      5.42916	0.00000
      5.44923	0.00000
      5.46930	0.00000
      5.48937	0.00000
      5.50944	0.00000
      5.52952	0.00000
      5.54959	0.00000
      5.56966	0.00000
      5.58973	0.00000
      5.60980	0.00000
      5.62987	0.00000
      5.64994	0.00000
      5.67001	0.00000
      5.68005	0.00000
      5.70012	0.00000
      5.72019	0.00000
      5.74026	0.00000
      5.76033	0.00000
      5.78040	0.00000
      5.80047	0.00000
      5.82054	0.00000
      5.84061	0.00000
      5.86068	0.00000
      5.88076	0.00000
      5.90083	0.00000
      5.92090	0.00000
      5.94097	0.00000
      5.96104	0.00000
      5.98111	0.00000
      6.00118	0.00000
      6.02125	0.00000
      6.04132	0.00000
      6.06139	0.00000
      6.08146	0.00000
      6.10153	0.00000
      6.12161	0.00000
      6.14168	0.00000
      6.16175	0.00000
      6.18182	0.00000
      6.20189	0.00000
      6.22196	0.00000
      6.24203	0.00000
      6.26210	0.00000
      6.28217	0.00000
      6.30224	0.00000
      6.32231	0.00000
      6.34238	0.00000
      6.36246	0.00000
      6.38253	0.00000
      6.40260	0.00000
      6.42267	0.00000
      6.44274	0.00000
      6.46281	0.00000
      6.48288	0.00000
      6.50295	0.00000
      6.52302	0.00000
      6.54309	0.00000
      6.56316	0.00000
      6.58323	0.00000
      6.60331	0.00000
      6.62338	0.00000
      6.64345	0.00000
      6.66352	0.00000
      6.68359	0.00000
      6.70366	0.00000
      6.72373	0.00000
      6.74380	0.00000
      6.76387	0.00000
      6.78394	0.00000
      6.80401	0.00000
      6.82408	0.00000
      6.84416	0.00000
      6.86423	0.00000
      6.88430	0.00000
      6.90437	0.00000
      6.92444	0.00000
      6.94451	0.00000
      6.96458	0.00000
      6.98465	0.00000
      7.00472	0.00000
      7.02479	0.00000
      7.04486	0.00000
      7.06494	0.00000
      7.08501	0.00000
      7.10508	0.00000
      7.12515	0.00000
      7.14522	0.00000
      7.16529	0.00000
      7.18536	0.00000
      7.20543	0.00000
      7.22550	0.00000
      7.24557	0.00000
      7.26564	0.00000
      7.28571	0.00000
      7.30578	0.00000
      7.32586	0.00000
      7.34593	0.00000
      7.36600	0.00000
      7.38607	0.00000
      7.40614	0.00000
      7.42621	0.00000
      7.44628	0.00000
      7.46635	0.00000
      7.48642	0.00000
      7.50649	0.00000
      7.52656	0.00000
      7.54663	0.00000
      7.56671	0.00000
      7.58678	0.00000
      7.60685	0.00000
      7.62692	0.00000
      7.64699	0.00000
      7.66706	0.00000
      7.68713	0.00000
      7.70720	0.00000
      7.72727	0.00000
      7.74734	0.00000
      7.76741	0.00000
      7.78748	0.00000
      7.80756	0.00000
      7.82763	0.00000
      7.84770	0.00000
      7.86777	0.00000
      7.88784	0.00000
      7.90791	0.00000
      7.92798	0.00000
      7.94805	0.00000
      7.96812	0.00000
      7.98819	0.00000
      8.00826	0.00000
      8.02833	0.00000
      8.04841	0.00000
      8.06848	0.00000
      8.08855	0.00000
      8.10862	0.00000
      8.12869	0.00000
      8.14876	0.00000
      8.16883	0.00000
      8.18890	0.00000
      8.20897	0.00000
      8.22904	0.00000
      8.24911	0.00000
      8.26919	0.00000
      8.28926	0.00000
      8.30933	0.00000
      8.32940	0.00000
      8.34947	0.00000
      8.36954	0.00000
      8.38961	0.00000
      8.40968	0.00000
      8.42975	0.00000
      8.44982	0.00000
      8.46989	0.00000
      8.48996	0.00000
      8.51004	0.00000
      8.53011	0.00000
      8.55018	0.00000
      8.57025	0.00000
      8.59032	0.00000
      8.61039	0.00000
      8.63046	0.00000
      8.65053	0.00000
      8.67060	0.00000
      8.69067	0.00000
      8.71074	0.00000
      8.73081	0.00000
      8.75088	0.00000
      8.77096	0.00000
      8.79103	0.00000
      8.81110	0.00000
      8.83117	0.00000
      8.85124	0.00000
      8.87131	0.00000
      8.89138	0.00000
      8.91145	0.00000
      8.93152	0.00000
      8.95159	0.00000
      8.97166	0.00000
      8.99174	0.00000
      9.00177	0.00000
      9.02184	0.00000
      9.04191	0.00000
      9.06198	0.00000
      9.08205	0.00000
      9.10212	0.00000
      9.12220	0.00000
      9.14227	0.00000
      9.16234	0.00000
      9.18241	0.00000
      9.20248	0.00000
      9.22255	0.00000
      9.24262	0.00000
      9.26269	0.00000
      9.28276	0.00000
      9.30283	0.00000
      9.32290	0.00000
      9.34297	0.00000
      9.36305	0.00000
      9.38312	0.00000
      9.40319	0.00000
      9.42326	0.00000
      9.44333	0.00000
      9.46340	0.00000
      9.48347	0.00000
      9.50354	0.00000
      9.52361	0.00000
      9.54368	0.00000
      9.56375	0.00000
      9.58383	0.00000
      9.60390	0.00000
      9.62397	0.00000
      9.64404	0.00000
      9.66411	0.00000
      9.68418	0.00000
      9.70425	0.00000
      9.72432	0.00000
      9.74439	0.00000
      9.76446	0.00000
      9.78453	0.00000
      9.80460	0.00000
      9.82467	0.00000
      9.84475	0.00000
      9.86482	0.00000
      9.88489	0.00000
      9.90496	0.00000
      9.92503	0.00000
      9.94510	0.00000
      9.96517	0.00000
      9.98524	0.00000
      10.0053	0.00000
      10.0254	0.00000
      10.0455	0.00000
      10.0655	0.00000
      10.0856	0.00000
      10.1057	0.00000
      10.1257	0.00000
      10.1458	0.00000
      10.1659	0.00000
      10.1860	0.00000
       -1       -1
	.180638		0.000134541
	.200708		0.000144511
	.220779		0.000144372
	.240850		0.000140267
	.260921		0.000136558
	.280992		0.000134514
	.301063		0.000133702
	.321133		0.000133457
	.341204		0.000133400
	.361275		0.000133389
	.381346		0.000133388
	.401417		0.000133388
	.421488		0.000133388
	.441558		0.000133388
	.461629		0.000133388
	.481700		0.000133388
	.501771		0.000133388
	.521842		0.000133388
	.541913		0.000133388
	.561983		0.000133388
	.582054		0.000133388
	.602125		0.000133388
	.622196		0.000133388
	.642267		0.000133388
	.662338		0.000133388
	.682409		0.000133388
	.702479		0.000133388
	.722550		0.000133388
	.742621		0.000133388
	.762692		0.000133388
	.782763		0.000133388
	.802833		0.000133387
	.822904		0.000133385
	.842975		0.000133372
	.863046		0.000133327
	.883117		0.000133195
	.903188		0.000132882
	.923259		0.000132292
	.943329		0.000131404
	.963400		0.000130327
	.983471		0.000129255
	1.00354		0.000128316
	1.02361		0.000127462
	1.04368		0.000126511
	1.06375		0.000125320
	1.08383		0.000123905
	1.10390		0.000122371
	1.12397		0.000120746
	1.14404		0.000118965
	1.16411		0.000117223
	1.18418		0.000116677
	1.20425		0.000120175
	1.22432		0.000132396
	1.24439		0.000158412
	1.26446		0.000200450
	1.28453		0.000255046
	1.30460		0.000313948
	1.32468		0.000368896
	1.34475		0.000416181
	1.36482		0.000457437
	1.38489		0.000497343
	1.40496		0.000540879
	1.42503		0.000591628
	1.44510		0.000651359
	1.46517		0.000720584
	1.48524		0.000799473
	1.50531		0.000888497
	1.52538		0.000988920
	1.54545		 0.00110548
	1.56553		 0.00126439
	1.58560		 0.00160430
	1.60567		 0.00271109
	1.62574		 0.00646020
	1.64581		  0.0171812
	1.66588		  0.0413540
	1.68595		  0.0828213
	1.70602		   0.134337
	1.72609		   0.174913
	1.74616		   0.182232
	1.76623		   0.151723
	1.78630		   0.100892
	1.80638		  0.0535709
	1.82645		  0.0227095
	1.84652		 0.00768536
	1.86659		 0.00207628
	1.88666		0.000447779
	1.90673		7.70879e-05
	1.92680		1.05940e-05
	1.94687		1.16220e-06
	1.96694		1.01775e-07
	1.98701		7.11464e-09
	2.00708		3.97016e-10
	2.02715		1.76851e-11
	2.04723		0.00000
	2.06730		0.00000
	2.08737		0.00000
	2.10744		0.00000
	2.12751		0.00000
	2.14758		0.00000
	2.16765		0.00000
	2.18772		0.00000
	2.20779		0.00000
	2.22786		0.00000
	2.24793		0.00000
	2.26800		0.00000
	2.28808		0.00000
	2.30815		0.00000
	2.32822		0.00000
	2.33825		0.00000
	2.35832		0.00000
	2.37839		0.00000
	2.39847		0.00000
	2.41854		0.00000
	2.43861		0.00000
	2.45868		0.00000
	2.47875		0.00000
	2.49882		0.00000
	2.51889		0.00000
	2.53896		0.00000
	2.55903		0.00000
	2.57910		0.00000
	2.59917		0.00000
	2.61924		0.00000
	2.63932		0.00000
	2.65939		0.00000
	2.67946		0.00000
	2.69953		0.00000
	2.71960		0.00000
	2.73967		0.00000
	2.75974		0.00000
	2.77981		0.00000
	2.79988		0.00000
	2.81995		0.00000
	2.84002		0.00000
	2.86009		0.00000
	2.88017		0.00000
	2.90024		0.00000
	2.92031		0.00000
	2.94038		0.00000
	2.96045		0.00000
	2.98052		0.00000
	3.00059		0.00000
	3.02066		0.00000
	3.04073		0.00000
	3.06080		0.00000
	3.08087		0.00000
	3.10094		0.00000
	3.12102		0.00000
	3.14109		0.00000
	3.16116		0.00000
	3.18123		0.00000
	3.20130		0.00000
	3.22137		0.00000
	3.24144		0.00000
	3.26151		0.00000
	3.28158		0.00000
	3.30165		0.00000
	3.32172		0.00000
	3.34179		0.00000
	3.36187		0.00000
	3.38194		0.00000
	3.40201		0.00000
	3.42208		0.00000
	3.44215		0.00000
	3.46222		0.00000
	3.48229		0.00000
	3.50236		0.00000
	3.52243		0.00000
	3.54250		0.00000
	3.56257		0.00000
	3.58264		0.00000
	3.60272		0.00000
	3.62279		0.00000
	3.64286		0.00000
	3.66293		0.00000
	3.68300		0.00000
	3.70307		0.00000
	3.72314		0.00000
	3.74321		0.00000
	3.76328		0.00000
	3.78335		0.00000
	3.80342		0.00000
	3.82349		0.00000
	3.84357		0.00000
	3.86364		0.00000
	3.88371		0.00000
	3.90378		0.00000
	3.92385		0.00000
	3.94392		0.00000
	3.96399		0.00000
	3.98406		0.00000
	4.00413		0.00000
	4.02420		0.00000
	4.04427		0.00000
	4.06434		0.00000
	4.08442		0.00000
	4.10449		0.00000
	4.12456		0.00000
	4.14463		0.00000
	4.16470		0.00000
	4.18477		0.00000
	4.20484		0.00000
	4.22491		0.00000
	4.24498		0.00000
	4.26505		0.00000
	4.28512		0.00000
	4.30519		0.00000
	4.32527		0.00000
	4.34534		0.00000
	4.36541		0.00000
	4.38548		0.00000
	4.40555		0.00000
	4.42562		0.00000
	4.44569		0.00000
	4.46576		0.00000
	4.48583		0.00000
	4.50590		0.00000
	4.52597		0.00000
	4.54604		0.00000
	4.56612		0.00000
	4.58619		0.00000
	4.60626		0.00000
	4.62633		0.00000
	4.64640		0.00000
	4.66647		0.00000
	4.68654		0.00000
	4.70661		0.00000
	4.72668		0.00000
	4.74675		0.00000
	4.76682		0.00000
	4.78689		0.00000
	4.80697		0.00000
	4.82704		0.00000
	4.84711		0.00000
	4.86718		0.00000
	4.88725		0.00000
	4.90732		0.00000
	4.94746		0.00000
	4.96753		0.00000
	4.98760		0.00000
	5.00767		0.00000
	5.02774		0.00000
	5.04782		0.00000
	5.06789		0.00000
	5.08796		0.00000
	5.10803		0.00000
	5.12810		0.00000
	5.14817		0.00000
	5.16824		0.00000
	5.18831		0.00000
	5.20838		0.00000
	5.22845		0.00000
	5.24852		0.00000
	5.26859		0.00000
	5.28867		0.00000
	5.30874		0.00000
	5.32881		0.00000
	5.34888		0.00000
	5.36895		0.00000
	5.38902		0.00000
	5.40909		0.00000
	5.42916		0.00000
	5.44923		0.00000
	5.46930		0.00000
	5.48937		0.00000
	5.50944		0.00000
	5.52952		0.00000
	5.54959		0.00000
	5.56966		0.00000
	5.58973		0.00000
	5.60980		0.00000
	5.62987		0.00000
	5.64994		0.00000
	5.67001		0.00000
	5.68005		0.00000
	5.70012		0.00000
	5.72019		0.00000
	5.74026		0.00000
	5.76033		0.00000
	5.78040		0.00000
	5.80047		0.00000
	5.82054		0.00000
	5.84061		0.00000
	5.86068		0.00000
	5.88076		0.00000
	5.90083		0.00000
	5.92090		0.00000
	5.94097		0.00000
	5.96104		0.00000
	5.98111		0.00000
	6.00118		0.00000
	6.02125		0.00000
	6.04132		0.00000
	6.06139		0.00000
	6.08146		0.00000
	6.10153		0.00000
	6.12161		0.00000
	6.14168		0.00000
	6.16175		0.00000
	6.18182		0.00000
	6.20189		0.00000
	6.22196		0.00000
	6.24203		0.00000
	6.26210		0.00000
	6.28217		0.00000
	6.30224		0.00000
	6.32231		0.00000
	6.34238		0.00000
	6.36246		0.00000
	6.38253		0.00000
	6.40260		0.00000
	6.42267		0.00000
	6.44274		0.00000
	6.46281		0.00000
	6.48288		0.00000
	6.50295		0.00000
	6.52302		0.00000
	6.54309		0.00000
	6.56316		0.00000
	6.58323		0.00000
	6.60331		0.00000
	6.62338		0.00000
	6.64345		0.00000
	6.66352		0.00000
	6.68359		0.00000
	6.70366		0.00000
	6.72373		0.00000
	6.74380		0.00000
	6.76387		0.00000
	6.78394		0.00000
	6.80401		0.00000
	6.82408		0.00000
	6.84416		0.00000
	6.86423		0.00000
	6.88430		0.00000
	6.90437		0.00000
	6.92444		0.00000
	6.94451		0.00000
	6.96458		0.00000
	6.98465		0.00000
	7.00472		0.00000
	7.02479		0.00000
	7.04486		0.00000
	7.06494		0.00000
	7.08501		0.00000
	7.10508		0.00000
	7.12515		0.00000
	7.14522		0.00000
	7.16529		0.00000
	7.18536		0.00000
	7.20543		0.00000
	7.22550		0.00000
	7.24557		0.00000
	7.26564		0.00000
	7.28571		0.00000
	7.30578		0.00000
	7.32586		0.00000
	7.34593		0.00000
	7.36600		0.00000
	7.38607		0.00000
	7.40614		0.00000
	7.42621		0.00000
	7.44628		0.00000
	7.46635		0.00000
	7.48642		0.00000
	7.50649		0.00000
	7.52656		0.00000
	7.54663		0.00000
	7.56671		0.00000
	7.58678		0.00000
	7.60685		0.00000
	7.62692		0.00000
	7.64699		0.00000
	7.66706		0.00000
	7.68713		0.00000
	7.70720		0.00000
	7.72727		0.00000
	7.74734		0.00000
	7.76741		0.00000
	7.78748		0.00000
	7.80756		0.00000
	7.82763		0.00000
	7.84770		0.00000
	7.86777		0.00000
	7.88784		0.00000
	7.90791		0.00000
	7.92798		0.00000
	7.94805		0.00000
	7.96812		0.00000
	7.98819		0.00000
	8.00826		0.00000
	8.02833		0.00000
	8.04841		0.00000
	8.06848		0.00000
	8.08855		0.00000
	8.10862		0.00000
	8.12869		0.00000
	8.14876		0.00000
	8.16883		0.00000
	8.18890		0.00000
	8.20897		0.00000
	8.22904		0.00000
	8.24911		0.00000
	8.26919		0.00000
	8.28926		0.00000
	8.30933		0.00000
	8.32940		0.00000
	8.34947		0.00000
	8.36954		0.00000
	8.38961		0.00000
	8.40968		0.00000
	8.42975		0.00000
	8.44982		0.00000
	8.46989		0.00000
	8.48996		0.00000
	8.51004		0.00000
	8.53011		0.00000
	8.55018		0.00000
	8.57025		0.00000
	8.59032		0.00000
	8.61039		0.00000
	8.63046		0.00000
	8.65053		0.00000
	8.67060		0.00000
	8.69067		0.00000
	8.71074		0.00000
	8.73081		0.00000
	8.75088		0.00000
	8.77096		0.00000
	8.79103		0.00000
	8.81110		0.00000
	8.83117		0.00000
	8.85124		0.00000
	8.87131		0.00000
	8.89138		0.00000
	8.91145		0.00000
	8.93152		0.00000
	8.95159		0.00000
	8.97166		0.00000
	8.99174		0.00000
	9.00177		0.00000
	9.02184		0.00000
	9.04191		0.00000
	9.06198		0.00000
	9.08205		0.00000
	9.10212		0.00000
	9.12220		0.00000
	9.14227		0.00000
	9.16234		0.00000
	9.18241		0.00000
	9.20248		0.00000
	9.22255		0.00000
	9.24262		0.00000
	9.26269		0.00000
	9.28276		0.00000
	9.30283		0.00000
	9.32290		0.00000
	9.34297		0.00000
	9.36305		0.00000
	9.38312		0.00000
	9.40319		0.00000
	9.42326		0.00000
	9.44333		0.00000
	9.46340		0.00000
	9.48347		0.00000
	9.50354		0.00000
	9.52361		0.00000
	9.54368		0.00000
	9.56375		0.00000
	9.58383		0.00000
	9.60390		0.00000
	9.62397		0.00000
	9.64404		0.00000
	9.66411		0.00000
	9.68418		0.00000
	9.70425		0.00000
	9.72432		0.00000
	9.74439		0.00000
	9.76446		0.00000
	9.78453		0.00000
	9.80460		0.00000
	9.82467		0.00000
	9.84475		0.00000
	9.86482		0.00000
	9.88489		0.00000
	9.90496		0.00000
	9.92503		0.00000
	9.94510		0.00000
	9.96517		0.00000
	9.98524		0.00000
	10.0053		0.00000
	10.0254		0.00000
	10.0455		0.00000
	10.0655		0.00000
	10.0856		0.00000
	10.1057		0.00000
	10.1257		0.00000
	10.1458		0.00000
	10.1659		0.00000
	10.1860		0.00000
	-1		-1
	.180638		0.000189329
	.200708		0.000210376
	.220779		0.000222239
	.240850		0.000227156
	.260921		0.000228018
	.280992		0.000227179
	.301063		0.000226034
	.321133		0.000225157
	.341204		0.000224640
	.361275		0.000224383
	.381346		0.000224260
	.401417		0.000224165
	.421488		0.000224004
	.441558		0.000223678
	.461629		0.000223078
	.481700		0.000222123
	.501771		0.000220817
	.521842		0.000219281
	.541913		0.000217730
	.561983		0.000216383
	.582054		0.000215379
	.602125		0.000214735
	.622196		0.000214380
	.642267		0.000214212
	.662338		0.000214144
	.682409		0.000214120
	.702479		0.000214113
	.722550		0.000214110
	.742621		0.000214107
	.762692		0.000214095
	.782763		0.000214054
	.802833		0.000213934
	.822904		0.000213632
	.842975		0.000212983
	.863046		0.000211779
	.883117		0.000209861
	.903188		0.000207237
	.923259		0.000204151
	.943329		0.000201034
	.963400		0.000198328
	.983471		0.000196309
	1.00354		0.000195016
	1.02361		0.000194303
	1.04368		0.000193966
	1.06375		0.000193829
	1.08383		0.000193781
	1.10390		0.000193767
	1.12397		0.000193763
	1.14404		0.000193762
	1.16411		0.000193761
	1.18418		0.000193758
	1.20425		0.000193745
	1.22432		0.000193701
	1.24439		0.000193574
	1.26446		0.000193254
	1.28453		0.000192561
	1.30460		0.000191271
	1.32468		0.000189192
	1.34475		0.000186281
	1.36482		0.000182688
	1.38489		0.000178693
	1.40496		0.000174547
	1.42503		0.000170375
	1.44510		0.000166224
	1.46517		0.000162202
	1.48524		0.000158544
	1.50531		0.000155534
	1.52538		0.000153346
	1.54545		0.000151961
	1.56553		0.000151203
	1.58560		0.000150846
	1.60567		0.000150704
	1.62574		0.000150668
	1.64581		0.000150700
	1.66588		0.000150840
	1.68595		0.000151219
	1.70602		0.000152147
	1.72609		0.000154309
	1.74616		0.000159185
	1.76623		0.000169477
	1.78630		0.000188789
	1.80638		0.000220384
	1.82645		0.000268529
	1.84652		0.000348333
	1.86659		0.000498807
	1.88666		0.000770888
	1.90673		 0.00116735
	1.92680		 0.00157722
	1.94687		 0.00180378
	1.96694		 0.00170831
	1.98701		 0.00133383
	2.00708		0.000866897
	2.02715		0.000485227
	2.04723		0.000256430
	2.06730		0.000155114
	2.08737		0.000129255
	2.10744		0.000139895
	2.12751		0.000164457
	2.14758		0.000188489
	2.16765		0.000201827
	2.18772		0.000199311
	2.20779		0.000181739
	2.22786		0.000155057
	2.24793		0.000127526
	2.26800		0.000105770
	2.28808		9.21815e-05
	2.30815		8.53986e-05
	2.32822		8.26791e-05
	2.33825		8.21064e-05
	2.35832		8.16455e-05
	2.37839		8.15372e-05
	2.39847		8.15167e-05
	2.41854		8.15131e-05
	2.43861		8.15131e-05
	2.45868		8.15131e-05
	2.47875		8.15133e-05
	2.49882		8.15143e-05
	2.51889		8.15199e-05
	2.53896		8.15453e-05
	2.55903		8.16462e-05
	2.57910		8.19906e-05
	2.59917		8.30015e-05
	2.61924		8.55549e-05
	2.63932		9.11077e-05
	2.65939		0.000101514
	2.67946		0.000118343
	2.69953		0.000141890
	2.71960		0.000170515
	2.73967		0.000200978
	2.75974		0.000229753
	2.77981		0.000254482
	2.79988		0.000274634
	2.81995		0.000291121
	2.84002		0.000305419
	2.86009		0.000318839
	2.88017		0.000332250
	2.90024		0.000346126
	2.92031		0.000360694
	2.94038		0.000376054
	2.96045		0.000392256
	2.98052		0.000409337
	3.00059		0.000427338
	3.02066		0.000446310
	3.04073		0.000466305
	3.06080		0.000487376
	3.08087		0.000509587
	3.10094		0.000533021
	3.12102		0.000557791
	3.14109		0.000584010
	3.16116		0.000611777
	3.18123		0.000641155
	3.20130		0.000672170
	3.22137		0.000704822
	3.24144		0.000739096
	3.26151		0.000774987
	3.28158		0.000812548
	3.30165		0.000851929
	3.32172		0.000893383
	3.34179		0.000937220
	3.36187		0.000983732
	3.38194		 0.00103313
	3.40201		 0.00108559
	3.42208		 0.00114139
	3.44215		 0.00120173
	3.46222		 0.00127167
	3.48229		 0.00137202
	3.50236		 0.00157949
	3.52243		 0.00213940
	3.54250		 0.00370941
	3.56257		 0.00772116
	3.58264		  0.0165884
	3.60272		  0.0331392
	3.62279		  0.0587313
	3.64286		  0.0906299
	3.66293		   0.120867
	3.68300		   0.138872
	3.70307		   0.137277
	3.72314		   0.116674
	3.74321		  0.0852338
	3.76328		  0.0535108
	3.78335		  0.0288688
	3.80342		  0.0133829
	3.82349		 0.00533100
	3.84357		 0.00182470
	3.86364		0.000536657
	3.88371		0.000135620
	3.90378		2.94490e-05
	3.92385		5.49461e-06
	3.94392		8.80873e-07
	3.96399		1.21344e-07
	3.98406		1.43629e-08
	4.00413		1.46079e-09
	4.02420		1.27651e-10
	4.04427		9.58532e-12
	4.06434		0.00000
	4.08442		0.00000
	4.10449		0.00000
	4.12456		0.00000
	4.14463		0.00000
	4.16470		0.00000
	4.18477		0.00000
	4.20484		0.00000
	4.22491		0.00000
	4.24498		0.00000
	4.26505		0.00000
	4.28512		0.00000
	4.30519		0.00000
	4.32527		0.00000
	4.34534		0.00000
	4.36541		0.00000
	4.38548		0.00000
	4.40555		0.00000
	4.42562		0.00000
	4.44569		0.00000
	4.46576		0.00000
	4.48583		0.00000
	4.50590		0.00000
	4.52597		0.00000
	4.54604		0.00000
	4.56612		0.00000
	4.58619		0.00000
	4.60626		0.00000
	4.62633		0.00000
	4.64640		0.00000
	4.66647		0.00000
	4.68654		0.00000
	4.70661		0.00000
	4.72668		0.00000
	4.74675		0.00000
	4.76682		0.00000
	4.78689		0.00000
	4.80697		0.00000
	4.82704		0.00000
	4.84711		0.00000
	4.86718		0.00000
	4.88725		0.00000
	4.90732		0.00000
	4.94746		0.00000
	4.96753		0.00000
	4.98760		0.00000
	5.00767		0.00000
	5.02774		0.00000
	5.04782		0.00000
	5.06789		0.00000
	5.08796		0.00000
	5.10803		0.00000
	5.12810		0.00000
	5.14817		0.00000
	5.16824		0.00000
	5.18831		0.00000
	5.20838		0.00000
	5.22845		0.00000
	5.24852		0.00000
	5.26859		0.00000
	5.28867		0.00000
	5.30874		0.00000
	5.32881		0.00000
	5.34888		0.00000
	5.36895		0.00000
	5.38902		0.00000
	5.40909		0.00000
	5.42916		0.00000
	5.44923		0.00000
	5.46930		0.00000
	5.48937		0.00000
	5.50944		0.00000
	5.52952		0.00000
	5.54959		0.00000
	5.56966		0.00000
	5.58973		0.00000
	5.60980		0.00000
	5.62987		0.00000
	5.64994		0.00000
	5.67001		0.00000
	5.68005		0.00000
	5.70012		0.00000
	5.72019		0.00000
	5.74026		0.00000
	5.76033		0.00000
	5.78040		0.00000
	5.80047		0.00000
	5.82054		0.00000
	5.84061		0.00000
	5.86068		0.00000
	5.88076		0.00000
	5.90083		0.00000
	5.92090		0.00000
	5.94097		0.00000
	5.96104		0.00000
	5.98111		0.00000
	6.00118		0.00000
	6.02125		0.00000
	6.04132		0.00000
	6.06139		0.00000
	6.08146		0.00000
	6.10153		0.00000
	6.12161		0.00000
	6.14168		0.00000
	6.16175		0.00000
	6.18182		0.00000
	6.20189		0.00000
	6.22196		0.00000
	6.24203		0.00000
	6.26210		0.00000
	6.28217		0.00000
	6.30224		0.00000
	6.32231		0.00000
	6.34238		0.00000
	6.36246		0.00000
	6.38253		0.00000
	6.40260		0.00000
	6.42267		0.00000
	6.44274		0.00000
	6.46281		0.00000
	6.48288		0.00000
	6.50295		0.00000
	6.52302		0.00000
	6.54309		0.00000
	6.56316		0.00000
	6.58323		0.00000
	6.60331		0.00000
	6.62338		0.00000
	6.64345		0.00000
	6.66352		0.00000
	6.68359		0.00000
	6.70366		0.00000
	6.72373		0.00000
	6.74380		0.00000
	6.76387		0.00000
	6.78394		0.00000
	6.80401		0.00000
	6.82408		0.00000
	6.84416		0.00000
	6.86423		0.00000
	6.88430		0.00000
	6.90437		0.00000
	6.92444		0.00000
	6.94451		0.00000
	6.96458		0.00000
	6.98465		0.00000
	7.00472		0.00000
	7.02479		0.00000
	7.04486		0.00000
	7.06494		0.00000
	7.08501		0.00000
	7.10508		0.00000
	7.12515		0.00000
	7.14522		0.00000
	7.16529		0.00000
	7.18536		0.00000
	7.20543		0.00000
	7.22550		0.00000
	7.24557		0.00000
	7.26564		0.00000
	7.28571		0.00000
	7.30578		0.00000
	7.32586		0.00000
	7.34593		0.00000
	7.36600		0.00000
	7.38607		0.00000
	7.40614		0.00000
	7.42621		0.00000
	7.44628		0.00000
	7.46635		0.00000
	7.48642		0.00000
	7.50649		0.00000
	7.52656		0.00000
	7.54663		0.00000
	7.56671		0.00000
	7.58678		0.00000
	7.60685		0.00000
	7.62692		0.00000
	7.64699		0.00000
	7.66706		0.00000
	7.68713		0.00000
	7.70720		0.00000
	7.72727		0.00000
	7.74734		0.00000
	7.76741		0.00000
	7.78748		0.00000
	7.80756		0.00000
	7.82763		0.00000
	7.84770		0.00000
	7.86777		0.00000
	7.88784		0.00000
	7.90791		0.00000
	7.92798		0.00000
	7.94805		0.00000
	7.96812		0.00000
	7.98819		0.00000
	8.00826		0.00000
	8.02833		0.00000
	8.04841		0.00000
	8.06848		0.00000
	8.08855		0.00000
	8.10862		0.00000
	8.12869		0.00000
	8.14876		0.00000
	8.16883		0.00000
	8.18890		0.00000
	8.20897		0.00000
	8.22904		0.00000
	8.24911		0.00000
	8.26919		0.00000
	8.28926		0.00000
	8.30933		0.00000
	8.32940		0.00000
	8.34947		0.00000
	8.36954		0.00000
	8.38961		0.00000
	8.40968		0.00000
	8.42975		0.00000
	8.44982		0.00000
	8.46989		0.00000
	8.48996		0.00000
	8.51004		0.00000
	8.53011		0.00000
	8.55018		0.00000
	8.57025		0.00000
	8.59032		0.00000
	8.61039		0.00000
	8.63046		0.00000
	8.65053		0.00000
	8.67060		0.00000
	8.69067		0.00000
	8.71074		0.00000
	8.73081		0.00000
	8.75088		0.00000
	8.77096		0.00000
	8.79103		0.00000
	8.81110		0.00000
	8.83117		0.00000
	8.85124		0.00000
	8.87131		0.00000
	8.89138		0.00000
	8.91145		0.00000
	8.93152		0.00000
	8.95159		0.00000
	8.97166		0.00000
	8.99174		0.00000
	9.00177		0.00000
	9.02184		0.00000
	9.04191		0.00000
	9.06198		0.00000
	9.08205		0.00000
	9.10212		0.00000
	9.12220		0.00000
	9.14227		0.00000
	9.16234		0.00000
	9.18241		0.00000
	9.20248		0.00000
	9.22255		0.00000
	9.24262		0.00000
	9.26269		0.00000
	9.28276		0.00000
	9.30283		0.00000
	9.32290		0.00000
	9.34297		0.00000
	9.36305		0.00000
	9.38312		0.00000
	9.40319		0.00000
	9.42326		0.00000
	9.44333		0.00000
	9.46340		0.00000
	9.48347		0.00000
	9.50354		0.00000
	9.52361		0.00000
	9.54368		0.00000
	9.56375		0.00000
	9.58383		0.00000
	9.60390		0.00000
	9.62397		0.00000
	9.64404		0.00000
	9.66411		0.00000
	9.68418		0.00000
	9.70425		0.00000
	9.72432		0.00000
	9.74439		0.00000
	9.76446		0.00000
	9.78453		0.00000
	9.80460		0.00000
	9.82467		0.00000
	9.84475		0.00000
	9.86482		0.00000
	9.88489		0.00000
	9.90496		0.00000
	9.92503		0.00000
	9.94510		0.00000
	9.96517		0.00000
	9.98524		0.00000
	10.0053		0.00000
	10.0254		0.00000
	10.0455		0.00000
	10.0655		0.00000
	10.0856		0.00000
	10.1057		0.00000
	10.1257		0.00000
	10.1458		0.00000
	10.1659		0.00000
	10.1860		0.00000
	-1		-1
	.180638		0.000115811
	.200708		0.000131003
	.220779		0.000141199
	.240850		0.000147142
	.260921		0.000150145
	.280992		0.000151455
	.301063		0.000151947
	.321133		0.000152104
	.341204		0.000152146
	.361275		0.000152156
	.381346		0.000152157
	.401417		0.000152157
	.421488		0.000152157
	.441558		0.000152157
	.461629		0.000152157
	.481700		0.000152157
	.501771		0.000152157
	.521842		0.000152157
	.541913		0.000152157
	.561983		0.000152157
	.582054		0.000152157
	.602125		0.000152157
	.622196		0.000152157
	.642267		0.000152157
	.662338		0.000152157
	.682409		0.000152157
	.702479		0.000152157
	.722550		0.000152157
	.742621		0.000152157
	.762692		0.000152157
	.782763		0.000152157
	.802833		0.000152157
	.822904		0.000152157
	.842975		0.000152157
	.863046		0.000152157
	.883117		0.000152155
	.903188		0.000152149
	.923259		0.000152132
	.943329		0.000152087
	.963400		0.000151983
	.983471		0.000151773
	1.00354		0.000151402
	1.02361		0.000150830
	1.04368		0.000150057
	1.06375		0.000149143
	1.08383		0.000148198
	1.10390		0.000147343
	1.12397		0.000146665
	1.14404		0.000146193
	1.16411		0.000145902
	1.18418		0.000145733
	1.20425		0.000145615
	1.22432		0.000145477
	1.24439		0.000145247
	1.26446		0.000144855
	1.28453		0.000144255
	1.30460		0.000143445
	1.32468		0.000142488
	1.34475		0.000141498
	1.36482		0.000140602
	1.38489		0.000139892
	1.40496		0.000139400
	1.42503		0.000139101
	1.44510		0.000138943
	1.46517		0.000138869
	1.48524		0.000138839
	1.50531		0.000138828
	1.52538		0.000138825
	1.54545		0.000138823
	1.56553		0.000138819
	1.58560		0.000138808
	1.60567		0.000138775
	1.62574		0.000138690
	1.64581		0.000138505
	1.66588		0.000138157
	1.68595		0.000137602
	1.70602		0.000136862
	1.72609		0.000136068
	1.74616		0.000135448
	1.76623		0.000135237
	1.78630		0.000135554
	1.80638		0.000136326
	1.82645		0.000137322
	1.84652		0.000138247
	1.86659		0.000138830
	1.88666		0.000138814
	1.90673		0.000137864
	1.92680		0.000135496
	1.94687		0.000131124
	1.96694		0.000124310
	1.98701		0.000115116
	2.00708		0.000104388
	2.02715		9.38178e-05
	2.04723		8.57579e-05
	2.06730		8.28148e-05
	2.08737		8.69837e-05
	2.10744		9.82550e-05
	2.12751		0.000113513
	2.14758		0.000127132
	2.16765		0.000133405
	2.18772		0.000129163
	2.20779		0.000114991
	2.22786		9.48076e-05
	2.24793		7.40353e-05
	2.26800		5.70727e-05
	2.28808		4.56325e-05
	2.30815		3.90153e-05
	2.32822		3.55672e-05
	2.33825		3.40542e-05
	2.35832		3.30808e-05
	2.37839		3.26555e-05
	2.39847		3.24782e-05
	2.41854		3.24094e-05
	2.43861		3.23860e-05
	2.45868		3.23801e-05
	2.47875		3.23870e-05
	2.49882		3.24335e-05
	2.51889		3.26376e-05
	2.53896		3.33687e-05
	2.55903		3.55291e-05
	2.57910		4.08139e-05
	2.59917		5.16722e-05
	2.61924		7.11803e-05
	2.63932		0.000104380
	2.65939		0.000162633
	2.67946		0.000267469
	2.69953		0.000442742
	2.71960		0.000687849
	2.73967		0.000949156
	2.75974		 0.00112762
	2.77981		 0.00113702
	2.79988		0.000968673
	2.81995		0.000699099
	2.84002		0.000432949
	2.86009		0.000238431
	2.88017		0.000127222
	2.90024		7.63249e-05
	2.92031		5.74993e-05
	2.94038		5.18699e-05
	2.96045		5.05264e-05
	2.98052		5.02818e-05
	3.00059		5.02441e-05
	3.02066		5.02528e-05
	3.04073		5.02552e-05
	3.06080		5.02558e-05
	3.08087		5.02559e-05
	3.10094		5.02562e-05
	3.12102		5.02574e-05
	3.14109		5.02628e-05
	3.16116		5.02841e-05
	3.18123		5.03576e-05
	3.20130		5.05792e-05
	3.22137		5.11650e-05
	3.24144		5.25215e-05
	3.26151		5.52749e-05
	3.28158		6.01772e-05
	3.30165		6.78415e-05
	3.32172		7.83824e-05
	3.34179		9.11734e-05
	3.36187		0.000104939
	3.38194		0.000118198
	3.40201		0.000129817
	3.42208		0.000139344
	3.44215		0.000146975
	3.46222		0.000153269
	3.48229		0.000158829
	3.50236		0.000164116
	3.52243		0.000169410
	3.54250		0.000174856
	3.56257		0.000180517
	3.58264		0.000186424
	3.60272		0.000192588
	3.62279		0.000199018
	3.64286		0.000205720
	3.66293		0.000212702
	3.68300		0.000219975
	3.70307		0.000227559
	3.72314		0.000235479
	3.74321		0.000243757
	3.76328		0.000252413
	3.78335		0.000261459
	3.80342		0.000270905
	3.82349		0.000280763
	3.84357		0.000291050
	3.86364		0.000301783
	3.88371		0.000312984
	3.90378		0.000324677
	3.92385		0.000336899
	3.94392		0.000349694
	3.96399		0.000363109
	3.98406		0.000377183
	4.00413		0.000391937
	4.02420		0.000407372
	4.04427		0.000423470
	4.06434		0.000440203
	4.08442		0.000457548
	4.10449		0.000475510
	4.12456		0.000494143
	4.14463		0.000513552
	4.16470		0.000533877
	4.18477		0.000555257
	4.20484		0.000577814
	4.22491		0.000601739
	4.24498		0.000627788
	4.26505		0.000659511
	4.28512		0.000711800
	4.30519		0.000838811
	4.32527		 0.00120933
	4.34534		 0.00226866
	4.36541		 0.00499388
	4.38548		  0.0111163
	4.40555		  0.0229637
	4.42562		  0.0424848
	4.44569		  0.0694434
	4.46576		  0.0997512
	4.48583		   0.125640
	4.50590		   0.138623
	4.52597		   0.133915
	4.54604		   0.113242
	4.56612		  0.0838152
	4.58619		  0.0542927
	4.60626		  0.0307786
	4.62633		  0.0152698
	4.64640		 0.00662968
	4.66647		 0.00251896
	4.68654		0.000837563
	4.70661		0.000243714
	4.72668		6.20598e-05
	4.74675		1.38295e-05
	4.76682		2.69691e-06
	4.78689		4.60248e-07
	4.80697		6.87325e-08
	4.82704		8.98290e-09
	4.84711		1.02739e-09
	4.86718		1.02830e-10
	4.88725		9.00680e-12
	4.90732		0.00000
	4.94746		0.00000
	4.96753		0.00000
	4.98760		0.00000
	5.00767		0.00000
	5.02774		0.00000
	5.04782		0.00000
	5.06789		0.00000
	5.08796		0.00000
	5.10803		0.00000
	5.12810		0.00000
	5.14817		0.00000
	5.16824		0.00000
	5.18831		0.00000
	5.20838		0.00000
	5.22845		0.00000
	5.24852		0.00000
	5.26859		0.00000
	5.28867		0.00000
	5.30874		0.00000
	5.32881		0.00000
	5.34888		0.00000
	5.36895		0.00000
	5.38902		0.00000
	5.40909		0.00000
	5.42916		0.00000
	5.44923		0.00000
	5.46930		0.00000
	5.48937		0.00000
	5.50944		0.00000
	5.52952		0.00000
	5.54959		0.00000
	5.56966		0.00000
	5.58973		0.00000
	5.60980		0.00000
	5.62987		0.00000
	5.64994		0.00000
	5.67001		0.00000
	5.68005		0.00000
	5.70012		0.00000
	5.72019		0.00000
	5.74026		0.00000
	5.76033		0.00000
	5.78040		0.00000
	5.80047		0.00000
	5.82054		0.00000
	5.84061		0.00000
	5.86068		0.00000
	5.88076		0.00000
	5.90083		0.00000
	5.92090		0.00000
	5.94097		0.00000
	5.96104		0.00000
	5.98111		0.00000
	6.00118		0.00000
	6.02125		0.00000
	6.04132		0.00000
	6.06139		0.00000
	6.08146		0.00000
	6.10153		0.00000
	6.12161		0.00000
	6.14168		0.00000
	6.16175		0.00000
	6.18182		0.00000
	6.20189		0.00000
	6.22196		0.00000
	6.24203		0.00000
	6.26210		0.00000
	6.28217		0.00000
	6.30224		0.00000
	6.32231		0.00000
	6.34238		0.00000
	6.36246		0.00000
	6.38253		0.00000
	6.40260		0.00000
	6.42267		0.00000
	6.44274		0.00000
	6.46281		0.00000
	6.48288		0.00000
	6.50295		0.00000
	6.52302		0.00000
	6.54309		0.00000
	6.56316		0.00000
	6.58323		0.00000
	6.60331		0.00000
	6.62338		0.00000
	6.64345		0.00000
	6.66352		0.00000
	6.68359		0.00000
	6.70366		0.00000
	6.72373		0.00000
	6.74380		0.00000
	6.76387		0.00000
	6.78394		0.00000
	6.80401		0.00000
	6.82408		0.00000
	6.84416		0.00000
	6.86423		0.00000
	6.88430		0.00000
	6.90437		0.00000
	6.92444		0.00000
	6.94451		0.00000
	6.96458		0.00000
	6.98465		0.00000
	7.00472		0.00000
	7.02479		0.00000
	7.04486		0.00000
	7.06494		0.00000
	7.08501		0.00000
	7.10508		0.00000
	7.12515		0.00000
	7.14522		0.00000
	7.16529		0.00000
	7.18536		0.00000
	7.20543		0.00000
	7.22550		0.00000
	7.24557		0.00000
	7.26564		0.00000
	7.28571		0.00000
	7.30578		0.00000
	7.32586		0.00000
	7.34593		0.00000
	7.36600		0.00000
	7.38607		0.00000
	7.40614		0.00000
	7.42621		0.00000
	7.44628		0.00000
	7.46635		0.00000
	7.48642		0.00000
	7.50649		0.00000
	7.52656		0.00000
	7.54663		0.00000
	7.56671		0.00000
	7.58678		0.00000
	7.60685		0.00000
	7.62692		0.00000
	7.64699		0.00000
	7.66706		0.00000
	7.68713		0.00000
	7.70720		0.00000
	7.72727		0.00000
	7.74734		0.00000
	7.76741		0.00000
	7.78748		0.00000
	7.80756		0.00000
	7.82763		0.00000
	7.84770		0.00000
	7.86777		0.00000
	7.88784		0.00000
	7.90791		0.00000
	7.92798		0.00000
	7.94805		0.00000
	7.96812		0.00000
	7.98819		0.00000
	8.00826		0.00000
	8.02833		0.00000
	8.04841		0.00000
	8.06848		0.00000
	8.08855		0.00000
	8.10862		0.00000
	8.12869		0.00000
	8.14876		0.00000
	8.16883		0.00000
	8.18890		0.00000
	8.20897		0.00000
	8.22904		0.00000
	8.24911		0.00000
	8.26919		0.00000
	8.28926		0.00000
	8.30933		0.00000
	8.32940		0.00000
	8.34947		0.00000
	8.36954		0.00000
	8.38961		0.00000
	8.40968		0.00000
	8.42975		0.00000
	8.44982		0.00000
	8.46989		0.00000
	8.48996		0.00000
	8.51004		0.00000
	8.53011		0.00000
	8.55018		0.00000
	8.57025		0.00000
	8.59032		0.00000
	8.61039		0.00000
	8.63046		0.00000
	8.65053		0.00000
	8.67060		0.00000
	8.69067		0.00000
	8.71074		0.00000
	8.73081		0.00000
	8.75088		0.00000
	8.77096		0.00000
	8.79103		0.00000
	8.81110		0.00000
	8.83117		0.00000
	8.85124		0.00000
	8.87131		0.00000
	8.89138		0.00000
	8.91145		0.00000
	8.93152		0.00000
	8.95159		0.00000
	8.97166		0.00000
	8.99174		0.00000
	9.00177		0.00000
	9.02184		0.00000
	9.04191		0.00000
	9.06198		0.00000
	9.08205		0.00000
	9.10212		0.00000
	9.12220		0.00000
	9.14227		0.00000
	9.16234		0.00000
	9.18241		0.00000
	9.20248		0.00000
	9.22255		0.00000
	9.24262		0.00000
	9.26269		0.00000
	9.28276		0.00000
	9.30283		0.00000
	9.32290		0.00000
	9.34297		0.00000
	9.36305		0.00000
	9.38312		0.00000
	9.40319		0.00000
	9.42326		0.00000
	9.44333		0.00000
	9.46340		0.00000
	9.48347		0.00000
	9.50354		0.00000
	9.52361		0.00000
	9.54368		0.00000
	9.56375		0.00000
	9.58383		0.00000
	9.60390		0.00000
	9.62397		0.00000
	9.64404		0.00000
	9.66411		0.00000
	9.68418		0.00000
	9.70425		0.00000
	9.72432		0.00000
	9.74439		0.00000
	9.76446		0.00000
	9.78453		0.00000
	9.80460		0.00000
	9.82467		0.00000
	9.84475		0.00000
	9.86482		0.00000
	9.88489		0.00000
	9.90496		0.00000
	9.92503		0.00000
	9.94510		0.00000
	9.96517		0.00000
	9.98524		0.00000
	10.0053		0.00000
	10.0254		0.00000
	10.0455		0.00000
	10.0655		0.00000
	10.0856		0.00000
	10.1057		0.00000
	10.1257		0.00000
	10.1458		0.00000
	10.1659		0.00000
	10.1860		0.00000
	-1		-1
	.180638		7.52421e-05
	.200708		8.49893e-05
	.220779		9.18290e-05
	.240850		9.60731e-05
	.260921		9.83987e-05
	.280992		9.95220e-05
	.301063		9.99991e-05
	.321133		0.000100177
	.341204		0.000100234
	.361275		0.000100250
	.381346		0.000100254
	.401417		0.000100255
	.421488		0.000100255
	.441558		0.000100255
	.461629		0.000100255
	.481700		0.000100255
	.501771		0.000100255
	.521842		0.000100255
	.541913		0.000100255
	.561983		0.000100255
	.582054		0.000100255
	.602125		0.000100255
	.622196		0.000100255
	.642267		0.000100255
	.662338		0.000100255
	.682409		0.000100255
	.702479		0.000100255
	.722550		0.000100255
	.742621		0.000100255
	.762692		0.000100255
	.782763		0.000100255
	.802833		0.000100255
	.822904		0.000100255
	.842975		0.000100255
	.863046		0.000100255
	.883117		0.000100255
	.903188		0.000100255
	.923259		0.000100255
	.943329		0.000100255
	.963400		0.000100255
	.983471		0.000100255
	1.00354		0.000100255
	1.02361		0.000100255
	1.04368		0.000100255
	1.06375		0.000100255
	1.08383		0.000100255
	1.10390		0.000100255
	1.12397		0.000100255
	1.14404		0.000100255
	1.16411		0.000100255
	1.18418		0.000100255
	1.20425		0.000100255
	1.22432		0.000100255
	1.24439		0.000100255
	1.26446		0.000100255
	1.28453		0.000100255
	1.30460		0.000100255
	1.32468		0.000100255
	1.34475		0.000100255
	1.36482		0.000100255
	1.38489		0.000100255
	1.40496		0.000100255
	1.42503		0.000100255
	1.44510		0.000100255
	1.46517		0.000100255
	1.48524		0.000100255
	1.50531		0.000100255
	1.52538		0.000100255
	1.54545		0.000100255
	1.56553		0.000100256
	1.58560		0.000100257
	1.60567		0.000100262
	1.62574		0.000100278
	1.64581		0.000100320
	1.66588		0.000100416
	1.68595		0.000100618
	1.70602		0.000100990
	1.72609		0.000101601
	1.74616		0.000102495
	1.76623		0.000103654
	1.78630		0.000104989
	1.80638		0.000106349
	1.82645		0.000107557
	1.84652		0.000108451
	1.86659		0.000108886
	1.88666		0.000108702
	1.90673		0.000107686
	1.92680		0.000105559
	1.94687		0.000102043
	1.96694		9.70114e-05
	1.98701		9.06443e-05
	2.00708		8.35381e-05
	2.02715		7.67147e-05
	2.04723		7.15646e-05
	2.06730		6.96774e-05
	2.08737		7.23499e-05
	2.10744		7.96777e-05
	2.12751		8.97857e-05
	2.14758		9.91432e-05
	2.16765		0.000104096
	2.18772		0.000102549
	2.20779		9.47902e-05
	2.22786		8.32543e-05
	2.24793		7.13642e-05
	2.26800		6.18901e-05
	2.28808		5.58610e-05
	2.30815		5.27437e-05
	2.32822		5.14098e-05
	2.33825		5.10482e-05
	2.35832		5.07954e-05
	2.37839		5.07220e-05
	2.39847		5.07018e-05
	2.41854		5.06958e-05
	2.43861		5.06929e-05
	2.45868		5.06873e-05
	2.47875		5.06717e-05
	2.49882		5.06309e-05
	2.51889		5.05354e-05
	2.53896		5.03369e-05
	2.55903		4.99699e-05
	2.57910		4.93668e-05
	2.59917		4.84856e-05
	2.61924		4.73414e-05
	2.63932		4.60204e-05
	2.65939		4.46649e-05
	2.67946		4.34284e-05
	2.69953		4.24257e-05
	2.71960		4.17030e-05
	2.73967		4.12398e-05
	2.75974		4.09761e-05
	2.77981		4.08425e-05
	2.79988		4.07823e-05
	2.81995		4.07582e-05
	2.84002		4.07496e-05
	2.86009		4.07464e-05
	2.88017		4.07441e-05
	2.90024		4.07384e-05
	2.92031		4.07223e-05
	2.94038		4.06798e-05
	2.96045		4.05798e-05
	2.98052		4.03698e-05
	3.00059		3.99756e-05
	3.02066		3.93119e-05
	3.04073		3.83052e-05
	3.06080		3.69208e-05
	3.08087		3.51802e-05
	3.10094		3.31598e-05
	3.12102		3.09747e-05
	3.14109		2.87586e-05
	3.16116		2.66483e-05
	3.18123		2.47698e-05
	3.20130		2.32197e-05
	3.22137		2.20456e-05
	3.24144		2.12365e-05
	3.26151		2.07330e-05
	3.28158		2.04515e-05
	3.30165		2.03106e-05
	3.32172		2.02478e-05
	3.34179		2.02235e-05
	3.36187		2.02188e-05
	3.38194		2.02360e-05
	3.40201		2.03163e-05
	3.42208		2.05954e-05
	3.44215		2.14159e-05
	3.46222		2.34775e-05
	3.48229		2.79580e-05
	3.50236		3.65911e-05
	3.52243		5.20031e-05
	3.54250		7.88705e-05
	3.56257		0.000125637
	3.58264		0.000204130
	3.60272		0.000322935
	3.62279		0.000474547
	3.64286		0.000625899
	3.66293		0.000726116
	3.68300		0.000733394
	3.70307		0.000642424
	3.72314		0.000488576
	3.74321		0.000325052
	3.76328		0.000193103
	3.78335		0.000107557
	3.80342		6.18941e-05
	3.82349		4.15889e-05
	3.84357		3.40393e-05
	3.86364		3.17378e-05
	3.88371		3.12932e-05
	3.90378		3.15663e-05
	3.92385		3.23846e-05
	3.94392		3.39622e-05
	3.96399		3.65733e-05
	3.98406		4.04310e-05
	4.00413		4.55211e-05
	4.02420		5.15326e-05
	4.04427		5.79128e-05
	4.06434		6.40411e-05
	4.08442		6.94336e-05
	4.10449		7.38728e-05
	4.12456		7.74067e-05
	4.14463		8.02506e-05
	4.16470		8.26641e-05
	4.18477		8.48653e-05
	4.20484		8.70007e-05
	4.22491		8.91526e-05
	4.24498		9.13615e-05
	4.26505		9.36455e-05
	4.28512		9.60132e-05
	4.30519		9.84694e-05
	4.32527		0.000101018
	4.34534		0.000103662
	4.36541		0.000106405
	4.38548		0.000109252
	4.40555		0.000112205
	4.42562		0.000115269
	4.44569		0.000118447
	4.46576		0.000121743
	4.48583		0.000125160
	4.50590		0.000128702
	4.52597		0.000132369
	4.54604		0.000136163
	4.56612		0.000140088
	4.58619		0.000144148
	4.60626		0.000148351
	4.62633		0.000152707
	4.64640		0.000157224
	4.66647		0.000161911
	4.68654		0.000166771
	4.70661		0.000171808
	4.72668		0.000177025
	4.74675		0.000182429
	4.76682		0.000188025
	4.78689		0.000193822
	4.80697		0.000199831
	4.82704		0.000206067
	4.84711		0.000212551
	4.86718		0.000219301
	4.88725		0.000226331
	4.90732		0.000233645
	4.94746		0.000241238
	4.96753		0.000249093
	4.98760		0.000257192
	5.00767		0.000265522
	5.02774		0.000274084
	5.04782		0.000282903
	5.06789		0.000292028
	5.08796		0.000301522
	5.10803		0.000311455
	5.12810		0.000321968
	5.14817		0.000333546
	5.16824		0.000348325
	5.18831		0.000374863
	5.20838		0.000443339
	5.22845		0.000646434
	5.24852		 0.00123006
	5.26859		 0.00275147
	5.28867		 0.00626963
	5.30874		  0.0134157
	5.32881		  0.0260706
	5.34888		  0.0454300
	5.36895		  0.0706380
	5.38902		  0.0978064
	5.40909		   0.120488
	5.42916		   0.132004
	5.44923		   0.128591
	5.46930		   0.111368
	5.48937		  0.0857470
	5.50944		  0.0586904
	5.52952		  0.0357107
	5.54959		  0.0193155
	5.56966		 0.00928729
	5.58973		 0.00396958
	5.60980		 0.00150820
	5.62987		0.000509397
	5.64994		0.000152940
	5.67001		4.08186e-05
	5.68005		9.68421e-06
	5.70012		4.51337e-06
	5.72019		8.97453e-07
	5.74026		1.58626e-07
	5.76033		2.49242e-08
	5.78040		3.48129e-09
	5.80047		4.32242e-10
	5.82054		4.77071e-11
	5.84061		0.00000
	5.86068		0.00000
	5.88076		0.00000
	5.90083		0.00000
	5.92090		0.00000
	5.94097		0.00000
	5.96104		0.00000
	5.98111		0.00000
	6.00118		0.00000
	6.02125		0.00000
	6.04132		0.00000
	6.06139		0.00000
	6.08146		0.00000
	6.10153		0.00000
	6.12161		0.00000
	6.14168		0.00000
	6.16175		0.00000
	6.18182		0.00000
	6.20189		0.00000
	6.22196		0.00000
	6.24203		0.00000
	6.26210		0.00000
	6.28217		0.00000
	6.30224		0.00000
	6.32231		0.00000
	6.34238		0.00000
	6.36246		0.00000
	6.38253		0.00000
	6.40260		0.00000
	6.42267		0.00000
	6.44274		0.00000
	6.46281		0.00000
	6.48288		0.00000
	6.50295		0.00000
	6.52302		0.00000
	6.54309		0.00000
	6.56316		0.00000
	6.58323		0.00000
	6.60331		0.00000
	6.62338		0.00000
	6.64345		0.00000
	6.66352		0.00000
	6.68359		0.00000
	6.70366		0.00000
	6.72373		0.00000
	6.74380		0.00000
	6.76387		0.00000
	6.78394		0.00000
	6.80401		0.00000
	6.82408		0.00000
	6.84416		0.00000
	6.86423		0.00000
	6.88430		0.00000
	6.90437		0.00000
	6.92444		0.00000
	6.94451		0.00000
	6.96458		0.00000
	6.98465		0.00000
	7.00472		0.00000
	7.02479		0.00000
	7.04486		0.00000
	7.06494		0.00000
	7.08501		0.00000
	7.10508		0.00000
	7.12515		0.00000
	7.14522		0.00000
	7.16529		0.00000
	7.18536		0.00000
	7.20543		0.00000
	7.22550		0.00000
	7.24557		0.00000
	7.26564		0.00000
	7.28571		0.00000
	7.30578		0.00000
	7.32586		0.00000
	7.34593		0.00000
	7.36600		0.00000
	7.38607		0.00000
	7.40614		0.00000
	7.42621		0.00000
	7.44628		0.00000
	7.46635		0.00000
	7.48642		0.00000
	7.50649		0.00000
	7.52656		0.00000
	7.54663		0.00000
	7.56671		0.00000
	7.58678		0.00000
	7.60685		0.00000
	7.62692		0.00000
	7.64699		0.00000
	7.66706		0.00000
	7.68713		0.00000
	7.70720		0.00000
	7.72727		0.00000
	7.74734		0.00000
	7.76741		0.00000
	7.78748		0.00000
	7.80756		0.00000
	7.82763		0.00000
	7.84770		0.00000
	7.86777		0.00000
	7.88784		0.00000
	7.90791		0.00000
	7.92798		0.00000
	7.94805		0.00000
	7.96812		0.00000
	7.98819		0.00000
	8.00826		0.00000
	8.02833		0.00000
	8.04841		0.00000
	8.06848		0.00000
	8.08855		0.00000
	8.10862		0.00000
	8.12869		0.00000
	8.14876		0.00000
	8.16883		0.00000
	8.18890		0.00000
	8.20897		0.00000
	8.22904		0.00000
	8.24911		0.00000
	8.26919		0.00000
	8.28926		0.00000
	8.30933		0.00000
	8.32940		0.00000
	8.34947		0.00000
	8.36954		0.00000
	8.38961		0.00000
	8.40968		0.00000
	8.42975		0.00000
	8.44982		0.00000
	8.46989		0.00000
	8.48996		0.00000
	8.51004		0.00000
	8.53011		0.00000
	8.55018		0.00000
	8.57025		0.00000
	8.59032		0.00000
	8.61039		0.00000
	8.63046		0.00000
	8.65053		0.00000
	8.67060		0.00000
	8.69067		0.00000
	8.71074		0.00000
	8.73081		0.00000
	8.75088		0.00000
	8.77096		0.00000
	8.79103		0.00000
	8.81110		0.00000
	8.83117		0.00000
	8.85124		0.00000
	8.87131		0.00000
	8.89138		0.00000
	8.91145		0.00000
	8.93152		0.00000
	8.95159		0.00000
	8.97166		0.00000
	8.99174		0.00000
	9.00177		0.00000
	9.02184		0.00000
	9.04191		0.00000
	9.06198		0.00000
	9.08205		0.00000
	9.10212		0.00000
	9.12220		0.00000
	9.14227		0.00000
	9.16234		0.00000
	9.18241		0.00000
	9.20248		0.00000
	9.22255		0.00000
	9.24262		0.00000
	9.26269		0.00000
	9.28276		0.00000
	9.30283		0.00000
	9.32290		0.00000
	9.34297		0.00000
	9.36305		0.00000
	9.38312		0.00000
	9.40319		0.00000
	9.42326		0.00000
	9.44333		0.00000
	9.46340		0.00000
	9.48347		0.00000
	9.50354		0.00000
	9.52361		0.00000
	9.54368		0.00000
	9.56375		0.00000
	9.58383		0.00000
	9.60390		0.00000
	9.62397		0.00000
	9.64404		0.00000
	9.66411		0.00000
	9.68418		0.00000
	9.70425		0.00000
	9.72432		0.00000
	9.74439		0.00000
	9.76446		0.00000
	9.78453		0.00000
	9.80460		0.00000
	9.82467		0.00000
	9.84475		0.00000
	9.86482		0.00000
	9.88489		0.00000
	9.90496		0.00000
	9.92503		0.00000
	9.94510		0.00000
	9.96517		0.00000
	9.98524		0.00000
	10.0053		0.00000
	10.0254		0.00000
	10.0455		0.00000
	10.0655		0.00000
	10.0856		0.00000
	10.1057		0.00000
	10.1257		0.00000
	10.1458		0.00000
	10.1659		0.00000
	10.1860		0.00000
	-1		-1
	.180638		5.30774e-05
	.200708		5.79820e-05
	.220779		6.12777e-05
	.240850		6.32638e-05
	.260921		6.43362e-05
	.280992		6.48543e-05
	.301063		6.50777e-05
	.321133		6.51636e-05
	.341204		6.51929e-05
	.361275		6.52017e-05
	.381346		6.52040e-05
	.401417		6.52045e-05
	.421488		6.52046e-05
	.441558		6.52046e-05
	.461629		6.52046e-05
	.481700		6.52046e-05
	.501771		6.52046e-05
	.521842		6.52046e-05
	.541913		6.52046e-05
	.561983		6.52046e-05
	.582054		6.52046e-05
	.602125		6.52046e-05
	.622196		6.52046e-05
	.642267		6.52046e-05
	.662338		6.52046e-05
	.682409		6.52046e-05
	.702479		6.52046e-05
	.722550		6.52046e-05
	.742621		6.52046e-05
	.762692		6.52046e-05
	.782763		6.52046e-05
	.802833		6.52046e-05
	.822904		6.52046e-05
	.842975		6.52046e-05
	.863046		6.52046e-05
	.883117		6.52046e-05
	.903188		6.52046e-05
	.923259		6.52046e-05
	.943329		6.52046e-05
	.963400		6.52046e-05
	.983471		6.52046e-05
	1.00354		6.52046e-05
	1.02361		6.52046e-05
	1.04368		6.52046e-05
	1.06375		6.52046e-05
	1.08383		6.52046e-05
	1.10390		6.52046e-05
	1.12397		6.52046e-05
	1.14404		6.52046e-05
	1.16411		6.52046e-05
	1.18418		6.52046e-05
	1.20425		6.52046e-05
	1.22432		6.52046e-05
	1.24439		6.52046e-05
	1.26446		6.52046e-05
	1.28453		6.52046e-05
	1.30460		6.52046e-05
	1.32468		6.52046e-05
	1.34475		6.52046e-05
	1.36482		6.52046e-05
	1.38489		6.52046e-05
	1.40496		6.52046e-05
	1.42503		6.52046e-05
	1.44510		6.52046e-05
	1.46517		6.52046e-05
	1.48524		6.52046e-05
	1.50531		6.52047e-05
	1.52538		6.52048e-05
	1.54545		6.52053e-05
	1.56553		6.52070e-05
	1.58560		6.52120e-05
	1.60567		6.52254e-05
	1.62574		6.52576e-05
	1.64581		6.53277e-05
	1.66588		6.54648e-05
	1.68595		6.57066e-05
	1.70602		6.60909e-05
	1.72609		6.66407e-05
	1.74616		6.73494e-05
	1.76623		6.81710e-05
	1.78630		6.90255e-05
	1.80638		6.98146e-05
	1.82645		7.04403e-05
	1.84652		7.08114e-05
	1.86659		7.08329e-05
	1.88666		7.03874e-05
	1.90673		6.93289e-05
	1.92680		6.75094e-05
	1.94687		6.48429e-05
	1.96694		6.13811e-05
	1.98701		5.73645e-05
	2.00708		5.32229e-05
	2.02715		4.95501e-05
	2.04723		4.70948e-05
	2.06730		4.67213e-05
	2.08737		4.91598e-05
	2.10744		5.44426e-05
	2.12751		6.13863e-05
	2.14758		6.77602e-05
	2.16765		7.12508e-05
	2.18772		7.05403e-05
	2.20779		6.58338e-05
	2.22786		5.87068e-05
	2.24793		5.13576e-05
	2.26800		4.55510e-05
	2.28808		4.19244e-05
	2.30815		4.01142e-05
	2.32822		3.93884e-05
	2.33825		3.92356e-05
	2.35832		3.91126e-05
	2.37839		3.90837e-05
	2.39847		3.90782e-05
	2.41854		3.90773e-05
	2.43861		3.90773e-05
	2.45868		3.90773e-05
	2.47875		3.90773e-05
	2.49882		3.90773e-05
	2.51889		3.90773e-05
	2.53896		3.90773e-05
	2.55903		3.90773e-05
	2.57910		3.90773e-05
	2.59917		3.90773e-05
	2.61924		3.90773e-05
	2.63932		3.90773e-05
	2.65939		3.90772e-05
	2.67946		3.90772e-05
	2.69953		3.90769e-05
	2.71960		3.90761e-05
	2.73967		3.90736e-05
	2.75974		3.90669e-05
	2.77981		3.90509e-05
	2.79988		3.90160e-05
	2.81995		3.89478e-05
	2.84002		3.88275e-05
	2.86009		3.86363e-05
	2.88017		3.83626e-05
	2.90024		3.80097e-05
	2.92031		3.75996e-05
	2.94038		3.71704e-05
	2.96045		3.67655e-05
	2.98052		3.64213e-05
	3.00059		3.61572e-05
	3.02066		3.59732e-05
	3.04073		3.58537e-05
	3.06080		3.57744e-05
	3.08087		3.57075e-05
	3.10094		3.56244e-05
	3.12102		3.54974e-05
	3.14109		3.53029e-05
	3.16116		3.50268e-05
	3.18123		3.46716e-05
	3.20130		3.42590e-05
	3.22137		3.38272e-05
	3.24144		3.34199e-05
	3.26151		3.30739e-05
	3.28158		3.28091e-05
	3.30165		3.26264e-05
	3.32172		3.25130e-05
	3.34179		3.24494e-05
	3.36187		3.24172e-05
	3.38194		3.24022e-05
	3.40201		3.23945e-05
	3.42208		3.23874e-05
	3.44215		3.23733e-05
	3.46222		3.23410e-05
	3.48229		3.22712e-05
	3.50236		3.21347e-05
	3.52243		3.18941e-05
	3.54250		3.15116e-05
	3.56257		3.09642e-05
	3.58264		3.02583e-05
	3.60272		2.94381e-05
	3.62279		2.85795e-05
	3.64286		2.77698e-05
	3.66293		2.70819e-05
	3.68300		2.65553e-05
	3.70307		2.61921e-05
	3.72314		2.59665e-05
	3.74321		2.58402e-05
	3.76328		2.57765e-05
	3.78335		2.57475e-05
	3.80342		2.57355e-05
	3.82349		2.57306e-05
	3.84357		2.57276e-05
	3.86364		2.57223e-05
	3.88371		2.57091e-05
	3.90378		2.56775e-05
	3.92385		2.56089e-05
	3.94392		2.54738e-05
	3.96399		2.52336e-05
	3.98406		2.48467e-05
	4.00413		2.42803e-05
	4.02420		2.35224e-05
	4.04427		2.25882e-05
	4.06434		2.15155e-05
	4.08442		2.03534e-05
	4.10449		1.91506e-05
	4.12456		1.79521e-05
	4.14463		1.68027e-05
	4.16470		1.57508e-05
	4.18477		1.48433e-05
	4.20484		1.41149e-05
	4.22491		1.35767e-05
	4.24498		1.32135e-05
	4.26505		1.29907e-05
	4.28512		1.28670e-05
	4.30519		1.28052e-05
	4.32527		1.27785e-05
	4.34534		1.27733e-05
	4.36541		1.27937e-05
	4.38548		1.28765e-05
	4.40555		1.31272e-05
	4.42562		1.37837e-05
	4.44569		1.52990e-05
	4.46576		1.84305e-05
	4.48583		2.43657e-05
	4.50590		3.50112e-05
	4.52597		5.35482e-05
	4.54604		8.48966e-05
	4.56612		0.000134925
	4.58619		0.000207044
	4.60626		0.000296681
	4.62633		0.000387441
	4.64640		0.000454153
	4.66647		0.000473904
	4.68654		0.000438816
	4.70661		0.000361048
	4.72668		0.000265958
	4.74675		0.000178771
	4.76682		0.000114267
	4.78689		7.47946e-05
	4.80697		5.47905e-05
	4.82704		4.66515e-05
	4.84711		4.43626e-05
	4.86718		4.44066e-05
	4.88725		4.51736e-05
	4.90732		4.60896e-05
	4.94746		4.70108e-05
	4.96753		4.79255e-05
	4.98760		4.88513e-05
	5.00767		4.97971e-05
	5.02774		5.07696e-05
	5.04782		5.17719e-05
	5.06789		5.28059e-05
	5.08796		5.38726e-05
	5.10803		5.49731e-05
	5.12810		5.61087e-05
	5.14817		5.72802e-05
	5.16824		5.84890e-05
	5.18831		5.97361e-05
	5.20838		6.10229e-05
	5.22845		6.23506e-05
	5.24852		6.37204e-05
	5.26859		6.51339e-05
	5.28867		6.65923e-05
	5.30874		6.80970e-05
	5.32881		6.96496e-05
	5.34888		7.12514e-05
	5.36895		7.29039e-05
	5.38902		7.46086e-05
	5.40909		7.63673e-05
	5.42916		7.81813e-05
	5.44923		8.00523e-05
	5.46930		8.19811e-05
	5.48937		8.39678e-05
	5.50944		8.60109e-05
	5.52952		8.81070e-05
	5.54959		9.02503e-05
	5.56966		9.24340e-05
	5.58973		9.46519e-05
	5.60980		9.69018e-05
	5.62987		9.91878e-05
	5.64994		0.000101521
	5.67001		0.000103919
	5.68005		0.000106399
	5.70012		0.000108976
	5.72019		0.000111659
	5.74026		0.000114450
	5.76033		0.000117350
	5.78040		0.000120356
	5.80047		0.000123471
	5.82054		0.000126699
	5.84061		0.000130045
	5.86068		0.000133514
	5.88076		0.000137106
	5.90083		0.000140816
	5.92090		0.000144634
	5.94097		0.000148548
	5.96104		0.000152550
	5.98111		0.000156638
	6.00118		0.000160820
	6.02125		0.000165117
	6.04132		0.000169558
	6.06139		0.000174175
	6.08146		0.000179011
	6.10153		0.000184179
	6.12161		0.000190152
	6.14168		0.000198886
	6.16175		0.000217615
	6.18182		0.000270120
	6.20189		0.000425393
	6.22196		0.000859145
	6.24203		 0.00196068
	6.26210		 0.00447001
	6.28217		 0.00956521
	6.30224		  0.0187384
	6.32231		  0.0332898
	6.34238		  0.0534344
	6.36246		  0.0773741
	6.38253		   0.101005
	6.40260		   0.118830
	6.42267		   0.125974
	6.44274		   0.120329
	6.46281		   0.103557
	6.48288		  0.0802956
	6.50295		  0.0560928
	6.52302		  0.0353036
	6.54309		  0.0200180
	6.56316		  0.0102264
	6.58323		 0.00470672
	6.60331		 0.00195167
	6.62338		0.000729103
	6.64345		0.000245394
	6.66352		7.44099e-05
	6.68359		2.03278e-05
	6.70366		5.00314e-06
	6.72373		1.10940e-06
	6.74380		2.21628e-07
	6.76387		3.98892e-08
	6.78394		6.46811e-09
	6.80401		9.44868e-10
	6.82408		1.24359e-10
	6.84416		1.47461e-11
	6.86423		0.00000
	6.88430		0.00000
	6.90437		0.00000
	6.92444		0.00000
	6.94451		0.00000
	6.96458		0.00000
	6.98465		0.00000
	7.00472		0.00000
	7.02479		0.00000
	7.04486		0.00000
	7.06494		0.00000
	7.08501		0.00000
	7.10508		0.00000
	7.12515		0.00000
	7.14522		0.00000
	7.16529		0.00000
	7.18536		0.00000
	7.20543		0.00000
	7.22550		0.00000
	7.24557		0.00000
	7.26564		0.00000
	7.28571		0.00000
	7.30578		0.00000
	7.32586		0.00000
	7.34593		0.00000
	7.36600		0.00000
	7.38607		0.00000
	7.40614		0.00000
	7.42621		0.00000
	7.44628		0.00000
	7.46635		0.00000
	7.48642		0.00000
	7.50649		0.00000
	7.52656		0.00000
	7.54663		0.00000
	7.56671		0.00000
	7.58678		0.00000
	7.60685		0.00000
	7.62692		0.00000
	7.64699		0.00000
	7.66706		0.00000
	7.68713		0.00000
	7.70720		0.00000
	7.72727		0.00000
	7.74734		0.00000
	7.76741		0.00000
	7.78748		0.00000
	7.80756		0.00000
	7.82763		0.00000
	7.84770		0.00000
	7.86777		0.00000
	7.88784		0.00000
	7.90791		0.00000
	7.92798		0.00000
	7.94805		0.00000
	7.96812		0.00000
	7.98819		0.00000
	8.00826		0.00000
	8.02833		0.00000
	8.04841		0.00000
	8.06848		0.00000
	8.08855		0.00000
	8.10862		0.00000
	8.12869		0.00000
	8.14876		0.00000
	8.16883		0.00000
	8.18890		0.00000
	8.20897		0.00000
	8.22904		0.00000
	8.24911		0.00000
	8.26919		0.00000
	8.28926		0.00000
	8.30933		0.00000
	8.32940		0.00000
	8.34947		0.00000
	8.36954		0.00000
	8.38961		0.00000
	8.40968		0.00000
	8.42975		0.00000
	8.44982		0.00000
	8.46989		0.00000
	8.48996		0.00000
	8.51004		0.00000
	8.53011		0.00000
	8.55018		0.00000
	8.57025		0.00000
	8.59032		0.00000
	8.61039		0.00000
	8.63046		0.00000
	8.65053		0.00000
	8.67060		0.00000
	8.69067		0.00000
	8.71074		0.00000
	8.73081		0.00000
	8.75088		0.00000
	8.77096		0.00000
	8.79103		0.00000
	8.81110		0.00000
	8.83117		0.00000
	8.85124		0.00000
	8.87131		0.00000
	8.89138		0.00000
	8.91145		0.00000
	8.93152		0.00000
	8.95159		0.00000
	8.97166		0.00000
	8.99174		0.00000
	9.00177		0.00000
	9.02184		0.00000
	9.04191		0.00000
	9.06198		0.00000
	9.08205		0.00000
	9.10212		0.00000
	9.12220		0.00000
	9.14227		0.00000
	9.16234		0.00000
	9.18241		0.00000
	9.20248		0.00000
	9.22255		0.00000
	9.24262		0.00000
	9.26269		0.00000
	9.28276		0.00000
	9.30283		0.00000
	9.32290		0.00000
	9.34297		0.00000
	9.36305		0.00000
	9.38312		0.00000
	9.40319		0.00000
	9.42326		0.00000
	9.44333		0.00000
	9.46340		0.00000
	9.48347		0.00000
	9.50354		0.00000
	9.52361		0.00000
	9.54368		0.00000
	9.56375		0.00000
	9.58383		0.00000
	9.60390		0.00000
	9.62397		0.00000
	9.64404		0.00000
	9.66411		0.00000
	9.68418		0.00000
	9.70425		0.00000
	9.72432		0.00000
	9.74439		0.00000
	9.76446		0.00000
	9.78453		0.00000
	9.80460		0.00000
	9.82467		0.00000
	9.84475		0.00000
	9.86482		0.00000
	9.88489		0.00000
	9.90496		0.00000
	9.92503		0.00000
	9.94510		0.00000
	9.96517		0.00000
	9.98524		0.00000
	10.0053		0.00000
	10.0254		0.00000
	10.0455		0.00000
	10.0655		0.00000
	10.0856		0.00000
	10.1057		0.00000
	10.1257		0.00000
	10.1458		0.00000
	10.1659		0.00000
	10.1860		0.00000
	-1		-1
	-2		-2