         411
    2   25    2    3  0.19538240e+02  0.24846369e+02 -0.60465937e+01  0.30378159e+03
    2   23    4    5  0.11302123e+01 -0.23156443e+02  0.11416953e+03  0.89038048e+02
    2   23    6    7  0.18408028e+02  0.48002811e+02 -0.12021612e+03  0.90217377e+02
    1   13    0    0 -0.22464989e+02 -0.38451706e+02  0.20864853e+02  0.10570000e+00
    1  -13    0    0  0.23595201e+02  0.15295260e+02  0.93304688e+02  0.10570000e+00
    1   11    0    0  0.56072354e+00 -0.13617630e+02 -0.84170624e+02  0.50999998e-03
    1  -11    0    0  0.17847303e+02  0.61620441e+02 -0.36045494e+02  0.50999998e-03
    2   -2   51   51 -0.24825256e+01 -0.14315886e+01  0.28472370e+00  0.55999998e-02
    2   21   51   51  0.66146022e+00 -0.66755712e+00  0.81425560e+00  0.00000000e+00
    2   21   51   51  0.11284412e+00 -0.12166600e+00  0.19426866e+01  0.00000000e+00
    2   21   51   51 -0.72664952e+00  0.35631818e+00  0.11287285e+00  0.00000000e+00
    2   21   51   51 -0.12132846e+01 -0.13862884e+00  0.64822245e+01  0.00000000e+00
    2    2   51   51 -0.87098330e-01 -0.17324427e+00  0.70668072e-01  0.55999998e-02
    2    2   58   58  0.36495557e+01 -0.73652897e+01  0.82880411e+01  0.55999998e-02
    2   21   58   58  0.23490760e+00 -0.55826795e+00  0.16173358e+01  0.00000000e+00
    2   21   58   58  0.59331387e+00  0.26031549e+01  0.17713112e+01  0.00000000e+00
    2   21   58   58  0.78495450e-01 -0.12233107e+00  0.68161473e-01  0.00000000e+00
    2   21   58   58  0.12431704e+00  0.19548857e+00 -0.11572183e+02  0.00000000e+00
    2   21   58   58  0.43687469e+00 -0.20160186e+00 -0.11824560e+02  0.00000000e+00
    2   21   58   58  0.26381168e+01 -0.34718337e+01 -0.46374741e+02  0.00000000e+00
    2   21   58   58 -0.86590804e-01 -0.30970857e+00 -0.16267967e+01  0.00000000e+00
    2   21   58   58  0.16517977e+00  0.52066833e+00 -0.19957296e+01  0.00000000e+00
    2   21   58   58 -0.42709002e+01  0.28111598e+01 -0.10303283e+02  0.00000000e+00
    2   21   58   58 -0.22370346e+00 -0.12734073e+00 -0.15402281e+01  0.00000000e+00
    2   -3   58   58 -0.33012703e+00 -0.17668970e+00 -0.12896216e+02  0.19900000e+00
    2    3   82   82  0.74550366e+00  0.22669594e+01 -0.11368204e+03  0.19900000e+00
    2   21   82   82 -0.21134222e+00 -0.81889890e-01 -0.24464021e+01  0.00000000e+00
    2   21   82   82 -0.36056280e+00 -0.17687646e+00 -0.21671016e+01  0.00000000e+00
    2   21   82   82  0.50335813e+00 -0.12304134e+01 -0.40660557e+02  0.00000000e+00
    2 2101   82   82 -0.34702000e+00 -0.54470760e+00 -0.43786853e+03  0.57933331e+00
    2    3   90   90 -0.18407012e+01  0.18637952e+01  0.73181429e+01  0.00000000e+00
    2   -3   90   90  0.18407012e+01 -0.18637952e+01 -0.25560465e+01  0.00000000e+00
    2    1   97   97 -0.17644401e+01 -0.56901944e+00 -0.24435639e+00  0.00000000e+00
    2   -1   97   97  0.17644401e+01  0.56901944e+00 -0.53484602e+01  0.00000000e+00
    2    1  102  102 -0.20567404e+00 -0.15753872e+01 -0.21010509e+00  0.00000000e+00
    2   -1  102  102  0.20567404e+00  0.15753872e+01  0.59660425e+01  0.00000000e+00
    2 2103  108  108 -0.14887555e+00  0.14248030e+00  0.69132288e+03  0.77133328e+00
    2   21  108  108 -0.11365955e+01 -0.49284640e+00  0.43605831e+02  0.00000000e+00
    2   21  108  108 -0.59331387e+00 -0.26031549e+01  0.72112262e+00  0.00000000e+00
    2   21  108  108  0.67539737e-01 -0.14405334e+00  0.80054253e-01  0.00000000e+00
    2   21  108  108  0.16206586e+00 -0.34149442e-01 -0.13090137e+00  0.00000000e+00
    2   21  108  108 -0.25859413e+01 -0.33627687e+01 -0.18993883e+02  0.00000000e+00
    2   21  108  108 -0.11061648e+02 -0.10030169e+02 -0.55285320e+02  0.00000000e+00
    2   21  108  108 -0.40657463e+01 -0.59533137e+00 -0.16637203e+02  0.00000000e+00
    2   21  108  108  0.81168249e-01 -0.23527068e+00 -0.89707837e-01  0.00000000e+00
    2    2  108  108  0.13900024e+00  0.65477300e+00  0.10666741e+00  0.55999998e-02
    2   21  131  131  0.21285610e+01 -0.96450549e+00 -0.12914455e+01  0.00000000e+00
    2   21  131  131 -0.21285610e+01  0.96450549e+00  0.15101042e+02  0.00000000e+00
    2   21  141  141 -0.14508307e+01 -0.12847765e+00  0.52964214e+02  0.00000000e+00
    2   21  141  141  0.14508307e+01  0.12847765e+00 -0.36845894e+02  0.00000000e+00
    2   92   52   57 -0.37352538e+01 -0.21763668e+01  0.97074308e+01  0.86355495e+01
    2  221  159  161 -0.80582070e+00 -0.12772357e+01  0.85968161e+00  0.54750001e+00
    1-2212    0    0 -0.39845359e+00 -0.18744478e+00 -0.28154469e+00  0.93830001e+00
    1 2212    0    0 -0.12567594e+01 -0.21684027e+00  0.64517856e+00  0.93830001e+00
    2  111  162  163 -0.52594995e+00 -0.46889600e+00  0.57446718e+00  0.13500001e+00
    2 -213  164  165 -0.11209842e+00  0.69486573e-01  0.47767506e+01  0.80699837e+00
    2  213  166  167 -0.63617158e+00 -0.95436491e-01  0.31328979e+01  0.89775747e+00
    2   92   59   81  0.30094395e+01 -0.62025914e+01 -0.86388885e+02  0.77777664e+02
    1  211    0    0  0.13427008e+01 -0.26062658e+01  0.30216877e+01  0.13959999e+00
    2  311  168  168  0.40764526e+00 -0.21195003e+00  0.51881242e+00  0.49770001e+00
    2 -313  169  170  0.11182569e+01 -0.16883652e+01  0.26147256e+01  0.82680744e+00
    2 -213  171  172 -0.10183442e+00 -0.47228408e+00  0.77066433e+00  0.76131308e+00
    2  213  173  174  0.88673675e+00 -0.84632939e+00  0.11933347e+01  0.11022177e+01
    1 -211    0    0 -0.18196012e+00 -0.49367240e+00  0.10575020e+01  0.13959999e+00
    2  323  175  176  0.18539359e+00  0.28427398e+00  0.68860364e+00  0.88390887e+00
    1 -321    0    0  0.90151668e+00 -0.61134267e+00  0.95534205e+00  0.49360001e+00
    1  211    0    0 -0.13798623e+00  0.43877777e+00  0.25701129e+00  0.13959999e+00
    1 2112    0    0  0.66577101e+00  0.28948170e+00 -0.88070399e+00  0.93959999e+00
    1-2212    0    0 -0.47853556e+00  0.29844052e+00 -0.12891874e+01  0.93830001e+00
    2  323  177  178 -0.38174641e+00  0.15966283e+00 -0.24305027e+01  0.90328294e+00
    2 -323  179  180  0.68835557e+00 -0.14367788e+00 -0.61069512e+01  0.81600565e+00
    2  221  181  183  0.27491635e+00  0.20284052e+00 -0.87451458e+01  0.54750001e+00
    1  211    0    0  0.11579485e+01 -0.22874067e+01 -0.31742264e+02  0.13959999e+00
    2  311  184  184  0.75824469e+00 -0.85745949e+00 -0.87357492e+01  0.49770001e+00
    1 -321    0    0 -0.36013183e+00  0.37428829e+00 -0.48698983e+01  0.49360001e+00
    1  321    0    0  0.23628737e+00 -0.47319981e+00 -0.47992659e+01  0.49360001e+00
    2 3322  185  186 -0.35570526e+00  0.61233449e+00 -0.25788193e+01  0.13149000e+01
    2-3212  187  188 -0.17342371e+01  0.64074337e+00 -0.66727114e+01  0.11926000e+01
    2 -213  189  190 -0.14601166e+01  0.14058664e+01 -0.60593095e+01  0.68749446e+00
    2  213  191  192 -0.37675244e+00  0.15691012e+00 -0.94519520e+01  0.91518497e+00
    2  311  193  193 -0.45328639e-01 -0.37425721e+00 -0.31041012e+01  0.49770001e+00
    2   92   83   89  0.32993677e+00  0.23307204e+00 -0.59682465e+03  0.10651698e+02
    1 -321    0    0  0.34642014e+00  0.13582803e+01 -0.57536453e+02  0.49360001e+00
    2  111  194  195 -0.22437094e-01  0.35515699e+00 -0.29233303e+02  0.13500001e+00
    1  211    0    0  0.29584134e+00  0.22412711e+00 -0.42484713e+01  0.13959999e+00
    2  113  196  197 -0.63742548e-02 -0.19909430e+00 -0.20716032e+02  0.76558536e+00
    1 -211    0    0  0.12700388e+00 -0.35441807e-02 -0.40301620e+02  0.13959999e+00
    2  223  198  200 -0.50310060e-01 -0.10083643e+01 -0.20915148e+02  0.75687313e+00
    1 2212    0    0 -0.36020714e+00 -0.49348956e+00 -0.42387360e+03  0.93830001e+00
    2   92   91   96  0.00000000e+00  0.00000000e+00  0.47620964e+01  0.10393816e+02
    2 -313  201  202 -0.58042550e+00  0.63733709e+00  0.31947005e+01  0.89394814e+00
    1 -211    0    0 -0.35475734e+00  0.21957833e+00 -0.16065042e+00  0.13959999e+00
    2  323  203  204 -0.72124936e-02  0.54061729e+00  0.17406511e+01  0.81076276e+00
    2 -313  205  206  0.15946677e+00 -0.66047955e+00 -0.38343780e-01  0.87225807e+00
    2 -213  207  208 -0.44858670e+00  0.62688202e+00  0.16363863e+01  0.70860994e+00
    1  321    0    0  0.12315153e+01 -0.13639352e+01 -0.16106471e+01  0.49360001e+00
    2   92   98  101  0.00000000e+00  0.00000000e+00 -0.55928164e+01  0.50428748e+01
    1 -211    0    0 -0.78326690e+00 -0.37968913e+00 -0.38600278e+00  0.13959999e+00
    2  213  209  210 -0.80133951e+00  0.40485406e+00 -0.19952333e+00  0.79269451e+00
    2  111  211  212  0.29410553e+00 -0.14981756e+00 -0.61370862e+00  0.13500001e+00
    2  223  213  215  0.12905009e+01  0.12465262e+00 -0.43935819e+01  0.76472420e+00
    2   92  103  107  0.00000000e+00  0.00000000e+00  0.57559376e+01  0.52291427e+01
    2 -213  216  217  0.30341426e-01 -0.80026239e-02  0.13941473e+00  0.74790990e+00
    2  213  218  219  0.20280991e+00 -0.31684929e+00  0.90099144e+00  0.79093164e+00
    2 -213  220  221 -0.98886512e-01 -0.54532015e+00  0.56220156e+00  0.82238573e+00
    1  211    0    0 -0.48269165e+00  0.48339233e-01  0.34247407e+00  0.13959999e+00
    2  113  222  223  0.34842682e+00  0.82183284e+00  0.38108559e+01  0.86568820e+00
    2   92  109  130 -0.19142347e+02 -0.16700491e+02  0.64469952e+03  0.52673993e+03
    2  331  224  225 -0.31828788e+00 -0.28879259e-01  0.30639532e+03  0.95759463e+00
    2 2214  226  227 -0.17091548e+00  0.41215912e+00  0.18134865e+03  0.12281277e+01
    1 -211    0    0 -0.21337096e+00 -0.78557378e+00  0.66059822e+02  0.13959999e+00
    2  331  228  229 -0.59956498e-01  0.38622740e+00  0.13099792e+03  0.95781225e+00
    2  223  230  232  0.33040482e+00  0.16450146e+00  0.18928904e+02  0.78479451e+00
    2  221  233  235 -0.24549142e+00 -0.13222420e+00  0.19283197e+02  0.54750001e+00
    2  113  236  237 -0.32288766e+00 -0.14266454e+00  0.10670929e+02  0.72956729e+00
    2  111  238  239 -0.62115288e+00 -0.17956005e+01  0.10359015e+01  0.13500001e+00
    2  213  240  241  0.15887353e+00 -0.12029245e+00  0.69275177e+00  0.76900363e+00
    1 -211    0    0  0.12893344e+00  0.46391614e-01 -0.11724535e+00  0.13959999e+00
    2  213  242  243 -0.66157222e+00 -0.12031867e+00 -0.27802687e+01  0.92537868e+00
    2  111  244  245 -0.49866670e+00 -0.26722581e+01 -0.25359402e+01  0.13500001e+00
    2  113  246  247 -0.49806209e+01 -0.47304673e+01 -0.26734175e+02  0.81701642e+00
    1 -211    0    0 -0.12273804e+01 -0.30985761e+00 -0.48824930e+01  0.13959999e+00
    2 -313  248  249 -0.28246355e+01 -0.28250186e+01 -0.16902178e+02  0.89466429e+00
    2  311  250  250 -0.17557780e+01 -0.17156659e+01 -0.10652614e+02  0.49770001e+00
    2-2114  251  252 -0.16921530e+01 -0.92987555e+00 -0.78336420e+01  0.12249888e+01
    2 2214  253  254 -0.24333186e+01 -0.18534211e+01 -0.10909353e+02  0.12117262e+01
    2 -213  255  256 -0.93599880e+00 -0.12221253e+00 -0.38374243e+01  0.97767270e+00
    2  113  257  258 -0.76206547e+00  0.73393363e+00 -0.18387768e+01  0.10223405e+01
    1  211    0    0 -0.16266888e+00 -0.15386631e+00 -0.33147329e+00  0.13959999e+00
    2  223  259  261  0.12636223e+00 -0.55055213e-02 -0.13583282e+01  0.78175670e+00
    2   92  132  140  0.00000000e+00  0.00000000e+00  0.13809596e+02  0.11468465e+02
    1 -211    0    0 -0.79316360e+00  0.24428114e+00  0.46131530e+01  0.13959999e+00
    2  113  262  263 -0.30535904e+00 -0.15252879e+00  0.24335117e+01  0.57161868e+00
    1  211    0    0 -0.22026351e+00  0.44651905e+00  0.72053212e+00  0.13959999e+00
    2  313  264  265 -0.12834707e+00 -0.90234041e-01  0.38922803e+01  0.10082972e+01
    1 -321    0    0 -0.38574028e+00  0.73624663e-01  0.16868111e+01  0.49360001e+00
    2  323  266  267  0.66993225e+00  0.29340930e-01  0.70507574e+00  0.95219034e+00
    2 -323  268  269  0.14431622e+01 -0.82960689e+00 -0.57296562e+00  0.92617905e+00
    1  211    0    0 -0.13503614e+00  0.21710680e+00  0.70387549e-02  0.13959999e+00
    2  111  270  271 -0.14518487e+00  0.61497144e-01  0.32415950e+00  0.13500001e+00
    2   92  142  158  0.00000000e+00  0.00000000e+00  0.16118320e+02  0.88401489e+02
    2  331  272  274 -0.70734853e+00  0.86514942e-01 -0.30510149e+01  0.95836711e+00
    2  113  275  276  0.74551374e+00 -0.93517542e-01  0.66860813e+00  0.87463605e+00
    2  223  277  278 -0.37139601e+00  0.12721571e+00  0.48620519e+00  0.78128511e+00
    2  221  279  281 -0.90886220e-01  0.59690247e-02  0.11176066e+01  0.54750001e+00
    1  211    0    0 -0.49295121e+00 -0.27733743e+00  0.28253324e+01  0.13959999e+00
    2 -213  282  283  0.41200882e+00  0.29818064e+00  0.78310447e+01  0.85314947e+00
    2  213  284  285 -0.66296601e+00  0.36033589e-01  0.92667618e+01  0.96779156e+00
    2  111  286  287  0.21580642e+00 -0.42132854e-01  0.88119942e+00  0.13500001e+00
    2 -213  288  289 -0.57515484e+00  0.10795248e+00  0.28336853e+02  0.88690424e+00
    2  221  290  292 -0.52397922e-01 -0.28998443e+00 -0.15921714e+01  0.54750001e+00
    2  213  293  294  0.86032256e-01 -0.63731536e-01 -0.91060656e+00  0.48154864e+00
    2 -213  295  296  0.15886268e+00 -0.38100131e-01 -0.55007129e+01  0.69966000e+00
    1 2212    0    0  0.24402221e+00  0.14529544e+00 -0.44689755e+01  0.93830001e+00
    1  211    0    0  0.48864394e+00  0.44582254e+00 -0.10788389e+02  0.13959999e+00
    2-2224  297  298 -0.33853960e+00 -0.10347863e+00 -0.36369028e+01  0.12198563e+01
    2  113  299  300  0.79094344e+00 -0.39250079e+00 -0.54019437e+01  0.58878148e+00
    2  221  301  302  0.14980686e+00  0.47798950e-01  0.55425081e-01  0.54750001e+00
    1 -211    0    0 -0.42502713e+00 -0.55629349e+00  0.56052005e+00  0.13959999e+00
    1  211    0    0 -0.18458691e+00 -0.29628819e+00  0.15380770e+00  0.13959999e+00
    2  111  303  304 -0.19620663e+00 -0.42465404e+00  0.14535378e+00  0.13500001e+00
    1   22    0    0 -0.10359311e+00 -0.16687860e+00  0.12937161e+00  0.00000000e+00
    1   22    0    0 -0.42235690e+00 -0.30201745e+00  0.44509563e+00  0.00000000e+00
    1 -211    0    0 -0.30538782e+00 -0.25055185e+00  0.23175387e+01  0.13959999e+00
    2  111  305  307  0.19328941e+00  0.32003841e+00  0.24592113e+01  0.13500001e+00
    1  211    0    0 -0.14793885e+00  0.14137977e+00  0.23317988e+01  0.13959999e+00
    2  111  308  309 -0.48823270e+00 -0.23681626e+00  0.80109900e+00  0.13500001e+00
    1  130    0    0  0.40764526e+00 -0.21195003e+00  0.51881242e+00  0.49770001e+00
    1 -321    0    0  0.94717366e+00 -0.13382001e+01  0.17392095e+01  0.49360001e+00
    1  211    0    0  0.17108326e+00 -0.35016492e+00  0.87551600e+00  0.13959999e+00
    1 -211    0    0 -0.67190684e-01 -0.45966712e+00  0.92653006e-01  0.13959999e+00
    2  111  310  311 -0.34643732e-01 -0.12616888e-01  0.67801124e+00  0.13500001e+00
    1  211    0    0 -0.21198481e+00 -0.17111376e-01  0.27619553e+00  0.13959999e+00
    2  111  312  313  0.10987215e+01 -0.82921797e+00  0.91713911e+00  0.13500001e+00
    1  321    0    0  0.11597306e-01  0.39374286e+00  0.27319980e+00  0.49360001e+00
    2  111  314  315  0.17379627e+00 -0.10946894e+00  0.41540378e+00  0.13500001e+00
    2  311  316  316 -0.11527415e+00  0.35495925e+00 -0.17358985e+01  0.49770001e+00
    1  211    0    0 -0.26647228e+00 -0.19529644e+00 -0.69460404e+00  0.13959999e+00
    2 -311  317  317  0.66590405e+00  0.18047683e-01 -0.41477675e+01  0.49770001e+00
    1 -211    0    0  0.22451550e-01 -0.16172555e+00 -0.19591836e+01  0.13959999e+00
    1  211    0    0 -0.60867816e-02  0.43116592e-01 -0.20548604e+01  0.13959999e+00
    1 -211    0    0  0.20043600e+00  0.13562152e+00 -0.24994955e+01  0.13959999e+00
    2  111  318  319  0.80567174e-01  0.24102420e-01 -0.41907902e+01  0.13500001e+00
    1  130    0    0  0.75824469e+00 -0.85745949e+00 -0.87357492e+01  0.49770001e+00
    2 3122  320  321 -0.22232258e+00  0.52443242e+00 -0.19526496e+01  0.11156000e+01
    2  111  322  323 -0.13338268e+00  0.87902039e-01 -0.62616962e+00  0.13500001e+00
    2-3122  324  325 -0.16895678e+01  0.57185096e+00 -0.62257700e+01  0.11156000e+01
    1   22    0    0 -0.44669293e-01  0.68892375e-01 -0.44694138e+00  0.00000000e+00
    1 -211    0    0 -0.80928057e+00  0.78997672e+00 -0.42847233e+01  0.13959999e+00
    2  111  326  327 -0.65083611e+00  0.61588979e+00 -0.17745867e+01  0.13500001e+00
    1  211    0    0 -0.17909412e+00 -0.12813601e+00 -0.73236573e+00  0.13959999e+00
    2  111  328  329 -0.19765827e+00  0.28504610e+00 -0.87195845e+01  0.13500001e+00
    1  130    0    0 -0.45328639e-01 -0.37425721e+00 -0.31041012e+01  0.49770001e+00
    1   22    0    0  0.47937334e-01  0.12543571e+00 -0.13108867e+02  0.00000000e+00
    1   22    0    0 -0.70374429e-01  0.22972126e+00 -0.16124435e+02  0.00000000e+00
    1 -211    0    0  0.24171615e+00 -0.28916091e-01 -0.16390606e+02  0.13959999e+00
    1  211    0    0 -0.24809040e+00 -0.17017820e+00 -0.43254256e+01  0.13959999e+00
    1  211    0    0 -0.11893980e+00 -0.57423019e+00 -0.10873691e+02  0.13959999e+00
    1 -211    0    0 -0.61774179e-01 -0.29227108e-01 -0.47508254e+01  0.13959999e+00
    2  111  330  331  0.13040392e+00 -0.40490705e+00 -0.52906322e+01  0.13500001e+00
    2 -311  332  332 -0.60385597e+00  0.24032481e+00  0.19908502e+01  0.49770001e+00
    2  111  333  334  0.23430467e-01  0.39701226e+00  0.12038500e+01  0.13500001e+00
    1  321    0    0 -0.10851977e+00  0.40657371e+00  0.16263103e+01  0.49360001e+00
    2  111  335  336  0.10130728e+00  0.13404354e+00  0.11434095e+00  0.13500001e+00
    1 -321    0    0  0.17853266e+00 -0.33790973e+00  0.22834848e+00  0.49360001e+00
    1  211    0    0 -0.19065883e-01 -0.32256982e+00 -0.26669225e+00  0.13959999e+00
    1 -211    0    0  0.89574188e-01  0.42564642e+00  0.72221565e+00  0.13959999e+00
    2  111  337  338 -0.53816092e+00  0.20123564e+00  0.91417080e+00  0.13500001e+00
    1  211    0    0  0.55750787e-01 -0.52768737e-01  0.10051788e+00  0.13959999e+00
    2  111  339  341 -0.85709023e+00  0.45762280e+00 -0.30004120e+00  0.13500001e+00
    1   22    0    0  0.22169419e-01 -0.62080190e-01 -0.16671452e+00  0.00000000e+00
    1   22    0    0  0.27193609e+00 -0.87737367e-01 -0.44699410e+00  0.00000000e+00
    1  211    0    0  0.91846436e+00  0.18229064e+00 -0.31224864e+01  0.13959999e+00
    1 -211    0    0  0.29799598e+00 -0.10534655e-01 -0.53717220e+00  0.13959999e+00
    2  111  342  343  0.74040487e-01 -0.47103368e-01 -0.73392338e+00  0.13500001e+00
    1 -211    0    0  0.36651649e-01 -0.32271400e+00  0.21077132e+00  0.13959999e+00
    2  111  344  345 -0.63102227e-02  0.31471136e+00 -0.71356587e-01  0.13500001e+00
    1  211    0    0 -0.13447335e+00 -0.63811243e-03  0.71405095e+00  0.13959999e+00
    2  111  346  347  0.33728325e+00 -0.31621116e+00  0.18694040e+00  0.13500001e+00
    1 -211    0    0  0.10850030e+00 -0.47500437e+00  0.68725526e+00  0.13959999e+00
    2  111  348  349 -0.20738682e+00 -0.70315801e-01 -0.12505367e+00  0.13500001e+00
    1  211    0    0  0.22508651e+00  0.89700723e+00  0.35909469e+01  0.13959999e+00
    1 -211    0    0  0.12334032e+00 -0.75174406e-01  0.21990907e+00  0.13959999e+00
    1   22    0    0  0.52933775e-01  0.80345944e-01  0.17340380e+02  0.00000000e+00
    2  113  350  351 -0.37122163e+00 -0.10922520e+00  0.28905493e+03  0.81080163e+00
    1 2212    0    0  0.90145588e-01  0.28407833e+00  0.13285492e+03  0.93830001e+00
    2  111  352  353 -0.26106107e+00  0.12808080e+00  0.48493732e+02  0.13500001e+00
    1   22    0    0 -0.23241075e-01 -0.53236566e-01  0.64876080e+00  0.00000000e+00
    2  113  354  355 -0.36715418e-01  0.43946394e+00  0.13034915e+03  0.44019306e+00
    1  211    0    0  0.29208881e+00  0.28145757e+00  0.63344240e+01  0.13959999e+00
    1 -211    0    0  0.43253690e-01 -0.66416584e-01  0.10037141e+02  0.13959999e+00
    2  111  356  357 -0.49376749e-02 -0.50539538e-01  0.25573392e+01  0.13500001e+00
    1 -211    0    0 -0.20224541e+00 -0.51119506e-01  0.56910295e+01  0.13959999e+00
    1  211    0    0 -0.20152666e-01  0.40970050e-01  0.44818664e+01  0.13959999e+00
    2  111  358  359 -0.23093365e-01 -0.12207475e+00  0.91103029e+01  0.13500001e+00
    1  211    0    0  0.16824702e-01  0.58452882e-01  0.51339090e+00  0.13959999e+00
    1 -211    0    0 -0.33971235e+00 -0.20111741e+00  0.10157537e+02  0.13959999e+00
    1   22    0    0 -0.39330694e+00 -0.96078479e+00  0.52545404e+00  0.00000000e+00
    1   22    0    0 -0.22784591e+00 -0.83481568e+00  0.51044738e+00  0.00000000e+00
    1  211    0    0 -0.22510204e+00 -0.21141884e+00  0.47503024e+00  0.13959999e+00
    2  111  360  361  0.38397554e+00  0.91126412e-01  0.21772142e+00  0.13500001e+00
    1  211    0    0 -0.55778003e+00 -0.27983859e+00 -0.26750662e+01  0.13959999e+00
    2  111  362  363 -0.10379215e+00  0.15951993e+00 -0.10520211e+00  0.13500001e+00
    1   22    0    0 -0.32996857e+00 -0.15332353e+01 -0.15316178e+01  0.00000000e+00
    1   22    0    0 -0.16869813e+00 -0.11390227e+01 -0.10043224e+01  0.00000000e+00
    1  211    0    0 -0.29001868e+00 -0.16182452e+00 -0.11268277e+01  0.13959999e+00
    1 -211    0    0 -0.46906023e+01 -0.45686426e+01 -0.25607346e+02  0.13959999e+00
    1 -321    0    0 -0.13015716e+01 -0.16785280e+01 -0.92617903e+01  0.49360001e+00
    1  211    0    0 -0.15230639e+01 -0.11464908e+01 -0.76403885e+01  0.13959999e+00
    2  310  364  365 -0.17557780e+01 -0.17156659e+01 -0.10652614e+02  0.49770001e+00
    1-2112    0    0 -0.11383542e+01 -0.76443744e+00 -0.51323209e+01  0.93959999e+00
    2  111  366  367 -0.55379879e+00 -0.16543815e+00 -0.27013209e+01  0.13500001e+00
    1 2112    0    0 -0.16373657e+01 -0.11167045e+01 -0.70404215e+01  0.93959999e+00
    1  211    0    0 -0.79595286e+00 -0.73671657e+00 -0.38689318e+01  0.13959999e+00
    1 -211    0    0  0.15850604e+00  0.87946914e-02 -0.32990688e+00  0.13959999e+00
    2  111  368  369 -0.10945048e+01 -0.13100722e+00 -0.35075173e+01  0.13500001e+00
    1  211    0    0 -0.66040617e+00  0.96752298e+00 -0.14393373e+01  0.13959999e+00
    1 -211    0    0 -0.10165933e+00 -0.23358937e+00 -0.39943951e+00  0.13959999e+00
    1 -211    0    0  0.25961566e+00  0.18196659e+00 -0.50807846e+00  0.13959999e+00
    1  211    0    0 -0.11607266e+00 -0.13716529e+00 -0.24241248e+00  0.13959999e+00
    2  111  370  371 -0.17180759e-01 -0.50306823e-01 -0.60783720e+00  0.13500001e+00
    1 -211    0    0 -0.25079268e+00 -0.14066462e+00  0.57106650e+00  0.13959999e+00
    1  211    0    0 -0.54566368e-01 -0.11864185e-01  0.18624455e+01  0.13959999e+00
    2  311  372  372 -0.67813188e-01  0.12768656e-01  0.37760293e+01  0.49770001e+00
    2  111  373  374 -0.60533889e-01 -0.10300270e+00  0.11625117e+00  0.13500001e+00
    1  321    0    0  0.26797056e-01  0.97719491e-01  0.30053487e+00  0.49360001e+00
    2  111  375  376  0.64313519e+00 -0.68378560e-01  0.40454093e+00  0.13500001e+00
    1 -321    0    0  0.92149395e+00 -0.54465115e+00 -0.39817899e-01  0.49360001e+00
    2  111  377  378  0.52166820e+00 -0.28495574e+00 -0.53314769e+00  0.13500001e+00
    1   22    0    0 -0.11339319e+00  0.63886501e-01  0.11602437e+00  0.00000000e+00
    1   22    0    0 -0.31791680e-01 -0.23893565e-02  0.20813516e+00  0.00000000e+00
    1 -211    0    0 -0.91035783e-01 -0.16374838e-01 -0.40069652e+00  0.13959999e+00
    1  211    0    0  0.48181415e-01  0.78923991e-02 -0.56590527e+00  0.13959999e+00
    2  221  379  381 -0.66449416e+00  0.94997384e-01 -0.20844133e+01  0.54750001e+00
    1  211    0    0  0.70628440e+00 -0.27939665e+00  0.75671035e+00  0.13959999e+00
    1 -211    0    0  0.39229378e-01  0.18587910e+00 -0.88102147e-01  0.13959999e+00
    1   22    0    0  0.11430277e+00 -0.14969531e+00  0.36782908e+00  0.00000000e+00
    2  111  382  383 -0.48569879e+00  0.27691102e+00  0.11837615e+00  0.13500001e+00
    1 -211    0    0  0.65168113e-01  0.35077356e-01  0.31411949e+00  0.13959999e+00
    1  211    0    0  0.57987459e-02 -0.76875659e-02  0.13298714e+00  0.13959999e+00
    2  111  384  385 -0.16185309e+00 -0.21420768e-01  0.67050004e+00  0.13500001e+00
    1 -211    0    0  0.15821029e+00  0.55362713e+00  0.40274653e+01  0.13959999e+00
    2  111  386  387  0.25379851e+00 -0.25544649e+00  0.38035798e+01  0.13500001e+00
    1  211    0    0 -0.36657304e+00  0.37019482e+00  0.72804980e+01  0.13959999e+00
    2  111  388  389 -0.29639298e+00 -0.33416125e+00  0.19862630e+01  0.13500001e+00
    1   22    0    0  0.99512905e-01 -0.34864727e-01  0.65817761e+00  0.00000000e+00
    1   22    0    0  0.11629352e+00 -0.72681289e-02  0.22302184e+00  0.00000000e+00
    1 -211    0    0 -0.59619009e+00  0.40030181e+00  0.17943459e+02  0.13959999e+00
    2  111  390  391  0.21035254e-01 -0.29234934e+00  0.10393394e+02  0.13500001e+00
    2  111  392  393 -0.12593122e+00 -0.39390929e-01 -0.61039817e+00  0.13500001e+00
    2  111  394  395 -0.58858968e-01 -0.64211681e-01 -0.38511115e+00  0.13500001e+00
    2  111  396  397  0.13239226e+00 -0.18638182e+00 -0.59666204e+00  0.13500001e+00
    1  211    0    0  0.29066654e-01  0.11876713e+00 -0.14631253e+00  0.13959999e+00
    2  111  398  399  0.56965593e-01 -0.18249866e+00 -0.76429391e+00  0.13500001e+00
    1 -211    0    0  0.26636237e+00 -0.26360965e+00 -0.40121326e+01  0.13959999e+00
    2  111  400  401 -0.10749971e+00  0.22550952e+00 -0.14885799e+01  0.13500001e+00
    1-2212    0    0 -0.37388986e+00 -0.27045113e+00 -0.28790128e+01  0.93830001e+00
    1 -211    0    0  0.35350285e-01  0.16697249e+00 -0.75788987e+00  0.13959999e+00
    1  211    0    0  0.48644480e+00 -0.33594474e-01 -0.36750827e+01  0.13959999e+00
    1 -211    0    0  0.30449858e+00 -0.35890627e+00 -0.17268605e+01  0.13959999e+00
    1   22    0    0  0.16128547e+00  0.28555831e+00  0.63952044e-01  0.00000000e+00
    1   22    0    0 -0.11478610e-01 -0.23775935e+00 -0.85269660e-02  0.00000000e+00
    1   22    0    0 -0.10271733e+00 -0.88402793e-01  0.18537257e-01  0.00000000e+00
    1   22    0    0 -0.93489304e-01 -0.33625123e+00  0.12681653e+00  0.00000000e+00
    1   22    0    0  0.75990766e-01  0.57265669e-01  0.94807225e+00  0.00000000e+00
    1  -11    0    0  0.35212100e-01  0.77722684e-01  0.44789311e+00  0.50999998e-03
    1   11    0    0  0.82086504e-01  0.18504998e+00  0.10632457e+01  0.50999998e-03
    1   22    0    0 -0.44343448e+00 -0.17969893e+00  0.62999040e+00  0.00000000e+00
    1   22    0    0 -0.44798218e-01 -0.57117335e-01  0.17110865e+00  0.00000000e+00
    1   22    0    0 -0.30469976e-01  0.59026919e-01  0.27168182e+00  0.00000000e+00
    1   22    0    0 -0.41737556e-02 -0.71643807e-01  0.40632936e+00  0.00000000e+00
    1   22    0    0  0.74299604e-01 -0.37127625e-01  0.92670344e-01  0.00000000e+00
    1   22    0    0  0.10244218e+01 -0.79209036e+00  0.82446873e+00  0.00000000e+00
    1   22    0    0  0.56566015e-01 -0.11525574e+00  0.21322384e+00  0.00000000e+00
    1   22    0    0  0.11723024e+00  0.57868138e-02  0.20217992e+00  0.00000000e+00
    2  310  402  403 -0.11527415e+00  0.35495925e+00 -0.17358985e+01  0.49770001e+00
    1  130    0    0  0.66590405e+00  0.18047683e-01 -0.41477675e+01  0.49770001e+00
    1   22    0    0  0.18608594e-01 -0.41609187e-01 -0.54631424e+00  0.00000000e+00
    1   22    0    0  0.61958585e-01  0.65711603e-01 -0.36444759e+01  0.00000000e+00
    1 2212    0    0 -0.20820765e+00  0.54172301e+00 -0.18049067e+01  0.93830001e+00
    1 -211    0    0 -0.14114893e-01 -0.17290637e-01 -0.14774263e+00  0.13959999e+00
    1   22    0    0 -0.13530068e-02  0.96969679e-03 -0.27568799e+00  0.00000000e+00
    1   22    0    0 -0.13202968e+00  0.86932346e-01 -0.35048169e+00  0.00000000e+00
    1-2212    0    0 -0.13836095e+01  0.55919319e+00 -0.50605316e+01  0.93830001e+00
    1  211    0    0 -0.30595800e+00  0.12657739e-01 -0.11652377e+01  0.13959999e+00
    1   22    0    0 -0.10182273e-01  0.98283328e-02 -0.89853957e-01  0.00000000e+00
    1   22    0    0 -0.64065379e+00  0.60606146e+00 -0.16847327e+01  0.00000000e+00
    1   22    0    0 -0.87039024e-02 -0.64600515e-03 -0.31367801e-01  0.00000000e+00
    1   22    0    0 -0.18895438e+00  0.28569213e+00 -0.86882172e+01  0.00000000e+00
    1   22    0    0  0.10091648e-01  0.25830641e-02 -0.46646541e+00  0.00000000e+00
    1   22    0    0  0.12031227e+00 -0.40749007e+00 -0.48241668e+01  0.00000000e+00
    2  310  404  405 -0.60385597e+00  0.24032481e+00  0.19908502e+01  0.49770001e+00
    1   22    0    0  0.79345495e-01  0.26392269e+00  0.79846239e+00  0.00000000e+00
    1   22    0    0 -0.55915028e-01  0.13308959e+00  0.40538767e+00  0.00000000e+00
    1   22    0    0  0.13274840e+00  0.86818509e-01  0.88617653e-01  0.00000000e+00
    1   22    0    0 -0.31441133e-01  0.47225028e-01  0.25723282e-01  0.00000000e+00
    1   22    0    0 -0.39945868e+00  0.17937493e+00  0.77671480e+00  0.00000000e+00
    1   22    0    0 -0.13870227e+00  0.21860713e-01  0.13745603e+00  0.00000000e+00
    1   22    0    0 -0.11562924e+00  0.41618053e-01 -0.82745254e-01  0.00000000e+00
    1   11    0    0 -0.44501269e+00  0.24143347e+00 -0.13128549e+00  0.50999998e-03
    1  -11    0    0 -0.29644838e+00  0.17457131e+00 -0.86010471e-01  0.50999998e-03
    1   22    0    0  0.49122330e-01 -0.65950103e-01 -0.19605039e+00  0.00000000e+00
    1   22    0    0  0.24918156e-01  0.18846739e-01 -0.53787297e+00  0.00000000e+00
    1   22    0    0  0.60822960e-01  0.19015592e+00 -0.26359610e-01  0.00000000e+00
    1   22    0    0 -0.67133181e-01  0.12455542e+00 -0.44996973e-01  0.00000000e+00
    1   22    0    0  0.10856646e+00 -0.35601616e-01  0.78911796e-01  0.00000000e+00
    1   22    0    0  0.22871678e+00 -0.28060955e+00  0.10802858e+00  0.00000000e+00
    1   22    0    0 -0.12345234e+00 -0.50865963e-01  0.79179928e-03  0.00000000e+00
    1   22    0    0 -0.83934471e-01 -0.19449839e-01 -0.12584546e+00  0.00000000e+00
    1 -211    0    0  0.53750366e-01 -0.33722538e+00  0.15880556e+03  0.13959999e+00
    1  211    0    0 -0.42497200e+00  0.22800018e+00  0.13024939e+03  0.13959999e+00
    1   22    0    0 -0.37542433e-01  0.32445993e-01  0.30016596e+01  0.00000000e+00
    1   22    0    0 -0.22351862e+00  0.95634803e-01  0.45492069e+02  0.00000000e+00
    1 -211    0    0 -0.16306826e+00  0.32609034e+00  0.69960144e+02  0.13959999e+00
    1  211    0    0  0.12635285e+00  0.11337361e+00  0.60389015e+02  0.13959999e+00
    1   22    0    0 -0.46671171e-01 -0.79848066e-01  0.15196191e+01  0.00000000e+00
    1   22    0    0  0.41733496e-01  0.29308533e-01  0.10377198e+01  0.00000000e+00
    1   22    0    0 -0.61566632e-01 -0.70849620e-02  0.28648024e+01  0.00000000e+00
    1   22    0    0  0.38473267e-01 -0.11498979e+00  0.62455006e+01  0.00000000e+00
    1   22    0    0  0.13612035e+00 -0.32635536e-01  0.77396527e-01  0.00000000e+00
    1   22    0    0  0.24785519e+00  0.12376195e+00  0.14032491e+00  0.00000000e+00
    1   22    0    0 -0.61057854e-01  0.10267012e+00 -0.13374057e+00  0.00000000e+00
    1   22    0    0 -0.42734299e-01  0.56849811e-01  0.28538477e-01  0.00000000e+00
    1  211    0    0 -0.83120298e+00 -0.66581219e+00 -0.53890667e+01  0.13959999e+00
    1 -211    0    0 -0.92457491e+00 -0.10498536e+01 -0.52635465e+01  0.13959999e+00
    1   22    0    0 -0.23152240e+00 -0.72908178e-02 -0.11959318e+01  0.00000000e+00
    1   22    0    0 -0.32227635e+00 -0.15814734e+00 -0.15053891e+01  0.00000000e+00
    1   22    0    0 -0.65237373e+00 -0.14305177e+00 -0.20624697e+01  0.00000000e+00
    1   22    0    0 -0.44213110e+00  0.12044545e-01 -0.14450476e+01  0.00000000e+00
    1   22    0    0  0.25653861e-01  0.31115312e-01 -0.85467085e-01  0.00000000e+00
    1   22    0    0 -0.42834621e-01 -0.81422135e-01 -0.52237010e+00  0.00000000e+00
    1  130    0    0 -0.67813188e-01  0.12768656e-01  0.37760293e+01  0.49770001e+00
    1   22    0    0  0.10695789e-01 -0.86623155e-01  0.13358414e-01  0.00000000e+00
    1   22    0    0 -0.71229674e-01 -0.16379539e-01  0.10289276e+00  0.00000000e+00
    1   22    0    0  0.63222963e+00 -0.63323185e-01  0.41488680e+00  0.00000000e+00
    1   22    0    0  0.10905538e-01 -0.50553745e-02 -0.10345921e-01  0.00000000e+00
    1   22    0    0  0.10743281e+00 -0.70566952e-01 -0.49035445e-01  0.00000000e+00
    1   22    0    0  0.41423535e+00 -0.21438879e+00 -0.48411226e+00  0.00000000e+00
    2  111  406  407 -0.41847411e+00  0.31866200e-01 -0.12108350e+01  0.13500001e+00
    2  111  408  409 -0.54577664e-01 -0.36072738e-01 -0.45207369e+00  0.13500001e+00
    2  111  410  411 -0.19144243e+00  0.99203929e-01 -0.42150474e+00  0.13500001e+00
    1   22    0    0 -0.12964304e+00  0.11765007e+00 -0.13210051e-01  0.00000000e+00
    1   22    0    0 -0.35605574e+00  0.15926096e+00  0.13158619e+00  0.00000000e+00
    1   22    0    0 -0.76802045e-01 -0.66370726e-01  0.21681556e+00  0.00000000e+00
    1   22    0    0 -0.85051045e-01  0.44949960e-01  0.45368448e+00  0.00000000e+00
    1   22    0    0  0.41614715e-01 -0.13166466e+00  0.14916643e+01  0.00000000e+00
    1   22    0    0  0.21218382e+00 -0.12378184e+00  0.23119156e+01  0.00000000e+00
    1   22    0    0 -0.23486614e+00 -0.32985044e+00  0.17169389e+01  0.00000000e+00
    1   22    0    0 -0.61526846e-01 -0.43108463e-02  0.26932427e+00  0.00000000e+00
    1   22    0    0  0.30363131e-01 -0.12112865e+00  0.65437236e+01  0.00000000e+00
    1   22    0    0 -0.93278764e-02 -0.17122069e+00  0.38496709e+01  0.00000000e+00
    1   22    0    0 -0.64551845e-01  0.43496061e-01 -0.17594749e+00  0.00000000e+00
    1   22    0    0 -0.61379373e-01 -0.82886994e-01 -0.43445072e+00  0.00000000e+00
    1   22    0    0  0.20019051e-01  0.63746199e-02 -0.35471357e-02  0.00000000e+00
    1   22    0    0 -0.78878023e-01 -0.70586301e-01 -0.38156402e+00  0.00000000e+00
    1   22    0    0  0.85770851e-02  0.21672482e-01 -0.47895871e-01  0.00000000e+00
    1   22    0    0  0.12381517e+00 -0.20805430e+00 -0.54876620e+00  0.00000000e+00
    1   22    0    0  0.76668024e-01 -0.18297887e+00 -0.74766558e+00  0.00000000e+00
    1   22    0    0 -0.19702435e-01  0.48020110e-03 -0.16628269e-01  0.00000000e+00
    1   22    0    0 -0.84948696e-01  0.16198775e+00 -0.13379973e+01  0.00000000e+00
    1   22    0    0 -0.22551011e-01  0.63521773e-01 -0.15058267e+00  0.00000000e+00
    1 -211    0    0 -0.17130530e+00  0.11896621e+00 -0.13137789e+01  0.13959999e+00
    1  211    0    0  0.56031149e-01  0.23599304e+00 -0.42211950e+00  0.13959999e+00
    1 -211    0    0 -0.49140501e+00  0.21513861e+00  0.98223191e+00  0.13959999e+00
    1  211    0    0 -0.11245090e+00  0.25186181e-01  0.10086182e+01  0.13959999e+00
    1   22    0    0 -0.37725320e+00  0.49148191e-01 -0.11605642e+01  0.00000000e+00
    1   22    0    0 -0.41220885e-01 -0.17281990e-01 -0.50270841e-01  0.00000000e+00
    1   22    0    0 -0.95925368e-02  0.42840481e-01 -0.26198569e+00  0.00000000e+00
    1   22    0    0 -0.44985130e-01 -0.78913219e-01 -0.19008802e+00  0.00000000e+00
    1   22    0    0 -0.20752785e+00  0.80715276e-01 -0.40676939e+00  0.00000000e+00
    1   22    0    0  0.16085410e-01  0.18488655e-01 -0.14735345e-01  0.00000000e+00
         281
    2   25    2    3 -0.38788685e+02  0.56758366e+02  0.37199829e+03  0.29970563e+03
    2   23    4    5 -0.76688789e+02 -0.51514370e+02  0.70661171e+02  0.90678490e+02
    2   23    6    7  0.37900108e+02  0.10827272e+03  0.30133713e+03  0.91444672e+02
    1   11    0    0 -0.35037724e+02 -0.74105598e+02  0.42024319e+02  0.50999998e-03
    1  -11    0    0 -0.41651081e+02  0.22591228e+02  0.28636854e+02  0.50999998e-03
    1   11    0    0  0.43651142e+02  0.58341856e+01  0.95054100e+02  0.50999998e-03
    1  -11    0    0 -0.57510338e+01  0.10243854e+03  0.20628302e+03  0.50999998e-03
    2 2101   36   36  0.48570320e+00 -0.18252555e+00  0.42739960e+03  0.57933331e+00
    2   21   36   36 -0.21073213e+01 -0.46825180e+01  0.46771286e+02  0.00000000e+00
    2   21   36   36  0.64631076e+01 -0.43175821e+01  0.55581346e+01  0.00000000e+00
    2   21   36   36  0.79345355e+01 -0.94112406e+01  0.14930843e+02  0.00000000e+00
    2   21   36   36  0.14397410e+01 -0.96099091e+00  0.13965563e+01  0.00000000e+00
    2   21   36   36  0.13796278e+01 -0.16660649e+01  0.38120571e+00  0.00000000e+00
    2   21   36   36  0.51253104e+01  0.18961005e+01 -0.26113472e+01  0.00000000e+00
    2   21   36   36  0.47832532e+01 -0.95984440e+01 -0.82181966e+00  0.00000000e+00
    2   21   36   36  0.14642161e+02 -0.34674370e+02 -0.11342762e+01  0.00000000e+00
    2   21   36   36 -0.45165142e+00 -0.55700028e+00  0.87797455e-01  0.00000000e+00
    2   21   36   36  0.41902546e-01 -0.62131830e-01  0.13061762e+00  0.00000000e+00
    2   21   36   36 -0.83743179e+00 -0.48883364e+00 -0.10762419e+00  0.00000000e+00
    2   21   36   36  0.13202742e+01 -0.93532749e-01 -0.82503586e+01  0.00000000e+00
    2   21   36   36  0.20894508e+01  0.21721227e+01 -0.49961552e+02  0.00000000e+00
    2   21   36   36 -0.13706659e+00  0.16146072e+01 -0.24619696e+02  0.00000000e+00
    2   21   36   36 -0.40800489e-01  0.27735075e+00 -0.37324661e+00  0.00000000e+00
    2   21   36   36 -0.11987943e-01  0.11744563e+00 -0.15019013e+00  0.00000000e+00
    2   21   36   36 -0.48221876e-02  0.20954113e-01  0.47427926e-01  0.00000000e+00
    2   21   36   36  0.11395608e+01  0.95680982e+00 -0.26797426e+02  0.00000000e+00
    2    2   36   36 -0.55523872e+00 -0.52268445e+00  0.28763893e+00  0.55999998e-02
    2    2   85   85 -0.46395159e+00 -0.22145268e+00  0.12426339e+01  0.55999998e-02
    2   21   85   85 -0.27452559e+01 -0.34393749e+01  0.18415006e+01  0.00000000e+00
    2   21   85   85 -0.43974584e-02 -0.97174013e+00  0.33163962e+00  0.00000000e+00
    2   21   85   85 -0.37285098e+00  0.38878900e+00  0.41543350e+01  0.00000000e+00
    2   21   85   85 -0.49403268e+00  0.74467406e+01  0.33887421e+02  0.00000000e+00
    2 2101   85   85  0.17084795e+00  0.20119110e+00 -0.66028198e+03  0.57933331e+00
    2   21  107  107 -0.13218033e+01 -0.91309756e+00 -0.76327357e+01  0.00000000e+00
    2   21  107  107  0.13218033e+01  0.91309756e+00 -0.12770474e+03  0.00000000e+00
    2   92   37   84  0.42698307e+02 -0.60162529e+02  0.38216357e+03  0.55214569e+03
    1 2112    0    0  0.27544296e+00  0.15768570e+00  0.20904825e+03  0.93959999e+00
    2  213  114  115  0.19970268e+00 -0.30144534e+00  0.16155620e+03  0.62811553e+00
    2 -213  116  117  0.54165818e-01 -0.13751221e-01  0.41473419e+02  0.99513817e+00
    1  211    0    0 -0.60207349e+00 -0.76332736e+00  0.13427646e+02  0.13959999e+00
    2  331  118  119 -0.37467605e+00 -0.17943465e+01  0.18625505e+02  0.95783585e+00
    1 -211    0    0 -0.13102627e+00  0.17985451e+00  0.38405428e+01  0.13959999e+00
    1  211    0    0 -0.57940489e+00 -0.37664610e+00  0.72669644e+01  0.13959999e+00
    1 -211    0    0  0.17452517e+00 -0.11261261e+01  0.65300646e+01  0.13959999e+00
    2  113  120  121  0.22365627e+00 -0.34317482e+00  0.36552854e+01  0.75294077e+00
    2  111  122  123 -0.16194460e+00 -0.86468168e-01  0.36187646e+01  0.13500001e+00
    1  211    0    0 -0.43255966e-01 -0.18696013e+00  0.55146551e+00  0.13959999e+00
    2  113  124  125  0.25742260e+00 -0.84495372e+00  0.32665341e+01  0.83827710e+00
    1-2212    0    0  0.47334561e+00  0.17081229e+00  0.11884232e+01  0.93830001e+00
    1 2112    0    0  0.24833930e+01 -0.16832703e+01  0.30849545e+01  0.93959999e+00
    2  213  126  127  0.64917475e+00 -0.14521512e+01  0.20068088e+01  0.49577826e+00
    2 -323  128  129  0.20268896e+01 -0.23970575e+01  0.40310435e+01  0.83054411e+00
    2  311  130  130  0.52652760e+01 -0.43328762e+01  0.54268813e+01  0.49770001e+00
    2  213  131  132  0.22766056e+01 -0.26377347e+01  0.47344556e+01  0.86158347e+00
    1-2212    0    0  0.14279242e+01 -0.17623793e+01  0.19231342e+01  0.93830001e+00
    1 2112    0    0  0.15560459e+01 -0.22449940e+00 -0.11977528e+00  0.93959999e+00
    1  211    0    0 -0.89613244e-01  0.75042676e-02  0.48803228e+00  0.13959999e+00
    2  223  133  135  0.22631001e+01  0.27164075e+00 -0.19335957e+00  0.79356897e+00
    1 -211    0    0  0.36158675e+00 -0.11776174e+01 -0.11074029e+00  0.13959999e+00
    2  213  136  137  0.23342264e+01  0.41905382e+00 -0.98568606e+00  0.84440988e+00
    1 -211    0    0  0.16593636e+01 -0.26010368e+01 -0.59342647e+00  0.13959999e+00
    2-2214  138  139  0.13479950e+01 -0.15348326e+01 -0.32651016e+00  0.13228093e+01
    2 2224  140  141  0.65418949e+01 -0.15828154e+02 -0.47009635e+00  0.13482418e+01
    2  221  142  143  0.29262218e+01 -0.47286787e+01 -0.53677827e+00  0.54750001e+00
    2  221  144  146  0.23274262e+01 -0.68333354e+01 -0.33479744e+00  0.54750001e+00
    2  223  147  149  0.35405495e+01 -0.91335783e+01 -0.64097218e-01  0.78360820e+00
    1-2212    0    0  0.98546666e+00 -0.22104075e+01 -0.20315696e+00  0.93830001e+00
    1 2212    0    0 -0.27106124e+00 -0.73282701e+00  0.43336695e+00  0.93830001e+00
    2 -213  150  151 -0.39381629e+00 -0.62968028e+00 -0.22485580e+01  0.81770819e+00
    2  223  152  154  0.49144527e+00 -0.18982796e+00 -0.12298237e+01  0.71769726e+00
    2  223  155  157 -0.24442706e+00  0.24788095e-01 -0.31514196e+01  0.78217977e+00
    2  111  158  159  0.15472808e+01  0.13182130e+01 -0.24158785e+02  0.13500001e+00
    2  113  160  161  0.50196952e+00  0.26731136e+00 -0.11839139e+02  0.89459306e+00
    2  221  162  164  0.61081503e-01  0.29317781e+00 -0.34796796e+01  0.54750001e+00
    2  111  165  166  0.18113567e+00 -0.29671416e+00 -0.17869318e+01  0.13500001e+00
    2 -313  167  168  0.15458654e+00  0.14424775e+01 -0.22070684e+02  0.90029514e+00
    1  321    0    0  0.46830887e+00  0.64867723e+00 -0.90629654e+01  0.49360001e+00
    1 -321    0    0  0.21110734e+00  0.35982755e+00 -0.67190423e+01  0.49360001e+00
    2  313  169  170 -0.18934581e+00  0.51623577e+00 -0.59455557e+01  0.88445270e+00
    2  113  171  172  0.17164426e+00  0.28219232e+00 -0.97086678e+01  0.72479057e+00
    2  213  173  174  0.10377861e+01 -0.17285077e+00 -0.50304852e+01  0.81528711e+00
    2 -323  175  176 -0.62674934e+00  0.13722376e-01 -0.16230460e+01  0.91335124e+00
    2  323  177  178  0.20495912e+00  0.18652706e+00 -0.14927809e+01  0.93574464e+00
    2  113  179  180 -0.25700772e+00 -0.32552040e+00 -0.52822739e+00  0.48736656e+00
    2   92   86  106 -0.39096408e+01  0.34041529e+01 -0.61882446e+03  0.34045166e+03
    2  113  181  182 -0.12344964e+01 -0.15993313e+01  0.11920009e+01  0.89560831e+00
    2  111  183  184 -0.54193473e+00 -0.27038300e+00  0.90099299e+00  0.13500001e+00
    2  213  185  186 -0.13129203e+01 -0.19371516e+01  0.85114551e+00  0.74189663e+00
    1 2112    0    0 -0.41772881e+00 -0.28167894e-01  0.41779418e+01  0.93959999e+00
    2  223  187  189  0.15095557e+00  0.12981141e+01  0.44355912e+01  0.87816018e+00
    1-2212    0    0 -0.53032186e-01  0.41331682e+00  0.25896833e+01  0.93830001e+00
    2 2224  190  191 -0.33245780e-01  0.69197381e+00  0.53567147e+01  0.12445635e+01
    2  223  192  194 -0.87735653e+00  0.12465861e+01  0.75365024e+01  0.78382903e+00
    2-2224  195  196  0.55532694e+00  0.13782918e+01  0.52925782e+01  0.12293053e+01
    2  223  197  199 -0.35003126e+00  0.51385667e-01  0.11406705e+01  0.77775091e+00
    1  211    0    0  0.38089284e+00  0.11117604e+01  0.53942676e+01  0.13959999e+00
    2 -213  200  201 -0.27059031e+00  0.29371256e+00  0.80102164e+00  0.71644431e+00
    2  113  202  203  0.76385863e-01  0.15239239e+00  0.85749710e+00  0.73309618e+00
    2  113  204  205 -0.44283297e-01  0.39558592e+00 -0.18365430e+01  0.42807612e+00
    2  323  206  207 -0.17970985e+00 -0.30101603e+00 -0.12052518e+01  0.86142594e+00
    2 -311  208  208 -0.22368699e-01  0.73426984e-01 -0.24367452e+01  0.49770001e+00
    2 2114  209  210  0.31121796e+00  0.60034138e+00 -0.29751916e+01  0.12159030e+01
    2  221  211  212 -0.16143917e+00 -0.43570590e+00 -0.77665911e+01  0.54750001e+00
    1-2112    0    0 -0.27870384e+00  0.31085299e-01 -0.38051548e+02  0.93959999e+00
    2 3122  213  214  0.89706711e-01  0.57036769e+00 -0.92424911e+02  0.11156000e+01
    2  311  215  215  0.30371356e+00 -0.33243194e+00 -0.51265442e+03  0.49770001e+00
    2   92  108  113  0.00000000e+00  0.00000000e+00 -0.13533748e+03  0.69306006e+01
    1 2112    0    0  0.35519326e+00  0.12201169e+00 -0.30370211e+02  0.93959999e+00
    1-2212    0    0 -0.18825777e+00 -0.37686929e+00 -0.13777378e+02  0.93830001e+00
    1  211    0    0 -0.17158167e+00  0.60542691e+00 -0.26161070e+02  0.13959999e+00
    2  113  216  217 -0.47789492e-01  0.21690406e-01 -0.21389153e+02  0.87973726e+00
    2  113  218  219 -0.18159941e+00 -0.50177068e+00 -0.88438091e+01  0.11328787e+01
    2  113  220  221  0.23403507e+00  0.12951100e+00 -0.34795860e+02  0.68873048e+00
    1  211    0    0  0.26103616e+00 -0.22108746e+00  0.45403881e+02  0.13959999e+00
    2  111  222  223 -0.61333463e-01 -0.80357879e-01  0.11615231e+03  0.13500001e+00
    1 -211    0    0 -0.23691779e+00 -0.69610596e-01  0.36602180e+02  0.13959999e+00
    2  111  224  225  0.29108360e+00  0.55859379e-01  0.48712363e+01  0.13500001e+00
    1   22    0    0 -0.18899152e+00 -0.15751173e+00  0.21297214e+01  0.00000000e+00
    2  223  226  228 -0.18568450e+00 -0.16368346e+01  0.16495783e+02  0.77838725e+00
    1  211    0    0  0.18184035e+00 -0.35473040e+00  0.35481498e+01  0.13959999e+00
    1 -211    0    0  0.41815951e-01  0.11555530e-01  0.10713592e+00  0.13959999e+00
    1   22    0    0 -0.17155413e+00 -0.79841152e-01  0.35886385e+01  0.00000000e+00
    1   22    0    0  0.96095446e-02 -0.66270167e-02  0.30126125e-01  0.00000000e+00
    1  211    0    0  0.46612322e-03 -0.24260432e+00  0.22597966e+01  0.13959999e+00
    1 -211    0    0  0.25695649e+00 -0.60234940e+00  0.10067376e+01  0.13959999e+00
    1  211    0    0  0.66326046e+00 -0.11595780e+01  0.16420740e+01  0.13959999e+00
    2  111  229  230 -0.14085799e-01 -0.29257306e+00  0.36473456e+00  0.13500001e+00
    2 -311  231  231  0.18914202e+01 -0.21999004e+01  0.34685597e+01  0.49770001e+00
    1 -211    0    0  0.13546924e+00 -0.19715716e+00  0.56248403e+00  0.13959999e+00
    2  310  232  233  0.52652760e+01 -0.43328762e+01  0.54268813e+01  0.49770001e+00
    1  211    0    0  0.60302323e+00 -0.24408543e+00  0.85986000e+00  0.13959999e+00
    2  111  234  235  0.16735823e+01 -0.23936491e+01  0.38745954e+01  0.13500001e+00
    1 -211    0    0  0.15638188e+01  0.70622563e-01 -0.24009903e+00  0.13959999e+00
    1  211    0    0  0.55790073e+00  0.19617711e+00  0.12573893e+00  0.13959999e+00
    2  111  236  237  0.14138059e+00  0.48410892e-02 -0.78999475e-01  0.13500001e+00
    1  211    0    0  0.15892372e+00 -0.24669923e-01  0.91960147e-01  0.13959999e+00
    2  111  238  239  0.21753030e+01  0.44372377e+00 -0.10776463e+01  0.13500001e+00
    1-2212    0    0  0.88059151e+00 -0.14471650e+01 -0.30709031e+00  0.93830001e+00
    2  111  240  242  0.46740365e+00 -0.87667823e-01 -0.19419909e-01  0.13500001e+00
    1 2212    0    0  0.51758332e+01 -0.11943376e+02 -0.59485149e+00  0.93830001e+00
    1  211    0    0  0.13660616e+01 -0.38847766e+01  0.12475518e+00  0.13959999e+00
    1   22    0    0  0.52823907e+00 -0.52674681e+00 -0.21669418e-02  0.00000000e+00
    1   22    0    0  0.23979828e+01 -0.42019320e+01 -0.53461134e+00  0.00000000e+00
    2  111  243  244  0.12620666e+01 -0.36386154e+01 -0.25497511e-01  0.13500001e+00
    2  111  245  246  0.66689354e+00 -0.19258493e+01 -0.20123827e+00  0.13500001e+00
    2  111  247  248  0.39846611e+00 -0.12688707e+01 -0.10806167e+00  0.13500001e+00
    1 -211    0    0  0.10650274e+01 -0.31662552e+01  0.17399763e+00  0.13959999e+00
    1  211    0    0  0.21162155e+01 -0.52065272e+01 -0.24268213e+00  0.13959999e+00
    2  111  249  250  0.35930654e+00 -0.76079583e+00  0.45872773e-02  0.13500001e+00
    1 -211    0    0 -0.17717707e+00 -0.28147057e+00 -0.20153457e+00  0.13959999e+00
    2  111  251  252 -0.21663918e+00 -0.34820965e+00 -0.20470233e+01  0.13500001e+00
    1  211    0    0  0.13776729e+00  0.13529733e-01 -0.41038430e+00  0.13959999e+00
    1 -211    0    0  0.63038081e-01 -0.15787682e+00 -0.67284465e+00  0.13959999e+00
    2  111  253  254  0.29063985e+00 -0.45480847e-01 -0.14659454e+00  0.13500001e+00
    1 -211    0    0 -0.64696416e-01  0.14088410e+00 -0.62166977e+00  0.13959999e+00
    1  211    0    0 -0.16181377e+00 -0.20679560e+00 -0.66262615e+00  0.13959999e+00
    2  111  255  256 -0.17916881e-01  0.90699598e-01 -0.18671240e+01  0.13500001e+00
    1   22    0    0  0.22189668e+00  0.14483929e+00 -0.35262706e+01  0.00000000e+00
    1   22    0    0  0.13253841e+01  0.11733737e+01 -0.20632513e+02  0.00000000e+00
    1 -211    0    0  0.70896387e+00  0.42484239e-01 -0.79635744e+01  0.13959999e+00
    1  211    0    0 -0.20699434e+00  0.22482711e+00 -0.38755641e+01  0.13959999e+00
    1  211    0    0  0.91621615e-01  0.20548759e+00 -0.13944298e+01  0.13959999e+00
    1 -211    0    0 -0.52526727e-01  0.11911549e+00 -0.15794086e+01  0.13959999e+00
    2  111  257  258  0.21986622e-01 -0.31425230e-01 -0.50584143e+00  0.13500001e+00
    1   22    0    0  0.80350719e-01 -0.28660037e-01 -0.35064930e+00  0.00000000e+00
    1   22    0    0  0.10078496e+00 -0.26805413e+00 -0.14362825e+01  0.00000000e+00
    1 -321    0    0  0.13352612e+00  0.48621836e+00 -0.71747546e+01  0.49360001e+00
    1  211    0    0  0.21060430e-01  0.95625919e+00 -0.14895931e+02  0.13959999e+00
    1  321    0    0  0.36241159e-01  0.25879318e+00 -0.21070709e+01  0.49360001e+00
    1 -211    0    0 -0.22558698e+00  0.25744259e+00 -0.38384852e+01  0.13959999e+00
    1  211    0    0 -0.53802609e-01  0.12364080e+00 -0.81490459e+01  0.13959999e+00
    1 -211    0    0  0.22544688e+00  0.15855151e+00 -0.15596225e+01  0.13959999e+00
    1  211    0    0  0.15590119e+00  0.16821909e+00 -0.21994071e+01  0.13959999e+00
    2  111  259  260  0.88188493e+00 -0.34106988e+00 -0.28310783e+01  0.13500001e+00
    2 -311  261  261 -0.49028185e+00 -0.27938795e+00 -0.11734914e+01  0.49770001e+00
    1 -211    0    0 -0.13646746e+00  0.29311034e+00 -0.44955459e+00  0.13959999e+00
    2  311  262  262  0.31756687e+00  0.22368468e-01 -0.14064000e+01  0.49770001e+00
    1  211    0    0 -0.11260775e+00  0.16415858e+00 -0.86380988e-01  0.13959999e+00
    1  211    0    0  0.48683047e-01  0.29065162e-01 -0.10783450e+00  0.13959999e+00
    1 -211    0    0 -0.30569077e+00 -0.35458556e+00 -0.42039293e+00  0.13959999e+00
    1  211    0    0  0.46731442e-01 -0.47625706e+00  0.22509272e+00  0.13959999e+00
    1 -211    0    0 -0.12812278e+01 -0.11230743e+01  0.96690822e+00  0.13959999e+00
    1   22    0    0 -0.47970286e+00 -0.27839303e+00  0.83924335e+00  0.00000000e+00
    1   22    0    0 -0.62231846e-01  0.80100372e-02  0.61749596e-01  0.00000000e+00
    1  211    0    0  0.35047024e-01 -0.27726609e+00  0.10667506e+00  0.13959999e+00
    2  111  263  264 -0.13479675e+01 -0.16598855e+01  0.74447048e+00  0.13500001e+00
    1 -211    0    0  0.30724925e+00  0.29032791e+00  0.14580457e+01  0.13959999e+00
    1  211    0    0 -0.62115543e-01  0.15006724e+00  0.32145339e+00  0.13959999e+00
    2  111  265  266 -0.94178148e-01  0.85771888e+00  0.26560922e+01  0.13500001e+00
    1 2212    0    0 -0.15730496e-01  0.37236276e+00  0.31265371e+01  0.93830001e+00
    1  211    0    0 -0.17515281e-01  0.31961107e+00  0.22301774e+01  0.13959999e+00
    1 -211    0    0 -0.34247249e-01  0.21564898e+00  0.10370485e+01  0.13959999e+00
    1  211    0    0 -0.45986629e+00  0.89171660e+00  0.49212313e+01  0.13959999e+00
    2  111  267  268 -0.38324305e+00  0.13922054e+00  0.15782231e+01  0.13500001e+00
    1-2212    0    0  0.62526393e+00  0.13621899e+01  0.47636108e+01  0.93830001e+00
    1 -211    0    0 -0.69936991e-01  0.16101956e-01  0.52896714e+00  0.13959999e+00
    1  211    0    0 -0.49567103e-01  0.22178528e+00  0.30424258e+00  0.13959999e+00
    1 -211    0    0 -0.33374456e+00 -0.10965851e+00  0.36545169e+00  0.13959999e+00
    2  111  269  270  0.33280402e-01 -0.60741104e-01  0.47097629e+00  0.13500001e+00
    1 -211    0    0 -0.90249926e-01  0.48498529e+00  0.59930718e+00  0.13959999e+00
    2  111  271  272 -0.18034039e+00 -0.19127271e+00  0.20171446e+00  0.13500001e+00
    1 -211    0    0  0.31085363e+00  0.14395136e+00  0.18177070e+00  0.13959999e+00
    1  211    0    0 -0.23446777e+00  0.84410533e-02  0.67572641e+00  0.13959999e+00
    1  211    0    0 -0.89451388e-01  0.24208829e-01 -0.34928125e+00  0.13959999e+00
    1 -211    0    0  0.45168087e-01  0.37137708e+00 -0.14872617e+01  0.13959999e+00
    2  311  273  273  0.41494928e-01  0.17588258e-01 -0.50956225e+00  0.49770001e+00
    1  211    0    0 -0.22120477e+00 -0.31860429e+00 -0.69568950e+00  0.13959999e+00
    2  310  274  275 -0.22368699e-01  0.73426984e-01 -0.24367452e+01  0.49770001e+00
    1 2212    0    0  0.40168422e+00  0.56973457e+00 -0.28285611e+01  0.93830001e+00
    1 -211    0    0 -0.90466261e-01  0.30606799e-01 -0.14663041e+00  0.13959999e+00
    1   22    0    0 -0.20285095e+00 -0.24511898e+00 -0.70465693e+01  0.00000000e+00
    1   22    0    0  0.41411784e-01 -0.19058691e+00 -0.72002172e+00  0.00000000e+00
    1 2212    0    0  0.20840339e-01  0.38807443e+00 -0.73403870e+02  0.93830001e+00
    1 -211    0    0  0.68866372e-01  0.18229327e+00 -0.19021038e+02  0.13959999e+00
    1  130    0    0  0.30371356e+00 -0.33243194e+00 -0.51265442e+03  0.49770001e+00
    1  211    0    0 -0.39681975e-01  0.22246712e+00 -0.19566095e+02  0.13959999e+00
    1 -211    0    0 -0.81075244e-02 -0.20077671e+00 -0.18230586e+01  0.13959999e+00
    1 -211    0    0 -0.50010502e+00 -0.46744642e+00 -0.78011012e+01  0.13959999e+00
    1  211    0    0  0.31850559e+00 -0.34324247e-01 -0.10427074e+01  0.13959999e+00
    1  211    0    0  0.24603629e+00  0.35976243e+00 -0.18780502e+02  0.13959999e+00
    1 -211    0    0 -0.12001224e-01 -0.23025143e+00 -0.16015356e+02  0.13959999e+00
    1   22    0    0 -0.93265906e-01 -0.48181377e-01  0.10101965e+03  0.00000000e+00
    1   22    0    0  0.31932451e-01 -0.32176502e-01  0.15132648e+02  0.00000000e+00
    1   22    0    0  0.23594819e+00  0.96489623e-01  0.35831766e+01  0.00000000e+00
    1   22    0    0  0.55135410e-01 -0.40630244e-01  0.12880595e+01  0.00000000e+00
    1  211    0    0 -0.13836588e+00 -0.57486284e+00  0.42439799e+01  0.13959999e+00
    1 -211    0    0 -0.14420071e+00 -0.34837562e+00  0.61678200e+01  0.13959999e+00
    2  111  276  277  0.96882053e-01 -0.71359628e+00  0.60839849e+01  0.13500001e+00
    1   22    0    0 -0.18841324e-01 -0.22117667e+00  0.34900826e+00  0.00000000e+00
    1   22    0    0  0.47555240e-02 -0.71396388e-01  0.15726320e-01  0.00000000e+00
    1  130    0    0  0.18914202e+01 -0.21999004e+01  0.34685597e+01  0.49770001e+00
    1 -211    0    0  0.29802856e+01 -0.22283113e+01  0.28174312e+01  0.13959999e+00
    1  211    0    0  0.22849901e+01 -0.21045644e+01  0.26094499e+01  0.13959999e+00
    1   22    0    0  0.15269976e+01 -0.21112761e+01  0.34445794e+01  0.00000000e+00
    1   22    0    0  0.14658487e+00 -0.28237298e+00  0.43001607e+00  0.00000000e+00
    1   22    0    0  0.10798589e+00  0.64270027e-01 -0.37716057e-01  0.00000000e+00
    1   22    0    0  0.33394702e-01 -0.59428934e-01 -0.41283417e-01  0.00000000e+00
    1   22    0    0  0.18971473e+01  0.43188098e+00 -0.93472230e+00  0.00000000e+00
    1   22    0    0  0.27815574e+00  0.11842787e-01 -0.14292392e+00  0.00000000e+00
    1   22    0    0  0.14522603e+00 -0.49813092e-02 -0.64232647e-01  0.00000000e+00
    1   11    0    0  0.21419953e+00 -0.57948638e-01  0.34956697e-01  0.50999998e-03
    1  -11    0    0  0.10797805e+00 -0.24737865e-01  0.98560471e-02  0.50999998e-03
    1   22    0    0  0.89733899e+00 -0.26233699e+01 -0.77802546e-01  0.00000000e+00
    1   22    0    0  0.36472762e+00 -0.10152452e+01  0.52305032e-01  0.00000000e+00
    1   22    0    0  0.14396720e+00 -0.35587764e+00 -0.87434247e-01  0.00000000e+00
    1   22    0    0  0.52292633e+00 -0.15699717e+01 -0.11380403e+00  0.00000000e+00
    1   22    0    0  0.39604741e+00 -0.11356404e+01 -0.11139192e+00  0.00000000e+00
    1   22    0    0  0.24186932e-02 -0.13323030e+00  0.33302596e-02  0.00000000e+00
    1   22    0    0  0.23139253e-01 -0.80080658e-01 -0.38312331e-01  0.00000000e+00
    1   22    0    0  0.33616728e+00 -0.68071508e+00  0.42899609e-01  0.00000000e+00
    1   22    0    0 -0.14057273e+00 -0.11377235e+00 -0.72172314e+00  0.00000000e+00
    1   22    0    0 -0.76066457e-01 -0.23443730e+00 -0.13253002e+01  0.00000000e+00
    1   22    0    0  0.24506089e+00 -0.10456903e-01 -0.61914958e-01  0.00000000e+00
    1   22    0    0  0.45578945e-01 -0.35023943e-01 -0.84679574e-01  0.00000000e+00
    1   22    0    0  0.16220845e-04 -0.15516587e-01 -0.10466164e+01  0.00000000e+00
    1   22    0    0 -0.17933102e-01  0.10621619e+00 -0.82050759e+00  0.00000000e+00
    1   22    0    0  0.31282797e-01 -0.81709869e-01 -0.35712025e+00  0.00000000e+00
    1   22    0    0 -0.92961732e-02  0.50284639e-01 -0.14872116e+00  0.00000000e+00
    1   22    0    0  0.27460128e+00 -0.16958950e+00 -0.88408399e+00  0.00000000e+00
    1   22    0    0  0.60728365e+00 -0.17148039e+00 -0.19469944e+01  0.00000000e+00
    1  130    0    0 -0.49028185e+00 -0.27938795e+00 -0.11734914e+01  0.49770001e+00
    1  130    0    0  0.31756687e+00  0.22368468e-01 -0.14064000e+01  0.49770001e+00
    1   22    0    0 -0.13274746e+01 -0.15987654e+01  0.71985871e+00  0.00000000e+00
    1   22    0    0 -0.20492829e-01 -0.61120078e-01  0.24611739e-01  0.00000000e+00
    1   22    0    0 -0.25996860e-01  0.26112226e+00  0.10192146e+01  0.00000000e+00
    1   22    0    0 -0.68181291e-01  0.59659660e+00  0.16368775e+01  0.00000000e+00
    1   22    0    0 -0.56165677e-01  0.72462305e-01  0.25628680e+00  0.00000000e+00
    1   22    0    0 -0.32707736e+00  0.66758223e-01  0.13219362e+01  0.00000000e+00
    1   22    0    0 -0.45394484e-01 -0.21222722e-01  0.82837217e-01  0.00000000e+00
    1   22    0    0  0.78674890e-01 -0.39518386e-01  0.38813910e+00  0.00000000e+00
    1   22    0    0 -0.13908482e+00 -0.19842787e+00  0.13059059e+00  0.00000000e+00
    1   22    0    0 -0.41255571e-01  0.71551614e-02  0.71123861e-01  0.00000000e+00
    1  130    0    0  0.41494928e-01  0.17588258e-01 -0.50956225e+00  0.49770001e+00
    2  111  278  279  0.44763453e-01  0.21693882e+00 -0.17932104e+01  0.13500001e+00
    2  111  280  281 -0.67132153e-01 -0.14351183e+00 -0.64353466e+00  0.13500001e+00
    1   22    0    0  0.12255216e+00 -0.46857163e+00  0.42406788e+01  0.00000000e+00
    1   22    0    0 -0.25670115e-01 -0.24502462e+00  0.18433053e+01  0.00000000e+00
    1   22    0    0  0.81326328e-02  0.17741503e+00 -0.16375283e+01  0.00000000e+00
    1   22    0    0  0.36630820e-01  0.39523788e-01 -0.15568215e+00  0.00000000e+00
    1   22    0    0 -0.17954875e-01  0.24108613e-01 -0.58036458e-01  0.00000000e+00
    1   22    0    0 -0.49177285e-01 -0.16762045e+00 -0.58549827e+00  0.00000000e+00
         326
    2   25    2    3  0.41438408e+02  0.14557352e+02 -0.14048491e+02  0.28458023e+03
    2   23    4    5 -0.46209373e+02  0.91588821e+02  0.17647835e+02  0.92447227e+02
    2   23    6    7  0.87647781e+02 -0.77031471e+02 -0.31696327e+02  0.87191383e+02
    1   13    0    0  0.10370345e+02  0.41394424e+02  0.41884537e+02  0.10570000e+00
    1  -13    0    0 -0.56579723e+02  0.50194420e+02 -0.24236698e+02  0.10570000e+00
    1   11    0    0  0.66831177e+02 -0.33942914e+01 -0.27768253e+02  0.50999998e-03
    1  -11    0    0  0.20816608e+02 -0.73637177e+02 -0.39280732e+01  0.50999998e-03
    2    2   34   34 -0.71108060e+01  0.14566184e+01  0.22808779e+02  0.55999998e-02
    2   21   34   34 -0.18810297e+01  0.16388229e+01  0.91655064e+01  0.00000000e+00
    2   21   34   34 -0.61637654e+01  0.39791441e+01  0.26933565e+02  0.00000000e+00
    2   21   34   34 -0.69973426e+01  0.37425354e+01  0.27603138e+02  0.00000000e+00
    2   21   34   34 -0.13199933e+02  0.54352593e+01  0.44799198e+02  0.00000000e+00
    2   21   34   34 -0.16915086e+00  0.34760669e+00  0.10103340e+02  0.00000000e+00
    2   21   34   34 -0.14391123e+01 -0.22032247e+00 -0.21317600e+02  0.00000000e+00
    2 2101   34   34  0.17409255e+00 -0.21291969e-01 -0.55086456e+03  0.57933331e+00
    2    3   59   59 -0.61325729e+00  0.18470528e+01 -0.39895196e+01  0.00000000e+00
    2   21   59   59  0.14391123e+01  0.22032247e+00  0.25952251e+02  0.00000000e+00
    2   -3   59   59  0.61325729e+00 -0.18470528e+01  0.13582983e+02  0.00000000e+00
    2 2101   70   70  0.32395923e+00  0.25666359e+00  0.53615656e+03  0.57933331e+00
    2   21   70   70 -0.15227619e+01  0.54397371e-01  0.38746700e+02  0.00000000e+00
    2   21   70   70 -0.14995421e+00 -0.26981854e+00  0.79972345e+00  0.00000000e+00
    2   21   70   70 -0.84305400e+00 -0.25279527e+01  0.10104793e+02  0.00000000e+00
    2   21   70   70 -0.36814457e+00  0.10394955e+00  0.29598224e+01  0.00000000e+00
    2   21   70   70 -0.17633410e+00 -0.48724639e+00  0.26058824e+01  0.00000000e+00
    2   21   70   70  0.25736117e-02  0.28950627e+01  0.44561954e+02  0.00000000e+00
    2   21   70   70 -0.95671046e+00  0.20214338e+01  0.34076393e+02  0.00000000e+00
    2   21   70   70  0.11764596e+02 -0.14580537e+02 -0.32612015e+02  0.00000000e+00
    2   21   70   70  0.39286840e+01 -0.53908911e+01 -0.93192339e+01  0.00000000e+00
    2   21   70   70  0.78865781e+01 -0.96656160e+01 -0.10694677e+02  0.00000000e+00
    2   21   70   70  0.75945604e+00 -0.84174627e+00 -0.17217987e+01  0.00000000e+00
    2   21   70   70  0.77119696e+00 -0.19251760e+01 -0.10005461e+01  0.00000000e+00
    2   21   70   70 -0.28015524e+02 -0.11956046e+01 -0.18040230e+03  0.00000000e+00
    2    2   70   70  0.50496191e+00  0.41702172e+00 -0.24989708e+02  0.55999998e-02
    2   92   35   58 -0.36787048e+02  0.16358372e+02 -0.43076865e+03  0.57480469e+03
    2  323  112  113 -0.49290743e+01  0.24374750e+01  0.18801435e+02  0.89566958e+00
    2 3322  114  115 -0.64341292e+01  0.34679275e+01  0.25288445e+02  0.13149000e+01
    1  321    0    0 -0.76996989e+01  0.26784744e+01  0.26400232e+02  0.49360001e+00
    2-3224  116  117 -0.46863966e+01  0.22057505e+01  0.17954533e+02  0.13658290e+01
    2  221  118  119 -0.40311294e+01  0.19123808e+01  0.16239162e+02  0.54750001e+00
    2 -313  120  121 -0.43060822e+01  0.22962837e+01  0.16751940e+02  0.91629928e+00
    2  113  122  123 -0.21221604e+01  0.82904750e+00  0.10456110e+02  0.96900457e+00
    1 -211    0    0 -0.71399033e+00  0.44747451e+00  0.18689886e+01  0.13959999e+00
    1  211    0    0 -0.67922479e+00  0.19668864e+00  0.32637978e+01  0.13959999e+00
    1 2112    0    0  0.14117671e-01  0.23368967e+00  0.24250169e+01  0.93959999e+00
    1 -211    0    0  0.18886009e+00 -0.26079533e+00 -0.28592691e+00  0.13959999e+00
    2-2114  124  125  0.94134368e-01 -0.46292496e+00  0.71708316e+00  0.13580405e+01
    2  213  126  127 -0.15038444e-01  0.46724507e+00 -0.40085700e+00  0.93637139e+00
    1 -211    0    0 -0.51298213e+00  0.10653985e+00 -0.11979393e+01  0.13959999e+00
    2  213  128  129  0.19174059e+00  0.30409923e+00 -0.66043788e+00  0.44958362e+00
    2  221  130  131 -0.51977402e+00 -0.25283831e+00 -0.82875509e+01  0.54750001e+00
    2 -213  132  133  0.21035807e+00 -0.24310401e+00 -0.76653104e+01  0.68721831e+00
    1  211    0    0 -0.14391299e+00  0.61576851e-02 -0.45478663e+00  0.13959999e+00
    2  311  134  134 -0.41194418e+00  0.21298569e+00 -0.40379262e+01  0.49770001e+00
    2 -323  135  136  0.46218705e+00 -0.13160247e-01 -0.16436102e+02  0.92755502e+00
    2 3212  137  138  0.26328048e-01 -0.33102626e+00 -0.25353889e+02  0.11926000e+01
    2-3212  139  140 -0.43017650e+00  0.87195158e-01 -0.67074966e+02  0.11926000e+01
    2  213  141  142 -0.56359255e+00 -0.97283155e-01 -0.63400448e+02  0.74333543e+00
    1 2112    0    0  0.22453530e+00  0.13008809e+00 -0.37567917e+03  0.93959999e+00
    2   92   60   69  0.14391123e+01  0.22032247e+00  0.35545715e+02  0.26152042e+02
    2 -311  143  143  0.24636053e+00  0.80416781e+00 -0.13087701e+01  0.49770001e+00
    2 -213  144  145 -0.46715793e+00  0.37862208e+00 -0.13609464e+01  0.99066472e+00
    2  113  146  147 -0.49340013e+00  0.38124898e+00 -0.40823966e+00  0.76850492e+00
    1  211    0    0  0.23648372e+00 -0.76929885e-02  0.14349578e+00  0.13959999e+00
    2  221  148  149 -0.48298340e-01  0.12194949e-01  0.48521988e-01  0.54750001e+00
    2  113  150  151  0.60911554e+00  0.93871631e-01  0.99327192e+01  0.71365458e+00
    2 -213  152  153  0.24638759e+00  0.67802534e-01  0.27052319e+01  0.79553854e+00
    2  111  154  155  0.41040052e-01 -0.94815767e+00  0.65773239e+01  0.13500001e+00
    2  213  156  157  0.53838879e+00  0.32270947e+00  0.70561552e+01  0.81596082e+00
    2  311  158  158  0.53019249e+00 -0.88444436e+00  0.12160224e+02  0.49770001e+00
    2   92   71  111 -0.60904775e+01 -0.31136059e+02  0.40927155e+03  0.85464911e+03
    2  223  159  161  0.79515898e+00 -0.27576205e+00  0.32981046e+03  0.76945823e+00
    1 2112    0    0 -0.75234270e+00  0.36816642e+00  0.17541595e+03  0.93959999e+00
    2  113  162  163 -0.38099223e+00  0.30231598e+00  0.34283569e+02  0.49320701e+00
    1  211    0    0 -0.64505205e-01  0.33822302e-01  0.33588643e+01  0.13959999e+00
    2 -213  164  165 -0.23362136e+00 -0.14298709e+00  0.13607329e+02  0.76187265e+00
    2  213  166  167 -0.65153199e+00 -0.94378179e+00  0.93435078e+01  0.57681608e+00
    2-3222  168  169 -0.48454326e-01 -0.61692196e+00  0.11497869e+02  0.11894000e+01
    2 3322  170  171 -0.10193458e+01 -0.98182422e+00  0.81353731e+01  0.13149000e+01
    2  313  172  173  0.25482866e+00  0.95916474e+00  0.15540339e+02  0.82665676e+00
    2  111  174  175 -0.11632512e+00 -0.38842503e-01  0.63832760e+01  0.13500001e+00
    1  211    0    0  0.18610407e+00 -0.29942505e-01  0.16905839e+01  0.13959999e+00
    2 -323  176  177 -0.98785299e+00  0.97554016e+00  0.19930580e+02  0.95813388e+00
    2  333  178  179 -0.20591909e+00  0.74108356e+00  0.10084447e+02  0.10248526e+01
    2  311  180  180 -0.12961921e-01  0.85354024e+00  0.14248921e+02  0.49770001e+00
    2  213  181  182  0.47789223e-01 -0.26385936e+00  0.18492206e+01  0.66975856e+00
    2  223  183  185 -0.65710343e-01  0.30790129e+00  0.21805565e+01  0.78227329e+00
    2 -323  186  187 -0.20481806e+00  0.24165303e+00  0.35406852e+01  0.87079328e+00
    2  313  188  189  0.20785101e+00  0.18129598e+00  0.65572000e+01  0.88840193e+00
    1  211    0    0  0.37066418e+00 -0.10937537e+00 -0.46078855e+00  0.13959999e+00
    1 -211    0    0 -0.35174221e+00 -0.23613321e-01  0.16317688e+01  0.13959999e+00
    2  213  190  191 -0.48426622e+00 -0.21517088e+00  0.21306841e+00  0.72649771e+00
    1 -211    0    0  0.44194964e+00 -0.31865066e+00 -0.70785117e+00  0.13959999e+00
    2  213  192  193  0.61160407e+01 -0.73751845e+01 -0.16950869e+02  0.11057392e+01
    2  111  194  195  0.28595188e+01 -0.27062492e+01 -0.38424091e+01  0.13500001e+00
    2 -213  196  197  0.31980155e+01 -0.46024699e+01 -0.91538668e+01  0.89640588e+00
    2  213  198  199  0.12488128e+01 -0.21438730e+01 -0.30187523e+01  0.46633410e+00
    1-2212    0    0  0.17105160e+01 -0.22774978e+01 -0.41120591e+01  0.93830001e+00
    1 2212    0    0  0.34862311e+01 -0.27751074e+01 -0.55731740e+01  0.93830001e+00
    2 -213  200  201  0.17275742e+01 -0.35042291e+01 -0.49166145e+01  0.63925010e+00
    2  213  202  203  0.20874901e+01 -0.34534984e+01 -0.34547279e+01  0.87731212e+00
    2 -213  204  205  0.15763011e+01 -0.15362613e+01 -0.23864768e+01  0.88865817e+00
    1  211    0    0  0.98504918e-02  0.46542299e+00 -0.84161872e+00  0.13959999e+00
    2  113  206  207 -0.30992508e+00 -0.67074966e+00 -0.32063713e+01  0.70169324e+00
    2  223  208  210 -0.29526111e+00 -0.85930061e+00 -0.14618748e+01  0.77016401e+00
    2 -323  211  212 -0.13310676e+01  0.17135657e+00 -0.12346370e+02  0.90151328e+00
    2  313  213  214 -0.21383297e+01  0.19214821e+00 -0.12359980e+02  0.90993136e+00
    1  211    0    0 -0.83602877e+01 -0.10339868e+01 -0.54190029e+02  0.13959999e+00
    2  111  215  216 -0.40879869e+01 -0.13894716e+00 -0.25157595e+02  0.13500001e+00
    2  331  217  218 -0.39698505e+01 -0.18095352e+00 -0.32222778e+02  0.95784533e+00
    2  113  219  220 -0.70482969e+01  0.58688861e+00 -0.45597282e+02  0.77489501e+00
    2  113  221  222  0.70622033e+00 -0.29732278e+00 -0.18070471e+02  0.70901865e+00
    2  311  223  223 -0.45461121e+01  0.22614551e+01  0.16710886e+02  0.49770001e+00
    1  211    0    0 -0.38296169e+00  0.17601967e+00  0.20905490e+01  0.13959999e+00
    2 3122  224  225 -0.50745373e+01  0.27856727e+01  0.19727074e+02  0.11156000e+01
    2  111  226  227 -0.13595918e+01  0.68225455e+00  0.55613708e+01  0.13500001e+00
    2-3122  228  229 -0.39722197e+01  0.19902633e+01  0.15882102e+02  0.11156000e+01
    1 -211    0    0 -0.71417660e+00  0.21548705e+00  0.20724304e+01  0.13959999e+00
    1   22    0    0 -0.82491601e+00  0.23666409e+00  0.37723541e+01  0.00000000e+00
    1   22    0    0 -0.32062132e+01  0.16757166e+01  0.12466808e+02  0.00000000e+00
    2 -311  230  230 -0.15520333e+01  0.86995488e+00  0.68825550e+01  0.49770001e+00
    2  111  231  232 -0.27540488e+01  0.14263288e+01  0.98693848e+01  0.13500001e+00
    1 -211    0    0 -0.86387968e+00  0.25682694e+00  0.62355433e+01  0.13959999e+00
    1  211    0    0 -0.12582808e+01  0.57222050e+00  0.42205658e+01  0.13959999e+00
    1-2112    0    0 -0.25038835e+00 -0.24545550e+00  0.56692249e+00  0.93959999e+00
    2  111  233  234  0.34452271e+00 -0.21746945e+00  0.15016064e+00  0.13500001e+00
    1  211    0    0 -0.44735974e+00  0.27902970e+00 -0.13100171e+00  0.13959999e+00
    2  111  235  236  0.43232131e+00  0.18821540e+00 -0.26985529e+00  0.13500001e+00
    1  211    0    0  0.28038591e-01  0.32686734e+00 -0.35192433e+00  0.13959999e+00
    2  111  237  238  0.16370198e+00 -0.22768095e-01 -0.30851352e+00  0.13500001e+00
    1   22    0    0 -0.33441242e-01  0.78583337e-01 -0.20943567e+00  0.00000000e+00
    1   22    0    0 -0.48633280e+00 -0.33142164e+00 -0.80781155e+01  0.00000000e+00
    1 -211    0    0  0.25126988e+00  0.13548167e+00 -0.45971608e+01  0.13959999e+00
    2  111  239  240 -0.40911824e-01 -0.37858567e+00 -0.30681496e+01  0.13500001e+00
    1  130    0    0 -0.41194418e+00  0.21298569e+00 -0.40379262e+01  0.49770001e+00
    2 -311  241  241  0.18558350e+00 -0.74414700e-01 -0.50768628e+01  0.49770001e+00
    1 -211    0    0  0.27660349e+00  0.61254457e-01 -0.11359239e+02  0.13959999e+00
    2 3122  242  243  0.28847748e-01 -0.23323885e+00 -0.23418324e+02  0.11156000e+01
    1   22    0    0 -0.25197007e-02 -0.97787425e-01 -0.19355658e+01  0.00000000e+00
    2-3122  244  245 -0.35003576e+00  0.82073703e-01 -0.59023140e+02  0.11156000e+01
    1   22    0    0 -0.80140755e-01  0.51214569e-02 -0.80518255e+01  0.00000000e+00
    1  211    0    0 -0.63708037e+00 -0.64583734e-01 -0.59705170e+02  0.13959999e+00
    2  111  246  247  0.73487774e-01 -0.32699425e-01 -0.36952834e+01  0.13500001e+00
    2  310  248  249  0.24636053e+00  0.80416781e+00 -0.13087701e+01  0.49770001e+00
    1 -211    0    0 -0.70218945e+00  0.22152367e+00 -0.58502531e+00  0.13959999e+00
    2  111  250  251  0.23503149e+00  0.15709843e+00 -0.77592117e+00  0.13500001e+00
    1 -211    0    0  0.16273546e+00  0.61937921e-01 -0.19819413e+00  0.13959999e+00
    1  211    0    0 -0.65613562e+00  0.31931105e+00 -0.21004553e+00  0.13959999e+00
    1   22    0    0  0.18478692e+00 -0.43670822e-01  0.19404837e+00  0.00000000e+00
    1   22    0    0 -0.23308526e+00  0.55865772e-01 -0.14552638e+00  0.00000000e+00
    1  211    0    0  0.50777370e+00  0.31613728e+00  0.80921898e+01  0.13959999e+00
    1 -211    0    0  0.10134178e+00 -0.22226566e+00  0.18405293e+01  0.13959999e+00
    1 -211    0    0 -0.47400147e-01  0.33018929e+00  0.75475168e+00  0.13959999e+00
    2  111  252  253  0.29378775e+00 -0.26238674e+00  0.19504805e+01  0.13500001e+00
    1   22    0    0  0.34860112e-01 -0.24120235e+00  0.20853834e+01  0.00000000e+00
    1   22    0    0  0.61799400e-02 -0.70695531e+00  0.44919400e+01  0.00000000e+00
    1  211    0    0 -0.13133617e+00 -0.62698528e-01  0.77079558e+00  0.13959999e+00
    2  111  254  255  0.66972488e+00  0.38540798e+00  0.62853584e+01  0.13500001e+00
    1  130    0    0  0.53019249e+00 -0.88444436e+00  0.12160224e+02  0.49770001e+00
    1 -211    0    0  0.21897934e-01 -0.15447406e+00  0.42676281e+02  0.13959999e+00
    1  211    0    0  0.46600056e+00 -0.23210877e+00  0.20299660e+03  0.13959999e+00
    2  111  256  257  0.30726051e+00  0.11082076e+00  0.84137619e+02  0.13500001e+00
    1  211    0    0 -0.30300719e+00  0.31685460e+00  0.16920702e+02  0.13959999e+00
    1 -211    0    0 -0.77985033e-01 -0.14538631e-01  0.17362867e+02  0.13959999e+00
    1 -211    0    0 -0.20240374e+00 -0.66937879e-01  0.13039113e+02  0.13959999e+00
    2  111  258  259 -0.31217610e-01 -0.76049201e-01  0.56821489e+00  0.13500001e+00
    1  211    0    0 -0.24947886e+00 -0.74414772e+00  0.66068707e+01  0.13959999e+00
    2  111  260  261 -0.40205309e+00 -0.19963400e+00  0.27366371e+01  0.13500001e+00
    1-2212    0    0 -0.73050909e-01 -0.34525424e+00  0.75620427e+01  0.93830001e+00
    2  111  262  263  0.24596587e-01 -0.27166769e+00  0.39358263e+01  0.13500001e+00
    2 3122  264  265 -0.86498624e+00 -0.88570130e+00  0.64826331e+01  0.11156000e+01
    2  111  266  267 -0.15435956e+00 -0.96122973e-01  0.16527400e+01  0.13500001e+00
    1  321    0    0  0.10598703e+00  0.35855144e+00  0.58029475e+01  0.49360001e+00
    1 -211    0    0  0.14884162e+00  0.60061330e+00  0.97373924e+01  0.13959999e+00
    1   22    0    0 -0.11161480e-01  0.16877351e-01  0.13841344e+00  0.00000000e+00
    1   22    0    0 -0.10516363e+00 -0.55719852e-01  0.62448621e+01  0.00000000e+00
    1 -321    0    0 -0.24676126e+00  0.44987160e+00  0.11329118e+02  0.49360001e+00
    2  111  268  269 -0.74109185e+00  0.52566862e+00  0.86014633e+01  0.13500001e+00
    1 -321    0    0 -0.33094257e-01  0.28266686e+00  0.53545933e+01  0.49360001e+00
    1  321    0    0 -0.17282484e+00  0.45841673e+00  0.47298541e+01  0.49360001e+00
    2  310  270  271 -0.12961921e-01  0.85354024e+00  0.14248921e+02  0.49770001e+00
    1  211    0    0  0.25156075e+00 -0.23852922e+00  0.15660967e+01  0.13959999e+00
    2  111  272  273 -0.20377150e+00 -0.25330152e-01  0.28312409e+00  0.13500001e+00
    1 -211    0    0 -0.15448186e+00 -0.50658688e-01  0.11333379e+01  0.13959999e+00
    1  211    0    0  0.19927508e+00  0.17115864e+00  0.56634295e+00  0.13959999e+00
    2  111  274  275 -0.11050357e+00  0.18740135e+00  0.48087588e+00  0.13500001e+00
    2 -311  276  276 -0.13400263e+00 -0.94701037e-01  0.25199316e+01  0.49770001e+00
    1 -211    0    0 -0.70815407e-01  0.33635402e+00  0.10207530e+01  0.13959999e+00
    2  311  277  277  0.26900309e+00  0.36403023e-01  0.26404321e+01  0.49770001e+00
    2  111  278  279 -0.61152078e-01  0.14489296e+00  0.39167686e+01  0.13500001e+00
    1  211    0    0 -0.14797384e+00 -0.40751368e+00 -0.13095684e-01  0.13959999e+00
    2  111  280  281 -0.33629245e+00  0.19234276e+00  0.22616413e+00  0.13500001e+00
    1  211    0    0  0.63919884e+00 -0.12869163e+01 -0.28832173e+01  0.13959999e+00
    2  111  282  283  0.54768419e+01 -0.60882683e+01 -0.14067651e+02  0.13500001e+00
    1   22    0    0  0.18789384e+01 -0.16896714e+01 -0.24750209e+01  0.00000000e+00
    1   22    0    0  0.98058045e+00 -0.10165777e+01 -0.13673881e+01  0.00000000e+00
    1 -211    0    0  0.24018731e+01 -0.29324963e+01 -0.56338801e+01  0.13959999e+00
    2  111  284  285  0.79614258e+00 -0.16699739e+01 -0.35199869e+01  0.13500001e+00
    1  211    0    0  0.91364026e-01 -0.27511114e+00 -0.36023402e+00  0.13959999e+00
    2  111  286  287  0.11574489e+01 -0.18687620e+01 -0.26585183e+01  0.13500001e+00
    1 -211    0    0  0.25930572e+00 -0.55958503e+00 -0.51718402e+00  0.13959999e+00
    2  111  288  289  0.14682686e+01 -0.29446440e+01 -0.43994308e+01  0.13500001e+00
    1  211    0    0  0.20326428e+00 -0.77078432e-01 -0.17394587e+00  0.13959999e+00
    2  111  290  291  0.18842258e+01 -0.33764200e+01 -0.32807822e+01  0.13500001e+00
    1 -211    0    0  0.34082428e+00 -0.79663908e+00 -0.58045924e+00  0.13959999e+00
    2  111  292  293  0.12354767e+01 -0.73962200e+00 -0.18060172e+01  0.13500001e+00
    1 -211    0    0  0.13689779e+00 -0.14520556e-01 -0.41534090e+00  0.13959999e+00
    1  211    0    0 -0.44682288e+00 -0.65622914e+00 -0.27910304e+01  0.13959999e+00
    1  211    0    0  0.47002457e-01 -0.39860123e+00 -0.68654937e+00  0.13959999e+00
    1 -211    0    0 -0.52497648e-01  0.34334734e-01 -0.10422316e+00  0.13959999e+00
    2  111  294  295 -0.28976595e+00 -0.49503410e+00 -0.67110223e+00  0.13500001e+00
    2 -311  296  296 -0.75847727e+00  0.36377749e+00 -0.65850973e+01  0.49770001e+00
    1 -211    0    0 -0.57259035e+00 -0.19242091e+00 -0.57612729e+01  0.13959999e+00
    2  311  297  297 -0.18215243e+01  0.31788930e-01 -0.11180157e+02  0.49770001e+00
    2  111  298  299 -0.31680539e+00  0.16035928e+00 -0.11798224e+01  0.13500001e+00
    1   22    0    0 -0.16041219e+01 -0.82175143e-01 -0.95077581e+01  0.00000000e+00
    1   22    0    0 -0.24838650e+01 -0.56772016e-01 -0.15649836e+02  0.00000000e+00
    1   22    0    0 -0.46702590e-01 -0.52240146e-02 -0.33040181e+00  0.00000000e+00
    2  113  300  301 -0.39231477e+01 -0.17572948e+00 -0.31892374e+02  0.95052135e+00
    1 -211    0    0 -0.61926789e+01  0.35115600e+00 -0.38862953e+02  0.13959999e+00
    1  211    0    0 -0.85561693e+00  0.23573253e+00 -0.67343206e+01  0.13959999e+00
    1 -211    0    0  0.37391788e+00 -0.32747900e+00 -0.53179026e+01  0.13959999e+00
    1  211    0    0  0.33230245e+00  0.30156225e-01 -0.12752569e+02  0.13959999e+00
    2  310  302  303 -0.45461121e+01  0.22614551e+01  0.16710886e+02  0.49770001e+00
    1 2212    0    0 -0.39082196e+01  0.21662800e+01  0.15476336e+02  0.93830001e+00
    1 -211    0    0 -0.11663171e+01  0.61939240e+00  0.42507343e+01  0.13959999e+00
    1   22    0    0 -0.32708722e+00  0.21929240e+00  0.15617156e+01  0.00000000e+00
    1   22    0    0 -0.10325046e+01  0.46296209e+00  0.39996550e+01  0.00000000e+00
    1-2112    0    0 -0.34557827e+01  0.16201288e+01  0.13723925e+02  0.93959999e+00
    2  111  304  305 -0.51643735e+00  0.37013489e+00  0.21581783e+01  0.13500001e+00
    1  130    0    0 -0.15520333e+01  0.86995488e+00  0.68825550e+01  0.49770001e+00
    1   22    0    0 -0.25444410e+01  0.13548732e+01  0.91284723e+01  0.00000000e+00
    1   22    0    0 -0.20960797e+00  0.71455613e-01  0.74091214e+00  0.00000000e+00
    1   22    0    0  0.29127267e+00 -0.16129617e+00  0.17135797e+00  0.00000000e+00
    1   22    0    0  0.53250067e-01 -0.56173276e-01 -0.21197330e-01  0.00000000e+00
    1   22    0    0  0.11820612e+00  0.12103913e+00 -0.97233601e-01  0.00000000e+00
    1   22    0    0  0.31411517e+00  0.67176275e-01 -0.17262168e+00  0.00000000e+00
    1   22    0    0 -0.21006495e-01  0.32251608e-02 -0.10877032e-01  0.00000000e+00
    1   22    0    0  0.18470848e+00 -0.25993256e-01 -0.29763651e+00  0.00000000e+00
    1   22    0    0 -0.40173959e-01 -0.37500456e+00 -0.30678730e+01  0.00000000e+00
    1   22    0    0 -0.73787145e-03 -0.35811309e-02 -0.27672201e-03  0.00000000e+00
    1  130    0    0  0.18558350e+00 -0.74414700e-01 -0.50768628e+01  0.49770001e+00
    1 2112    0    0  0.92052236e-01 -0.12041133e+00 -0.19125034e+02  0.93959999e+00
    2  111  306  307 -0.63204482e-01 -0.11282752e+00 -0.42932920e+01  0.13500001e+00
    1-2112    0    0 -0.27687034e+00 -0.10830589e-01 -0.46226391e+02  0.93959999e+00
    2  111  308  309 -0.73165394e-01  0.92904292e-01 -0.12796747e+02  0.13500001e+00
    1   22    0    0  0.10434706e-01  0.35379745e-01 -0.22813993e+01  0.00000000e+00
    1   22    0    0  0.63053064e-01 -0.68079174e-01 -0.14138842e+01  0.00000000e+00
    2  111  310  312  0.27425963e+00  0.77905470e+00 -0.11070448e+01  0.13500001e+00
    2  111  313  314 -0.27899094e-01  0.25113076e-01 -0.20172533e+00  0.13500001e+00
    1   22    0    0  0.14557257e-01  0.46167355e-01 -0.26479146e+00  0.00000000e+00
    1   22    0    0  0.22047424e+00  0.11093107e+00 -0.51112974e+00  0.00000000e+00
    1   22    0    0  0.61136525e-01 -0.13958430e+00  0.65220308e+00  0.00000000e+00
    1   22    0    0  0.23265123e+00 -0.12280244e+00  0.12982774e+01  0.00000000e+00
    1   22    0    0  0.37815168e+00  0.27617621e+00  0.34253983e+01  0.00000000e+00
    1   22    0    0  0.29157323e+00  0.10923176e+00  0.28599603e+01  0.00000000e+00
    1   22    0    0  0.13605198e+00  0.16790852e-02  0.46064415e+02  0.00000000e+00
    1   22    0    0  0.17120852e+00  0.10914167e+00  0.38073200e+02  0.00000000e+00
    1   22    0    0  0.40138498e-01  0.93274154e-02  0.92987537e-01  0.00000000e+00
    1   22    0    0 -0.71356110e-01 -0.85376620e-01  0.47522736e+00  0.00000000e+00
    1   22    0    0 -0.39242959e+00 -0.21617706e+00  0.26620002e+01  0.00000000e+00
    1   22    0    0 -0.96234623e-02  0.16543061e-01  0.74637100e-01  0.00000000e+00
    1   22    0    0  0.36018837e-01 -0.17901634e+00  0.32870953e+01  0.00000000e+00
    1   22    0    0 -0.11422250e-01 -0.92651352e-01  0.64873087e+00  0.00000000e+00
    1 2112    0    0 -0.84846747e+00 -0.79750925e+00  0.56253753e+01  0.93959999e+00
    2  111  315  316 -0.16518824e-01 -0.88192098e-01  0.85725862e+00  0.13500001e+00
    1   22    0    0 -0.11403742e+00 -0.12847933e+00  0.11442795e+01  0.00000000e+00
    1   22    0    0 -0.40322140e-01  0.32356367e-01  0.50846052e+00  0.00000000e+00
    1   22    0    0 -0.49423215e+00  0.40656820e+00  0.63980045e+01  0.00000000e+00
    1   22    0    0 -0.24685967e+00  0.11910039e+00  0.22034583e+01  0.00000000e+00
    1 -211    0    0  0.15085154e-01  0.45040664e+00  0.10370765e+02  0.13959999e+00
    1  211    0    0 -0.28047075e-01  0.40313360e+00  0.38781571e+01  0.13959999e+00
    1   22    0    0 -0.12062058e+00  0.28491676e-01  0.76203555e-01  0.00000000e+00
    1   22    0    0 -0.83150908e-01 -0.53821824e-01  0.20692053e+00  0.00000000e+00
    1   22    0    0 -0.43055758e-01  0.14696251e+00  0.19304861e+00  0.00000000e+00
    1   22    0    0 -0.67447804e-01  0.40438842e-01  0.28782725e+00  0.00000000e+00
    2  310  317  318 -0.13400263e+00 -0.94701037e-01  0.25199316e+01  0.49770001e+00
    2  310  319  320  0.26900309e+00  0.36403023e-01  0.26404321e+01  0.49770001e+00
    1   22    0    0 -0.63334741e-02  0.87834835e-01  0.86847484e+00  0.00000000e+00
    1   22    0    0 -0.54818600e-01  0.57058126e-01  0.30482934e+01  0.00000000e+00
    1   22    0    0 -0.31515610e+00  0.12453495e+00  0.17935826e+00  0.00000000e+00
    1   22    0    0 -0.21136321e-01  0.67807809e-01  0.46805874e-01  0.00000000e+00
    1   22    0    0  0.43340564e+01 -0.47914200e+01 -0.10993716e+02  0.00000000e+00
    1   22    0    0  0.11427853e+01 -0.12968487e+01 -0.30739343e+01  0.00000000e+00
    1   22    0    0  0.69023973e+00 -0.15316551e+01 -0.32212863e+01  0.00000000e+00
    1   22    0    0  0.10590283e+00 -0.13831866e+00 -0.29870057e+00  0.00000000e+00
    1   22    0    0  0.57320201e+00 -0.81362838e+00 -0.12527791e+01  0.00000000e+00
    1   22    0    0  0.58424693e+00 -0.10551337e+01 -0.14057392e+01  0.00000000e+00
    1   22    0    0  0.14005007e+00 -0.30309054e+00 -0.51523858e+00  0.00000000e+00
    1   22    0    0  0.13282185e+01 -0.26415532e+01 -0.38841918e+01  0.00000000e+00
    1   22    0    0  0.11602631e+01 -0.21961141e+01 -0.21464989e+01  0.00000000e+00
    1   22    0    0  0.72396260e+00 -0.11803057e+01 -0.11342831e+01  0.00000000e+00
    1   22    0    0  0.10558223e+01 -0.68428266e+00 -0.15619646e+01  0.00000000e+00
    1   22    0    0  0.17965445e+00 -0.55339292e-01 -0.24405247e+00  0.00000000e+00
    1   22    0    0 -0.66199720e-01 -0.47192749e-01 -0.50142597e-01  0.00000000e+00
    1   22    0    0 -0.22356623e+00 -0.44784135e+00 -0.62095964e+00  0.00000000e+00
    1  130    0    0 -0.75847727e+00  0.36377749e+00 -0.65850973e+01  0.49770001e+00
    2  310  321  322 -0.18215243e+01  0.31788930e-01 -0.11180157e+02  0.49770001e+00
    1   22    0    0 -0.31177819e+00  0.11260062e+00 -0.10116001e+01  0.00000000e+00
    1   22    0    0 -0.50271973e-02  0.47758657e-01 -0.16822235e+00  0.00000000e+00
    1 -211    0    0 -0.83661580e+00 -0.37449476e+00 -0.86737938e+01  0.13959999e+00
    1  211    0    0 -0.30865319e+01  0.19876529e+00 -0.23218578e+02  0.13959999e+00
    2  111  323  324 -0.10525277e+01  0.68615335e+00  0.38682466e+01  0.13500001e+00
    2  111  325  326 -0.34935842e+01  0.15753014e+01  0.12842638e+02  0.13500001e+00
    1   22    0    0 -0.39728139e-01  0.20489970e-01  0.66015996e-01  0.00000000e+00
    1   22    0    0 -0.47670925e+00  0.34964493e+00  0.20921626e+01  0.00000000e+00
    1   22    0    0 -0.43703761e-01 -0.13569491e+00 -0.26803949e+01  0.00000000e+00
    1   22    0    0 -0.19500721e-01  0.22867374e-01 -0.16128974e+01  0.00000000e+00
    1   22    0    0 -0.88810906e-01  0.10295479e+00 -0.75418334e+01  0.00000000e+00
    1   22    0    0  0.15645508e-01 -0.10050502e-01 -0.52549133e+01  0.00000000e+00
    1   22    0    0  0.23610634e+00  0.50179350e+00 -0.69610780e+00  0.00000000e+00
    1  -11    0    0  0.21298081e-02  0.88938728e-01 -0.13902593e+00  0.50999998e-03
    1   11    0    0  0.36023483e-01  0.18832244e+00 -0.27191100e+00  0.50999998e-03
    1   22    0    0 -0.27493648e-01 -0.37969157e-01 -0.16731404e+00  0.00000000e+00
    1   22    0    0 -0.40544383e-03  0.63082233e-01 -0.34411285e-01  0.00000000e+00
    1   22    0    0 -0.62414233e-01 -0.90601563e-01  0.48255536e+00  0.00000000e+00
    1   22    0    0  0.45895405e-01  0.24094582e-02  0.37470329e+00  0.00000000e+00
    1 -211    0    0 -0.21274689e+00  0.40981188e-01  0.19403763e+01  0.13959999e+00
    1  211    0    0  0.78744248e-01 -0.13568223e+00  0.57955533e+00  0.13959999e+00
    1 -211    0    0  0.11479615e+00 -0.11553774e+00  0.49125594e+00  0.13959999e+00
    1  211    0    0  0.15420695e+00  0.15194076e+00  0.21491761e+01  0.13959999e+00
    1  211    0    0 -0.16319364e+01 -0.47821801e-01 -0.95520258e+01  0.13959999e+00
    1 -211    0    0 -0.18958768e+00  0.79610728e-01 -0.16281309e+01  0.13959999e+00
    1   22    0    0 -0.29928148e+00  0.12499975e+00  0.10057473e+01  0.00000000e+00
    1   22    0    0 -0.75324619e+00  0.56115359e+00  0.28624990e+01  0.00000000e+00
    1   22    0    0 -0.26696101e+00  0.15567617e+00  0.97485036e+00  0.00000000e+00
    1   22    0    0 -0.32266233e+01  0.14196252e+01  0.11867787e+02  0.00000000e+00
