0	8.62376	41.4269	214	0.0636988	0.330824	0.94154	0.866999	22	11	175
1	20.1597	35.8967	214	0.092625	0.164209	0.982067	1.32	22	11	397
2	57.2655	6.55595	214	0.677038	-0.0868016	0.730811	1.02628	22	11	806
3	56.8978	1.36211	214	0.516173	-0.465026	0.719247	0.890147	22	11	855
4	72.5788	92.6918	214	0.591505	0.573284	0.566982	0.667413	11	11	855
5	-1.2653	21.8828	214	0.0495857	0.0536902	0.997326	1.45695	22	11	944
6	-34.3148	39.4014	214	-0.180496	0.337669	0.923797	2.22644	22	11	1164
7	-173.131	-65.0655	214	-0.733856	-0.333929	0.591562	3.72865	22	11	1174
8	13.3228	-75.7148	214	0.0725209	-0.33416	0.939722	1.62362	22	11	1493
9	9.49135	-115.579	216	-0.27813	-0.366862	-0.887725	0.197716	22	11	1493
10	36.4858	121.147	214	0.235607	0.664806	0.708888	0.415252	22	11	1516
11	-98.3266	-38.1217	214	-0.595894	-0.27448	0.754699	0.556461	22	11	1616
12	-20.6897	-34.373	214	-0.345262	-0.496151	0.796636	1.07966	22	11	2018
13	45.4104	71.719	214	0.279838	0.56897	0.773281	0.784593	22	11	2107
14	-36.9235	57.7315	214	-0.16303	0.257636	0.952389	2.3124	22	11	2165
15	34.8561	-10.6093	214	0.256318	-0.111792	0.960106	1.99239	22	11	2176
16	-82.0779	69.3143	214	-0.487937	0.640542	0.592978	1.23486	22	11	2203
17	-97.3042	98.6667	216	-0.283994	0.835516	-0.470383	0.509325	22	11	2203
18	-36.0838	-19.4938	214	-0.164505	-0.0901342	0.982249	4.88127	22	11	2467
19	-62.9154	-86.9591	214	-0.315668	-0.430943	0.845365	1.99658	22	11	3119
20	135.574	-34.6901	214	0.695427	-0.0691072	0.715266	0.668262	22	11	3423
21	-13.5128	8.34401	214	-0.17063	-0.0824569	0.981879	0.526794	22	11	3846
22	8.41343	-1.8845	214	0.0394367	-0.00874467	0.999184	3.30092	22	11	3932
23	-101.179	92.5275	214	-0.552863	0.443073	0.705712	1.08675	22	11	3997
24	-27.7583	2.57012	214	-0.128925	0.0117519	0.991585	3.19762	22	11	4086
25	60.053	110.753	214	0.37431	0.540677	0.753366	1.15507	22	11	4182
26	21.6305	-92.6366	214	0.0924522	-0.395204	0.913929	3.62716	22	11	4794
27	-34.1694	-110.514	214	-0.185969	-0.64537	0.740887	0.510999	22	11	4860
28	-95.5823	-33.7821	214	-0.480272	0.0166	0.876962	0.921868	22	11	4992
29	2.96119	60.4217	214	0.0655265	0.491237	0.868558	1.15236	22	11	5302
30	8.59678	75.2878	216	0.30875	0.459518	-0.832777	0.253825	22	11	5302
31	24.5887	-3.53415	214	0.284183	-0.502006	0.816841	0.504114	22	11	5793
32	-5.95212	9.10015	216	-0.667993	0.534657	-0.517617	0.174732	22	11	5793
33	-38.0507	46.5024	214	-0.0956456	0.351536	0.931276	2.44115	22	11	5809
34	19.2382	26.7123	214	-0.00495564	0.477878	0.878412	0.613749	22	11	5911
35	-166.975	166.906	214	-0.6009	0.647657	0.468465	0.463412	22	11	5983
36	-22.843	72.9103	214	0.0408515	0.723479	0.689136	1.36471	22	11	6166
37	-48.8431	115.205	216	-0.127383	-0.634802	-0.762102	0.213513	22	11	6166
38	31.9946	20.8743	214	0.0323965	0.516429	0.855717	1.75285	11	11	6610
39	-7.2401	-8.39062	214	-0.0318552	-0.0407986	0.998659	4.4754	22	11	6708
40	-84.2239	-20.6832	214	-0.430118	-0.0771773	0.899468	1.88355	22	11	6784
41	41.3429	5.18728	214	0.189718	0.0246453	0.981529	5.1395	22	11	6909
42	-63.5839	103.452	214	-0.385063	0.554571	0.737684	0.508196	22	11	7070
43	-25.9799	24.957	214	-0.570997	0.152751	0.806616	0.510999	22	11	7191
44	109.244	-93.709	214	0.436902	-0.213231	0.87387	0.538921	22	11	7477
45	-5.94587	-83.9047	214	-0.229037	-0.772903	0.591746	0.785861	22	11	7638
46	-132.158	1.09302	214	-0.526136	0.00440919	0.850389	2.87097	22	11	7755
47	6.12341	16.5729	214	0.0281443	0.0757232	0.996732	1.81514	22	11	7815
48	-1.13202	-52.7459	214	-0.0118014	-0.709994	0.704108	0.244323	22	11	8090
49	18.2295	101.763	214	0.0780532	0.428644	0.900095	2.50968	22	11	8108
50	34.5362	8.51713	214	0.186544	-0.0132945	0.982357	2.69288	22	11	8205
51	-9.33626	2.79825	214	-0.196057	0.0689184	0.978168	2.99275	22	11	8311
52	-8.9691	-11.2491	214	-0.0806345	-0.023781	0.99646	2.69181	22	11	8398
53	49.4116	65.6164	214	0.335793	0.387386	0.858589	0.977784	22	11	8419
54	73.908	26.2554	214	0.359251	0.183682	0.914986	2.54692	22	11	8505
55	-59.3628	9.10016	214	-0.436335	0.193907	0.878642	1.01189	22	11	8784
56	18.9035	-15.0743	214	0.449146	-0.275662	0.84987	0.28506	22	11	9110
57	-27.1936	152.56	214	-0.0739928	0.786695	0.612892	0.772256	22	11	9203
58	84.4857	76.4011	214	0.126561	0.334111	0.933998	2.37647	22	11	9332
59	7.52551	-0.707929	214	0.0373374	-0.00362836	0.999296	0.985782	22	11	9421
60	26.5276	25.1749	214	-0.0791364	0.452342	0.888327	0.334753	22	11	9431
61	176.392	40.2817	216	0.672691	-0.315452	-0.669311	0.191537	22	11	9431
62	9.69731	56.559	214	0.0853758	0.290051	0.953195	1.05412	22	11	9481
63	79.5482	31.2803	214	0.578438	0.25975	0.773265	1.074	22	11	10442
64	-4.78279	41.598	214	-0.005492	0.189739	0.981819	5.43234	22	11	10448
65	102.545	-28.3731	214	0.429348	-0.118445	0.895338	1.51564	22	11	10750
66	-132.471	69.5041	214	-0.785441	0.427981	0.447118	0.538153	22	11	10827
67	182.826	71.6653	214	0.776016	0.22715	0.588389	0.348572	22	11	10945
68	-53.6547	159.33	214	-0.273906	0.772739	0.572582	0.611425	22	11	11015
69	-134.084	-150.939	214	-0.588157	-0.623005	0.51569	0.551976	22	11	11015
70	38.3567	-70.6601	214	0.413734	-0.435335	0.799567	0.283546	22	11	11015
71	39.7761	-81.348	216	-0.380012	-0.457872	-0.803706	0.15311	22	11	11015
72	54.5212	-77.4506	214	0.334038	-0.486951	0.80703	0.308236	22	11	11015
73	5.34785	11.61	214	0.0232622	0.0539737	0.998271	2.9142	22	11	11215
74	-57.9116	45.0555	214	-0.484853	0.496805	0.719793	0.449638	22	11	11707
75	7.48718	-0.959997	214	0.0350217	-0.00444189	0.999377	1.45462	22	11	11714
76	-11.6376	-101.321	214	-0.00214154	-0.601949	0.798532	0.993334	22	11	12178
77	-79.1398	54.2649	214	-0.473956	0.299374	0.828094	0.709052	22	11	12229
78	-128.137	169.323	214	-0.614774	0.745434	0.257646	0.509501	22	11	12248
79	44.0934	-27.4808	214	0.25062	-0.148869	0.956571	3.87846	22	11	12276
80	-67.6822	-162.783	214	-0.272316	-0.78231	0.56021	0.843286	22	11	12499
81	-24.6095	30.5856	214	-0.111054	0.111138	0.987581	0.299983	22	11	12525
82	104.68	-185.541	214	0.441646	-0.713501	0.543935	0.624378	22	11	12805
83	-153.38	9.50329	214	-0.879109	0.130117	0.458516	0.568845	22	11	12812
84	30.43	25.3483	214	0.140044	0.117517	0.983147	1.5263	22	11	12844
85	109.373	-61.7219	214	0.640144	-0.361259	0.678017	0.510999	22	11	12932
86	163.284	-152.876	214	0.469447	-0.524447	0.710335	1.97372	22	11	13029
87	-19.446	117.777	214	-0.144769	0.690988	0.708221	0.551789	22	11	13116
88	-6.37376	5.81873	214	-0.0314073	0.0266693	0.999151	1.0655	22	11	13202
89	50.7864	-52.6109	214	0.225104	-0.232689	0.946141	2.64202	22	11	13215
90	38.8241	179.399	214	0.00405071	0.933888	0.357542	0.734083	22	11	13287
91	-54.3691	131.032	214	-0.30711	0.749056	0.587025	0.636309	22	11	13348
92	8.8473	21.9316	214	0.021421	0.103337	0.994416	2.16399	22	11	13752
93	13.5859	30.8428	216	0.283068	0.279112	-0.917589	0.250431	22	11	13752
94	27.8356	-3.0159	214	0.322444	-0.0534126	0.94508	1.55196	22	11	14005
95	-43.259	112.162	214	-0.218214	0.664801	0.714438	0.79794	22	11	14094
96	-10.7567	16.5805	214	-0.0491005	0.0786085	0.995696	2.96125	22	11	14097
97	53.3016	-37.12	214	0.23902	-0.165505	0.956806	3.1501	22	11	14140
98	-49.6869	-81.1664	214	-0.47624	-0.58478	0.65668	0.322449	22	11	14222
99	-1.57732	1.43214	214	-0.333905	0.381305	0.862041	0.132572	22	11	14404
100	82.7921	-48.0439	214	0.26242	-0.217629	0.940092	1.45039	22	11	14567
101	-4.0418	-41.975	214	-0.0176602	-0.192844	0.98107	2.69642	22	11	14869
102	-194.614	115.454	214	-0.790842	0.454703	0.409652	0.238511	11	11	14873
103	141.077	86.1735	214	0.749544	0.427181	0.505667	0.679102	22	11	15062
104	-71.225	-137.35	214	-0.344747	-0.751375	0.56266	0.602241	22	11	15137
105	19.6643	46.1282	214	0.0346701	0.234645	0.971463	1.31685	22	11	15219
106	142.625	24.2591	214	0.6624	0.0771927	0.745163	0.680092	22	11	15492
107	26.7513	7.66493	214	-0.118742	-0.292257	0.94894	0.510999	22	11	15697
108	104.485	194.86	214	0.414543	0.725431	0.549457	1.5171	22	11	15763
109	-25.2631	83.9376	214	-0.21215	0.456944	0.863826	1.21949	22	11	16097
110	-11.7311	-3.09496	214	-0.053607	-0.0137097	0.998468	4.49578	22	11	16101
111	-6.13888	-41.1963	214	-0.300337	-0.536607	0.788575	0.685327	22	11	16112
112	15.7999	24.413	214	0.0742852	0.112046	0.990923	1.62935	22	11	16159
113	47.3454	-0.374839	216	0.470208	-0.732536	-0.492236	0.299284	22	11	16159
114	-32.547	7.03582	214	-0.151906	0.0326042	0.987857	1.9896	22	11	16265
115	-47.2316	-9.63729	214	-0.371422	0.0408288	0.927566	1.763	22	11	16294
116	15.6848	24.6205	214	-0.144523	0.369438	0.917948	0.221722	22	11	16479
117	-34.7717	-82.7198	214	-0.149676	-0.355892	0.922463	2.86262	22	11	16632
118	142.407	118.049	214	0.615667	0.523605	0.58889	0.980809	22	11	16895
119	-14.0838	1.70522	214	-0.0653403	0.00902872	0.997822	3.53079	22	11	17160
120	69.1014	46.3915	214	0.299225	0.202549	0.932437	2.80679	22	11	17442
121	8.93262	7.98965	214	0.0367891	0.0311596	0.998837	1.10001	22	11	17551
122	40.2702	-11.3278	214	0.623596	-0.227524	0.747904	1.15754	22	11	17766
123	-5.49043	-47.7361	214	-0.0259274	-0.217367	0.975746	1.40625	22	11	17894
124	-81.0332	54.912	214	-0.489559	0.253177	0.834406	1.66864	22	11	18060
125	19.3795	-4.49622	214	0.0906517	-0.0209418	0.995662	1.33425	22	11	18160
126	-183.03	33.9974	214	-0.708599	0.263398	0.654605	0.434788	22	11	18502
127	-24.3029	-44.6133	214	-0.271482	-0.456299	0.847401	0.590197	22	11	18975
128	39.9999	71.3896	214	0.174575	0.312358	0.933786	1.55168	22	11	19405
129	-33.3611	36.5463	214	-0.262474	0.152055	0.952883	2.45064	22	11	19521
130	-24.0217	0.534637	214	-0.344187	0.0431476	0.937909	0.643746	22	11	19634
131	-105.655	35.8708	216	-0.287891	0.239328	-0.927276	0.238741	22	11	19634
132	-7.40654	-3.77824	214	-0.0344726	-0.0170407	0.99926	1.72741	22	11	19775
133	72.452	101.205	214	0.394442	0.557519	0.730471	1.35589	22	11	20034
134	56.669	-23.5468	214	0.202172	-0.0593835	0.977548	1.71544	22	11	20090
135	58.0418	-33.0767	216	-0.128091	-0.509384	-0.850953	0.164611	22	11	20090
136	-20.3908	-3.09237	214	-0.0947791	-0.0144324	0.995394	2.00155	22	11	20588
137	-129.83	9.19039	214	-0.827864	-0.117438	0.548498	0.0701519	22	11	20903
138	-42.6334	59.6818	214	-0.387076	0.417336	0.822194	0.510999	22	11	21010
139	53.0278	-36.7457	214	0.400315	-0.67345	0.621461	0.164166	22	11	21011
140	45.5178	-26.2392	214	0.16575	-0.432745	0.886148	0.384467	22	11	21175
141	-52.5153	-40.1662	214	-0.332823	-0.485437	0.808443	1.70201	22	11	21244
142	43.0128	2.85473	214	0.612222	0.165033	0.773272	0.451977	22	11	22115
143	144.361	-37.4856	214	0.800832	-0.167783	0.574906	0.179694	22	11	22212
144	-25.527	-5.19244	214	-0.144411	0.101752	0.984272	0.271613	22	11	22356
145	-0.98445	12.4097	214	-0.00450122	0.0575957	0.99833	1.03326	22	11	22494
146	132.049	-34.3759	214	0.413501	-0.163282	0.895743	2.27226	22	11	23025
147	3.44411	-22.6947	214	0.0768121	-0.218591	0.972789	0.780097	22	11	23101
148	-106.509	48.3646	214	-0.724861	0.336865	0.600915	0.468907	22	11	23155
149	-99.1011	16.495	214	-0.604132	0.114965	0.788547	0.919336	22	11	23199
150	-8.77663	30.4629	214	0.226799	0.0157226	0.973815	1.39387	22	11	23313
151	78.0765	-53.2737	214	0.61556	-0.172651	0.768945	0.82232	22	11	23452
152	-47.363	151.967	214	-0.0725571	0.706318	0.704167	0.753858	22	11	23624
153	66.5413	-65.8195	214	0.457785	-0.405983	0.790956	1.30142	22	11	23789
154	78.6835	-79.8771	216	0.296189	-0.493138	-0.817977	0.299416	22	11	23789
155	-22.415	-34.6294	214	-0.102506	-0.160037	0.981774	3.8343	22	11	23878
156	-48.41	-20.5831	214	-0.219622	-0.0927894	0.971162	2.43344	22	11	24119
157	-55.9695	113.978	214	-0.373203	0.789674	0.486965	0.470871	22	11	24125
158	21.5565	-85.0012	214	0.136902	-0.680454	0.719889	0.442529	22	11	24180
159	-34.3996	-10.5686	214	-0.503002	-0.00427709	0.864275	0.889536	22	11	24305
160	-103.234	-70.0635	214	-0.632202	-0.319724	0.70576	0.77586	22	11	24522
161	175.976	-191.682	214	0.525981	-0.568406	0.632659	3.30185	22	11	24635
162	43.4078	46.847	214	0.366871	0.294475	0.882434	0.843593	22	11	24647
163	85.468	69.0291	214	0.500162	0.414214	0.760437	0.44362	22	11	24729
164	51.5553	109.539	214	0.332298	0.62684	0.704734	1.06071	22	11	24807
165	-139.131	-12.983	214	-0.787992	-0.118852	0.604104	0.90876	22	11	25084
166	-22.3487	8.70654	214	-0.103081	0.0401722	0.993861	1.76226	22	11	25096
167	-137.344	78.5618	214	-0.685199	0.379807	0.621489	0.363192	22	11	25173
168	28.2565	11.9365	214	0.0855375	0.27318	0.958153	0.415306	22	11	25481
169	29.176	-71.9084	214	0.316614	-0.50637	0.802088	1.08175	22	11	25599
170	88.959	-35.1043	214	0.604858	-0.434243	0.667518	0.474254	22	11	26391
171	32.0316	-11.2478	214	0.147196	-0.051517	0.987765	1.51794	22	11	26499
172	-29.2036	-25.5188	214	-0.352117	-0.220093	0.90971	0.548748	22	11	26669
173	-147.386	-86.8565	214	-0.530702	-0.078217	0.843942	0.912238	22	11	26700
174	-164.841	176.596	214	-0.607237	0.689078	0.395519	0.3761	22	11	26712
175	34.0753	-6.83891	214	0.407603	-0.0338667	0.912531	0.712072	22	11	27057
176	-8.46837	-25.2591	214	-0.041372	-0.174626	0.983765	0.780061	22	11	27330
177	-129.71	-116.246	214	-0.36818	-0.216987	0.90408	0.548145	22	11	27414
178	2.96391	16.4232	214	-0.079178	0.176705	0.981074	0.38301	22	11	27783
179	-8.7241	-65.0075	214	0.564551	-0.360156	0.742677	0.300763	22	11	27798
180	-74.8509	-15.4232	214	-0.328659	-0.0682282	0.941981	1.53652	22	11	28096
181	-122.387	-74.0004	214	-0.476454	-0.287335	0.830922	3.21776	22	11	28124
182	12.9203	83.7146	214	0.0509745	0.501591	0.863602	1.20199	22	11	28221
183	48.1431	-165.504	214	0.233261	-0.763031	0.602805	0.338131	22	11	28285
184	30.599	39.9777	214	0.157458	0.298319	0.941389	1.7029	22	11	28767
185	34.6335	2.33405	214	0.161605	0.00947242	0.98681	2.63416	22	11	28968
186	32.9238	-43.3495	214	0.107678	-0.24071	0.964606	1.73572	22	11	29005
187	-10.1925	47.7512	214	-0.161649	0.514111	0.842353	1.26015	22	11	29153
188	-18.8727	77.2265	216	-0.22967	0.80578	-0.545866	0.35756	22	11	29153
189	87.9146	-61.3078	214	0.420908	-0.322027	0.848018	1.94751	22	11	29306
190	86.9708	-143.202	214	0.4708	-0.737901	0.483579	0.499069	22	11	29469
191	10.8695	-53.3405	214	0.0492776	-0.241665	0.969108	2.45162	22	11	29814
192	12.7279	-40.568	216	0.215927	0.31962	-0.922615	0.201066	22	11	29814
193	1.09955	26.4062	214	0.00766348	0.459017	0.888394	1.59149	22	11	29986
194	-14.8254	-14.7156	214	-0.0699751	-0.0703085	0.995068	2.58117	22	11	30010
195	-176.02	22.2976	214	-0.827851	-0.0157508	0.560726	0.282729	22	11	30138
196	-95.7435	178.228	214	-0.408765	0.682	0.606454	0.469431	22	11	30155
197	-35.6978	-9.65447	214	-0.162676	-0.0434136	0.985724	3.94898	22	11	30280
198	-9.15927	-12.388	214	-0.0442	-0.0559803	0.997453	2.61003	22	11	30327
199	0.676033	24.1836	214	0.0027515	0.112644	0.993632	2.42504	22	11	30499
200	-34.5488	189.917	214	-0.14511	0.841813	0.519899	0.530093	22	11	30540
201	-13.8843	46.7975	214	-0.301091	0.427449	0.852427	0.417897	22	11	30654
202	-42.651	53.7442	216	-0.863602	-0.0362192	-0.502871	0.253173	22	11	30654
203	62.1926	-59.8892	214	0.420237	-0.130973	0.897913	1.18035	22	11	30834
204	68.3574	-13.785	216	-0.261779	0.471083	-0.84235	0.250776	22	11	30834
205	-151.785	-60.0568	214	-0.675661	-0.258198	0.690519	1.23103	22	11	30859
206	30.2819	68.7201	214	0.324888	0.632954	0.702721	0.510999	22	11	31024
207	-23.9722	69.8948	214	-0.0681047	0.43056	0.899989	0.435459	22	11	31347
208	32.2212	-27.4165	214	0.478385	-0.182178	0.859046	1.04097	22	11	31501
209	-92.457	-85.3505	214	-0.573685	-0.37982	0.725688	0.918662	22	11	31502
210	-196.837	-7.9078	214	-0.902715	-0.000929955	0.430238	0.326279	22	11	31520
211	29.7956	-18.2967	214	0.244376	-0.290265	0.925217	1.14106	22	11	31551
212	-24.5677	5.04158	214	-0.116314	0.0241472	0.992919	0.924696	22	11	31631
213	-86.5756	68.0588	214	-0.642992	0.539585	0.543516	0.698727	22	11	31824
214	-52.1551	-162.495	214	-0.253248	-0.764527	0.592759	0.599452	22	11	31832
215	46.2448	-62.1227	214	0.228733	-0.362957	0.903296	2.04727	22	11	32131
216	6.55816	-4.58494	214	0.033603	-0.0242918	0.99914	2.54288	22	11	32229
217	14.1831	-59.0474	214	0.0622632	-0.264908	0.962261	2.68348	22	11	32276
218	20.4618	162.008	214	0.0776074	0.768217	0.635469	0.510999	22	11	32459
219	-54.8556	31.1951	214	-0.245399	0.138572	0.959467	3.79435	22	11	32521
220	151.128	53.8833	214	0.652602	0.353197	0.670345	1.09885	22	11	32742
221	-20.4786	-9.30535	214	-0.253541	-0.110132	0.961035	0.282382	22	11	33091
222	-44.2496	18.2008	214	-0.221854	0.126555	0.966832	2.66905	22	11	33100
223	-43.497	51.1362	214	-0.313055	0.275619	0.908862	1.63797	22	11	33136
224	-28.1821	-103.917	214	-0.191023	-0.808388	0.556794	0.682507	22	11	33234
225	-6.25647	-97.7006	214	-0.0317443	-0.615531	0.787473	0.510999	22	11	33258
226	15.9151	0.602097	214	0.0766682	0.00317109	0.997052	1.09374	22	11	33471
227	-130.57	78.5231	214	-0.753428	0.362785	0.548391	0.465872	22	11	33598
228	-164.896	-54.6963	214	-0.844754	-0.234369	0.481105	1.02351	22	11	33605
229	102.335	-179.897	214	0.443871	-0.732712	0.515859	0.510999	22	11	34168
230	56.225	74.6375	214	0.379973	0.45842	0.803412	0.409009	22	11	34236
231	-31.6332	36.1256	214	-0.0598059	0.374253	0.925396	1.26537	22	11	34559
232	-67.8666	67.4989	214	-0.403214	0.366248	0.838618	1.88247	22	11	34664
233	175.62	-117.246	214	0.741048	-0.52544	0.418044	0.42492	22	11	34843
234	38.2167	29.0051	214	0.2356	0.227673	0.944806	1.29059	22	11	34848
235	18.5653	-26.6974	214	0.2172	-0.224038	0.950069	1.84458	22	11	34930
236	71.6437	3.89314	214	0.473689	0.0944392	0.875614	1.95044	22	11	35042
237	103.128	174.293	214	0.481143	0.825177	0.295946	0.693602	22	11	35111
238	16.212	14.6899	214	0.521609	0.0307003	0.852632	1.03572	22	11	35311
239	-117.629	-54.0305	214	-0.781092	-0.441465	0.441593	0.288136	22	11	35404
240	-5.90944	100.023	214	-0.00289005	0.630453	0.776222	1.06472	22	11	36534
241	-71.8291	107.857	214	-0.441383	0.552458	0.707086	0.89597	22	11	36687
242	-70.0649	185.033	214	-0.26777	0.875241	0.402806	0.350069	22	11	36930
243	-13.6154	-28.6301	214	-0.0635975	-0.131833	0.98923	2.48249	22	11	36996
244	-0.253811	35.3112	214	-0.000930982	0.162424	0.986721	2.00315	22	11	37010
245	15.0056	-43.6355	214	0.0665284	-0.19997	0.977541	1.68955	22	11	37293
246	-59.2948	-59.8385	214	-0.287617	-0.751537	0.593691	0.181954	22	11	37651
247	-7.77056	6.46102	214	-0.0351907	0.0301658	0.998925	3.04412	22	11	37963
248	20.901	1.60525	214	0.299123	0.156511	0.941291	2.16301	22	11	38354
249	51.347	82.0018	214	0.362122	0.425141	0.829532	1.84112	22	11	38425
250	-107.411	146.798	214	-0.50734	0.653399	0.56185	0.431669	22	11	38513
251	-64.1095	-28.6194	214	-0.283652	-0.136104	0.949219	1.11932	22	11	38668
252	-89.3314	109.499	214	-0.509008	0.576357	0.639315	0.386659	22	11	38775
253	-5.4167	105.455	214	0.05217	0.537757	0.841484	1.73737	22	11	38831
254	-9.10091	22.9696	214	-0.0417426	0.106749	0.993409	3.47768	22	11	38861
255	15.3436	-39.2999	214	0.0710951	-0.180802	0.980947	2.24351	22	11	38886
256	115.451	39.7986	214	0.608655	0.236454	0.757382	1.12969	22	11	38896
257	-100.524	-3.11525	214	-0.609438	-0.160571	0.776404	0.578883	22	11	38928
258	17.965	102.962	214	0.097781	0.593766	0.798674	0.825738	22	11	39030
259	-11.4332	9.30902	214	-0.0114352	0.139483	0.990158	1.3692	22	11	39403
260	-0.854025	-21.3283	214	0.0592503	-0.0650729	0.99612	3.72437	22	11	39603
261	-1.10107	1.49904	214	-0.0056022	0.007553	0.999956	1.51355	22	11	39638
262	-92.0809	-144.285	214	-0.43117	-0.70332	0.565185	0.689044	22	11	39985
263	-1.8011	22.9948	214	-0.00839283	0.106498	0.994277	2.35102	22	11	40135
264	-2.05882	8.27504	214	-0.118521	0.0711571	0.990399	0.789178	22	11	40211
265	-0.684019	0.888097	214	-0.004226	0.00216459	0.999989	2.16539	22	11	40779
266	-74.7135	3.10395	214	-0.500352	0.0715098	0.862864	1.73485	22	11	40974
267	-31.0508	-11.7036	214	-0.262667	-0.246478	0.932875	1.8263	22	11	41262
268	-37.4175	4.75296	214	-0.205602	-0.170771	0.963621	2.8641	22	11	41408
269	13.8136	-65.1748	214	0.334295	-0.565	0.754335	0.332195	22	11	41477
270	-0.50219	46.8083	214	-0.00227424	0.213718	0.976893	3.06808	22	11	41923
271	-3.77908	60.7195	214	-0.0153626	0.273828	0.961656	1.85316	22	11	42098
272	22.8465	86.6024	216	0.739403	0.566147	-0.364363	0.251041	22	11	42098
273	59.1023	23.79	214	0.267094	0.108305	0.957565	1.30441	22	11	42488
274	96.7343	12.8876	216	0.809629	-0.309122	-0.498943	0.144706	22	11	42488
275	-52.1143	44.1722	214	-0.520889	0.588212	0.618612	0.740173	22	11	42619
276	-141.747	57.628	216	-0.928766	-0.0910481	-0.359311	0.407769	22	11	42619
277	-18.2306	8.18502	214	-0.0854525	0.0361488	0.995686	2.18374	22	11	42731
278	-66.4392	20.4009	214	-0.541598	0.28723	0.790045	1.26793	22	11	42910
279	-38.7795	-61.2292	214	-0.435866	-0.531747	0.726131	0.995777	22	11	43020
280	-7.11043	-180.495	216	0.443799	-0.859521	-0.253509	0.350927	22	11	43020
281	-90.7909	-131.643	214	-0.434426	-0.642747	0.630991	0.725022	22	11	43021
282	-2.43938	-199.764	214	-0.0120493	-0.875151	0.483699	0.539533	22	11	43049
283	52.9561	-121.417	214	0.314939	-0.639788	0.70106	0.468194	22	11	43087
284	46.4692	-41.4111	214	0.205902	-0.186767	0.960584	1.36946	22	11	43337
285	19.1028	36.8917	214	0.149334	0.366271	0.918447	1.70061	22	11	43365
286	-4.05148	-108.811	214	-0.048088	-0.62383	0.780079	0.802258	22	11	43496
287	-62.1024	-78.7513	214	-0.538794	-0.522461	0.66086	1.12583	22	11	43542
288	-39.9844	63.4888	214	-0.20711	0.654965	0.726723	0.122553	22	11	44028
289	-22.0639	45.369	214	-0.28833	0.0353705	0.956878	0.523472	22	11	44044
290	181.425	36.5148	214	0.828581	0.10487	0.54996	0.60929	22	11	44135
291	2.60924	-27.7391	214	-0.00496954	-0.34519	0.93852	0.812144	22	11	44415
292	25.3668	7.74425	214	0.11565	0.0357153	0.992648	1.52662	22	11	44507
293	92.3439	32.7873	214	0.829962	0.189592	0.524612	0.190478	22	11	44537
294	-111.473	-108.829	214	-0.550633	-0.54929	0.628557	0.461943	22	11	44605
295	0.930889	57.2085	214	-0.0716691	0.316326	0.94594	1.97172	22	11	44766
296	51.0916	-62.5744	214	0.246493	-0.328738	0.911687	2.3345	22	11	44804
297	-81.8527	82.3728	214	-0.487327	0.484665	0.726369	0.829549	22	11	45343
298	10.3552	4.84324	214	0.0490569	0.0229762	0.998532	0.622095	22	11	45528
299	-59.7122	41.2501	214	-0.312877	0.382238	0.869484	0.897198	22	11	45690
300	22.4577	-16.7969	214	0.104941	-0.0766088	0.991523	5.01289	22	11	45962
301	12.2204	-23.4428	214	0.0563594	-0.107316	0.992626	4.63134	22	11	46440
302	-21.0031	27.6143	216	-0.395268	0.689795	-0.606585	0.170922	22	11	46440
303	6.92555	-47.1851	214	0.267377	-0.538315	0.799204	0.25469	22	11	46445
304	-1.75336	-66.7526	216	-0.556436	-0.397311	-0.729742	0.127047	22	11	46445
305	-119.45	-114.996	214	-0.637997	-0.588912	0.496128	0.300621	22	11	46537
306	-1.16761	100.221	214	0.00851521	0.541902	0.840399	1.49351	22	11	46733
307	41.4928	61.5323	214	0.426795	0.300616	0.852922	0.350046	-11	11	46792
308	69.9561	55.176	216	0.00321458	-0.253	-0.967461	0.117354	22	11	46792
309	40.7366	80.5085	216	-0.344225	0.78948	-0.508163	0.510999	22	11	46792
310	57.4673	-59.5198	214	0.393972	-0.290542	0.871993	1.24608	22	11	46900
311	12.3412	-18.736	214	0.056405	-0.085809	0.994714	4.02245	22	11	47016
312	27.9896	35.4075	214	0.211057	0.212104	0.954184	1.28985	22	11	47269
313	14.3602	-2.53401	214	0.0652576	-0.0118988	0.997798	1.09708	22	11	47904
314	-7.11271	-22.1272	214	-0.0591152	-0.267834	0.96165	1.19767	22	11	48013
315	-66.3839	84.0125	214	-0.441663	0.50746	0.739877	0.29869	22	11	48054
316	45.4586	-116.283	214	0.109754	-0.669431	0.734722	1.07938	22	11	48169
317	-16.5699	-23.6067	214	-0.088737	-0.216935	0.972144	2.15531	22	11	48263
318	43.2979	-13.6987	214	0.656269	-0.263822	0.706901	0.205509	22	11	48836
319	155.481	11.4664	214	0.791798	0.0793406	0.605608	0.192944	22	11	48980
320	-86.2842	1.00157	214	-0.5228	-0.0045601	0.852443	1.38488	22	11	49142
321	-35.1078	-18.1426	214	-0.16075	-0.084053	0.98341	3.49455	22	11	49145
322	-73.9127	39.1737	214	-0.717634	0.635082	0.285783	0.312371	22	11	49295
323	13.4976	-21.0312	214	-0.0495687	0.476364	0.87785	1.2406	11	11	49295
324	91.7708	85.8907	214	0.486549	0.466073	0.73895	0.883816	22	11	49329
325	-105.149	97.9245	214	-0.471558	0.464577	0.749534	1.80074	22	11	49409
326	12.6571	2.8973	214	0.058864	0.0129619	0.998182	2.01481	22	11	49529
327	21.2459	12.8901	214	0.100146	0.0622572	0.993023	0.706149	22	11	49577
328	-1.00093	-126.359	214	-0.0091799	-0.724229	0.689498	0.58516	22	11	49623
329	-61.1213	29.923	214	-0.337211	0.220982	0.915126	0.770107	22	11	49640
330	-65.8774	-50.3278	216	0.164076	-0.937958	-0.305473	0.151207	22	11	49640
331	-21.3523	-121.873	214	-0.109341	-0.643149	0.757894	1.77193	22	11	49824
332	-94.6921	-43.6998	214	-0.599736	-0.234725	0.764998	0.553643	22	11	49947
333	78.5498	21.7381	214	0.440887	0.0221317	0.89729	1.846	22	11	50208
334	9.08482	12.5273	214	0.0424436	0.0582432	0.9974	1.75598	22	11	50259
335	21.3804	-35.9457	214	0.0988815	-0.165729	0.981201	3.16485	22	11	50431
336	-148.146	-42.9198	214	-0.789602	-0.207315	0.577537	0.365859	22	11	50452
337	-65.7407	16.3217	214	-0.372309	0.597738	0.709997	1.15289	11	11	50545
338	-113.906	15.1292	214	-0.251822	0.247293	0.935645	0.497435	22	11	50835
339	20.5737	18.6284	214	0.37237	0.230906	0.898901	0.668291	22	11	51007
340	-40.0003	8.44007	214	-0.372652	0.152565	0.915344	2.18193	22	11	51122
341	15.5643	-1.70412	214	0.074406	-0.00615574	0.997209	2.22287	22	11	51318
342	-73.9203	-49.0728	214	-0.318352	-0.2094	0.924556	1.41087	22	11	51392
343	-83.6547	-73.2061	214	-0.492132	-0.442194	0.749847	1.09268	22	11	52027
344	-31.4743	-23.7304	214	-0.266057	-0.128749	0.955321	2.26364	22	11	52049
345	-6.28627	143.881	214	-0.0598808	0.806845	0.587721	0.742552	22	11	52278
346	-93.4855	139.705	214	-0.463027	0.650452	0.602095	0.201998	22	11	52477
347	3.84404	42.9754	214	0.411683	0.413465	0.812135	0.141148	22	11	52911
348	24.8945	19.016	214	0.0500199	0.0414855	0.997886	3.22004	22	11	53067
349	-4.34936	24.4663	214	-0.0902634	0.390055	0.916357	0.670691	22	11	53485
350	3.23263	-42.1669	214	-0.04528	-0.455371	0.88915	0.90074	22	11	53499
351	-5.66594	30.6955	214	-0.144261	0.42769	0.89234	0.963349	22	11	53859
352	9.87806	19.0815	214	0.368097	0.489118	0.790739	0.216527	22	11	53969
353	11.5869	-1.47983	214	0.0540079	-0.00697952	0.998516	4.843	22	11	54103
354	-73.0002	-21.8549	214	-0.677439	-0.180596	0.713065	0.51264	22	11	54217
355	-4.38138	10.1591	214	-0.0555934	-0.114682	0.991845	0.390407	22	11	54995
356	18.8124	122.229	214	0.038673	0.711595	0.701525	0.581175	22	11	55111
357	40.004	6.53033	214	0.665379	-0.116818	0.737309	0.648524	22	11	55508
358	15.5266	-0.68281	214	0.255993	0.299113	0.919238	0.176559	22	11	55674
359	-54.2638	15.9891	214	-0.464178	0.150896	0.872794	0.319849	22	11	55734
360	27.1327	0.926297	214	0.125493	0.00525136	0.992081	1.55719	22	11	56145
361	20.5705	15.9634	214	0.0956939	0.0726068	0.992759	1.81217	22	11	56221
362	21.5992	-75.9547	214	0.14055	-0.636162	0.758646	0.153704	22	11	56385
363	21.3069	-10.8545	214	0.36625	-0.0999835	0.925129	1.58966	22	11	56460
364	142.736	-89.0559	214	0.71779	-0.475334	0.508759	0.168611	22	11	56945
365	9.14758	-21.3111	214	0.269586	-0.386835	0.881863	1.00511	22	11	57253
366	-25.3662	21.8916	214	0.190868	0.270973	0.943474	0.368401	22	11	57265
367	109.824	145.88	214	0.52109	0.729166	0.443601	0.977492	22	11	57461
368	-95.3639	7.03043	214	-0.608994	0.0832736	0.788791	0.39112	22	11	57634
369	130.37	-34.8562	214	0.719402	-0.227189	0.656389	0.510999	22	11	57718
370	-101.434	39.4732	214	-0.497798	0.196155	0.84482	1.5046	22	11	57839
371	27.8019	52.1123	214	0.259942	0.379555	0.887901	0.826013	22	11	58028
372	23.5308	39.4529	214	0.107354	0.179491	0.977884	4.32021	22	11	58274
373	-46.5153	-1.44582	214	-0.212237	-0.00671502	0.977195	2.09384	22	11	58602
374	87.9917	46.6863	214	0.504258	0.293638	0.812096	0.841074	22	11	58613
375	10.0599	0.7942	214	0.0491787	0.00281161	0.998786	2.17516	22	11	58970
376	-16.7008	28.7263	214	-0.063319	0.384429	0.92098	2.73751	22	11	59225
377	50.985	-63.2156	214	0.223496	-0.354225	0.908061	0.632647	22	11	59538
378	-3.75437	56.6045	214	-0.0178711	0.254432	0.966925	2.89282	22	11	59571
379	28.9042	1.53864	214	0.324809	0.119737	0.93817	0.583867	22	11	59830
380	-158.94	173.195	214	-0.544594	0.621066	0.563645	1.07563	22	11	59930
381	51.3048	13.831	214	0.231563	0.0630288	0.970776	1.72468	22	11	59969
382	9.2771	-21.9389	214	0.04421	-0.102721	0.993727	2.10634	22	11	60129
383	176.216	114.459	214	0.75816	0.474892	0.446845	0.257234	22	11	60252
384	0.856102	34.584	214	-0.0333397	0.66223	0.748559	0.690868	22	11	60370
385	-0.687144	6.16226	214	-0.300597	-0.248264	0.920873	0.350265	22	11	60722
386	-20.3294	-5.29633	214	-0.0943671	-0.0246646	0.995232	2.86643	22	11	60918
387	-57.8905	121.55	214	-0.330308	0.706208	0.626232	0.990178	22	11	60982
388	-49.0922	28.666	214	-0.594131	0.249624	0.764654	0.520813	22	11	60985
389	46.0146	67.0405	214	0.341465	0.579657	0.739865	0.790227	22	11	60998
390	41.2168	31.0766	214	0.212722	0.227726	0.950205	0.858941	22	11	61084
391	-18.091	7.56726	214	-0.218711	-0.318828	0.922233	0.315915	22	11	61226
392	-33.2789	117.482	214	-0.220835	0.634562	0.74065	0.946451	22	11	61345
393	-97.5943	-3.50121	214	-0.605618	-0.0393789	0.79478	0.224258	22	11	61392
394	26.8862	26.6978	214	0.216255	0.229698	0.948932	1.8269	22	11	61522
395	54.8817	-85.1871	214	0.381834	-0.463444	0.799639	0.981493	22	11	62189
396	53.3419	-77.5383	214	0.582495	-0.698045	0.416452	0.399307	22	11	62618
397	46.8428	0.64765	214	0.472689	-0.148202	0.868678	1.16125	22	11	62752
398	62.1695	-12.5878	216	-0.369209	0.0351595	-0.928681	0.203579	22	11	62752
399	-1.58999	173.509	214	-0.0337353	0.908191	0.417193	0.440586	22	11	62835
400	-153.553	-22.7435	214	-0.775741	-0.127101	0.618119	0.540826	22	11	62851
401	-76.9564	38.7637	214	-0.566431	0.422343	0.70766	0.140718	22	11	62971
402	62.6088	97.9511	214	0.371739	0.574986	0.728836	1.1446	22	11	63167
403	21.4657	-51.545	214	0.510884	-0.160208	0.844589	0.510999	22	11	63218
404	149.978	-86.0152	214	0.754035	-0.396655	0.523542	0.255461	22	11	63520
405	-39.8506	-24.937	214	-0.159872	-0.367493	0.916182	0.694588	22	11	63666
406	90.3937	82.9153	214	0.573966	0.600546	0.556694	0.623149	22	11	63694
407	6.90468	33.8721	214	0.0194175	0.302133	0.953068	1.78006	22	11	63924
408	-8.28647	-11.5993	214	-0.0375003	-0.0541614	0.997828	1.65714	22	11	63995
409	16.8306	-2.10173	214	0.177864	-0.0312527	0.983559	3.50713	22	11	64200
410	60.7781	-59.0386	214	0.509125	-0.373546	0.775407	0.510999	22	11	64278
411	94.1283	-29.7697	216	0.561822	0.792285	-0.237993	0.229413	22	11	64278
412	57.7418	-56.5658	214	0.276401	-0.338708	0.899377	2.24436	22	11	64446
413	74.6162	-51.0802	216	0.36595	0.521921	-0.770506	0.256585	22	11	64446
414	73.4091	-66.0058	214	0.444993	-0.367987	0.816435	0.9443	22	11	64488
415	-41.8922	-107.621	214	-0.225938	-0.653716	0.722224	0.722817	22	11	64706
416	-34.4156	1.31488	214	-0.262763	-0.0343865	0.964247	0.280271	22	11	64774
417	83.59	-129.817	214	0.456668	-0.689342	0.562372	0.403287	22	11	64842
418	4.35025	-36.5702	214	0.00720887	-0.294953	0.955485	1.32932	22	11	65058
419	-31.4045	15.6335	214	-0.438086	0.0889089	0.894526	1.44988	22	11	65073
420	-109.124	144.625	214	-0.505761	0.696356	0.50921	0.81827	22	11	65142
421	178.215	50.8133	214	0.766939	0.126618	0.629105	1.93706	22	11	65199
422	47.9817	-76.5055	214	0.204165	-0.352223	0.913376	1.13587	22	11	65207
423	3.97777	-61.1592	214	-0.116584	-0.504114	0.855732	0.919952	22	11	65303
424	80.6708	-15.3327	214	0.777317	-0.0253583	0.628598	0.201537	22	11	65498
425	-76.0251	-38.1035	214	-0.297785	-0.250149	0.921276	0.430097	22	11	65928
426	62.9957	7.92381	214	0.284052	0.0342212	0.958198	5.09605	22	11	66093
427	-26.4568	-30.9304	214	-0.412853	-0.111935	0.903893	0.695487	22	11	66105
428	31.1068	160.324	214	0.244186	0.9153	0.320309	0.527505	22	11	66374
429	139.225	-24.1986	214	0.932637	-0.0576694	0.356177	0.143538	22	11	66387
430	19.837	-1.42029	214	0.0928102	-0.00694493	0.99566	1.93645	22	11	66774
431	-159.358	-181.476	214	-0.494988	-0.563661	0.661267	3.64649	22	11	66944
432	-19.1399	0.894282	214	-0.438917	0.141078	0.887383	0.33237	22	11	67284
433	-16.6921	15.3362	214	-0.0776433	0.0712346	0.994433	3.07312	22	11	67341
434	-23.167	37.1804	214	0.0463918	0.514019	0.856523	0.772684	22	11	67512
435	31.3192	155.302	214	0.194587	0.807466	0.556897	0.630766	22	11	67577
436	28.3044	-51.1261	214	0.453139	-0.565457	0.689147	0.127736	22	11	67713
437	-2.06167	-102.969	214	-0.0374639	-0.615883	0.786946	0.214998	11	11	67831
438	147.785	-85.4151	214	0.710863	-0.430144	0.556463	0.510999	22	11	67970
439	-43.2132	-60.112	214	-0.384988	-0.538311	0.74967	0.789025	22	11	68377
440	-134.136	84.118	214	-0.694808	0.545117	0.469137	0.403726	22	11	68470
441	-29.4221	19.0821	214	-0.135448	0.0876423	0.986901	3.61161	22	11	68773
442	136.328	28.9652	214	0.90206	0.110396	0.417252	0.639427	22	11	68874
443	-64.3096	-41.2161	214	-0.590821	-0.635987	0.496438	0.497809	22	11	68907
444	-2.84825	-6.92584	214	-0.0135294	-0.0307696	0.999435	0.731227	22	11	68979
445	-12.9048	-71.8761	214	-0.0695583	-0.476785	0.876263	1.12105	22	11	69136
446	-7.15445	-1.23069	214	-0.101193	0.173072	0.979697	2.30707	22	11	69209
447	72.392	-68.2677	214	0.358316	-0.384446	0.850771	0.339766	22	11	69572
448	24.3005	-33.1451	214	0.42006	0.0518732	0.906013	1.02542	22	11	69678
449	7.20888	3.48607	214	0.0319795	0.0170959	0.999342	4.01004	22	11	69750
450	0.0534045	-61.6438	214	0.100785	-0.596995	0.795889	0.41292	22	11	69921
451	-8.67915	-7.24451	214	-0.297376	-0.127398	0.946223	1.58708	22	11	70296
452	1.00393	-116.453	214	-0.0872302	-0.582461	0.808164	0.846498	22	11	70375
453	-20.5503	33.5099	214	-0.0950894	0.154194	0.983454	3.18966	22	11	70630
454	21.3447	-198.753	214	0.0317885	-0.682235	0.730441	3.06727	22	11	70895
455	10.3487	0.833774	214	0.185977	0.157961	0.969774	3.27046	22	11	71013
456	51.0183	16.0955	214	0.560707	0.110366	0.820626	1.08341	22	11	71042
457	-41.4359	-155.675	214	-0.172039	-0.733314	0.657764	0.588062	22	11	71425
458	-192.809	-4.78396	214	-0.835874	-0.0101377	0.548827	0.251586	22	11	71426
459	47.7307	83.417	214	0.222124	0.699532	0.679203	0.220402	22	11	71832
460	93.7278	82.9636	214	0.529928	0.369413	0.763355	0.676384	22	11	72104
461	77.2696	-52.3764	214	0.481165	-0.292836	0.826273	0.60365	22	11	72192
462	-66.7046	-65.9469	214	-0.380516	-0.316967	0.868757	1.41013	22	11	72382
463	56.355	-86.468	214	0.364823	-0.490264	0.791546	0.817376	22	11	72445
464	-21.0027	-79.6604	214	-0.124699	-0.43412	0.892183	0.967542	22	11	72491
465	-19.7702	-22.7271	216	0.0623206	0.953619	-0.294493	0.23425	22	11	72491
466	-7.41696	-5.56318	214	-0.0337595	-0.0259186	0.999094	4.57815	22	11	72719
467	-39.5509	-42.264	214	-0.0713684	-0.377391	0.9233	1.81793	22	11	72789
468	-37.7633	-17.3635	214	-0.173	-0.0796367	0.981697	2.00752	22	11	72813
469	-6.59538	-21.7474	214	0.265026	-0.359418	0.894751	2.05977	22	11	73038
470	-8.49055	-152.472	216	-0.151877	-0.784489	-0.601258	0.402949	22	11	73038
471	-37.1475	-0.763993	214	-0.381242	0.0776071	0.921212	2.20812	11	11	73038
472	-78.9224	159.676	214	-0.362587	0.729416	0.580072	0.531851	22	11	73125
473	24.959	-24.4852	214	0.11524	-0.115189	0.986636	2.63261	22	11	73464
474	11.911	-0.748219	214	0.059749	-0.00168489	0.998212	2.17786	22	11	73533
475	-85.966	58.2433	214	-0.500006	0.29724	0.813414	1.45534	22	11	73559
476	-63.7237	-187.668	214	-0.259192	-0.817172	0.514829	0.554953	22	11	73559
477	18.3722	40.3257	214	0.131273	0.266025	0.954986	0.898063	22	11	73703
478	-37.07	19.8752	216	-0.927406	-0.288156	-0.238504	0.259243	22	11	73703
479	-38.4357	-146.986	214	-0.173407	-0.751099	0.637009	0.432894	22	11	73732
480	52.4202	63.6125	214	0.511999	0.521065	0.682897	0.263189	22	11	73857
481	-42.3372	167.371	214	-0.272895	0.830611	0.4854	0.627031	22	11	74047
482	-88.5883	15.0454	214	-0.574668	0.094706	0.812889	0.325161	22	11	74096
483	-148.067	-65.8461	214	-0.794994	-0.301515	0.526378	0.282333	22	11	74122
484	42.3165	-152.419	214	0.308168	-0.720138	0.621638	0.925829	22	11	74127
485	78.6951	133.257	214	0.402521	0.645179	0.6494	0.92662	22	11	74373
486	-5.97066	29.5438	214	-0.236506	0.329776	0.913954	1.88981	22	11	74451
487	170.634	186.398	214	0.506459	0.715471	0.481249	0.313264	22	11	74565
488	-192.383	5.95154	214	-0.940364	0.0904758	0.327917	0.271082	22	11	74565
489	36.5095	35.4624	214	0.477594	0.343143	0.808799	0.548736	22	11	74864
490	124.975	102.893	216	0.696115	0.430395	-0.574616	0.224555	22	11	74864
491	-91.8211	90.7766	214	-0.661919	0.460153	0.591711	0.689483	22	11	74876
492	120.866	-45.682	214	0.649253	-0.290074	0.703084	0.566449	22	11	74916
493	2.82216	6.72489	214	0.0133743	0.0325336	0.999381	1.66499	22	11	75073
494	-78.4752	-91.1813	214	-0.463926	-0.545076	0.69833	0.843595	22	11	75107
495	99.778	-54.8093	214	0.629232	-0.33755	0.700091	0.511117	22	11	75957
496	-1.51337	12.7125	214	-0.00617588	0.0594435	0.998213	0.604033	22	11	76018
497	-136.935	-70.014	214	-0.654899	-0.305077	0.691401	1.47904	22	11	76274
498	31.9771	8.91986	214	0.146337	0.0416565	0.988357	1.62611	22	11	76343
499	5.21201	-73.4964	214	-0.0714823	-0.464352	0.882761	1.44158	22	11	76454
500	-63.3052	-105.028	214	-0.37653	-0.590001	0.71423	0.524709	22	11	76891
501	86.327	44.1275	214	0.516317	0.30762	0.799241	0.964025	22	11	76923
502	-111.873	-62.3239	214	-0.348865	-0.245782	0.90437	1.73026	22	11	77444
503	3.30738	10.5234	214	0.0154357	0.0492652	0.998666	2.06784	22	11	77585
504	-88.1622	168.333	214	-0.370814	0.812189	0.450383	0.886937	22	11	77646
505	-30.7626	-61.9559	214	-0.136752	-0.274562	0.951796	2.307	22	11	77709
506	41.6309	-11.5765	214	0.425558	-0.222109	0.87725	1.24401	22	11	77725
507	5.29125	-11.5146	214	0.170503	0.0723546	0.982697	1.49054	22	11	77787
508	43.0246	11.3644	214	0.622116	0.0702633	0.779766	0.462623	22	11	77942
509	-105.528	171.008	214	-0.473507	0.621784	0.62384	0.829416	22	11	78063
510	-38.4493	58.546	214	-0.171765	0.263141	0.949344	1.98527	22	11	78197
511	-23.4035	123.655	214	-0.185855	0.848385	0.495683	0.806773	22	11	78493
512	-48.2314	-31.9252	214	-0.261287	-0.196635	0.94502	0.435914	22	11	79163
513	-86.2842	-33.0118	214	-0.576885	-0.273271	0.769757	1.92273	22	11	79183
514	91.0074	113.519	214	0.504375	0.627991	0.59265	0.421187	22	11	79461
515	28.5421	172.52	214	-0.148851	0.601325	0.785017	0.495731	22	11	79941
516	2.90719	13.3933	214	0.0150984	0.061538	0.997991	2.5515	22	11	79967
517	59.5157	-40.6995	214	0.24658	-0.221441	0.943484	2.15654	22	11	80074
518	61.1919	-4.626	214	0.637019	-0.111036	0.76281	0.237578	22	11	80087
519	-45.522	50.9846	214	-0.319934	0.422603	0.847967	0.859586	22	11	80521
520	-69.1438	-10.5831	214	-0.369324	-0.0831892	0.92557	2.55464	22	11	80834
521	39.2635	176.631	214	0.166436	0.799423	0.577254	0.61532	22	11	81027
522	59.9516	-172.255	214	0.311164	-0.740878	0.595212	0.966695	22	11	81062
523	175.425	109.552	214	0.7074	0.485849	0.513358	0.842892	22	11	81273
524	-13.9851	136.217	214	-0.202195	0.746197	0.634277	0.500561	22	11	81394
525	83.6003	8.5054	214	0.703535	0.345803	0.620853	1.00856	22	11	81398
526	13.7763	-32.3786	214	-0.0439139	-0.13123	0.990379	0.17172	22	11	81398
527	-3.63656	-63.9669	214	0.0571915	-0.242798	0.968389	2.6809	11	11	81416
528	-6.90242	47.6738	214	0.0294223	0.531798	0.84636	1.16039	22	11	81423
529	-166.24	153.355	214	-0.648161	0.596123	0.47384	0.423618	22	11	81658
530	-8.56253	10.7443	214	-0.0376146	0.0502227	0.998029	2.54585	22	11	81815
531	20.8199	-11.4189	214	0.0971768	-0.05292	0.993859	0.919644	22	11	81861
532	39.9417	38.6488	214	0.267296	0.18368	0.945946	2.22769	22	11	82394
533	38.7853	42.9496	216	-0.381356	0.160941	-0.910311	0.234451	22	11	82394
534	51.8009	-54.5431	214	0.727582	-0.370932	0.57709	0.495706	22	11	82460
535	-80.9494	91.0638	214	-0.33637	0.488373	0.8052	1.91979	22	11	82481
536	-86.0535	-173.708	214	-0.374929	-0.787986	0.488371	0.701216	22	11	82518
537	-99.2493	-51.7281	214	-0.816191	-0.332648	0.472417	0.436585	22	11	82591
538	-55.0646	27.4027	214	-0.248659	0.124584	0.960546	3.81113	22	11	82629
539	-104.47	59.8448	214	-0.543829	0.283783	0.789758	1.2491	22	11	83047
540	-12.6916	-26.9528	214	-0.0909367	-0.262652	0.960596	1.9541	22	11	83236
541	10.3484	61.5888	214	0.0470265	0.275944	0.960023	1.46251	22	11	83259
542	63.1852	-18.8413	214	0.481565	-0.37935	0.790056	0.173917	22	11	83318
543	-10.4381	-1.23995	214	-0.0501428	-0.00513908	0.998729	3.96982	22	11	83445
544	-24.9886	11.1125	214	-0.192217	0.442613	0.875869	0.366872	22	11	83562
545	9.5275	-24.0891	214	-0.0764696	-0.306294	0.94886	2.12334	22	11	83730
546	-28.8374	0.646682	214	-0.134946	0.0015479	0.990852	2.06618	22	11	83817
547	-0.504652	-83.2738	214	0.0148621	-0.25065	0.967964	1.67249	22	11	83888
548	15.391	16.0579	214	0.282468	0.204351	0.937258	2.27491	22	11	83998
549	-62.0838	141.549	214	-0.418557	0.719189	0.554596	0.641668	22	11	84113
550	73.3702	-31.1933	214	0.393349	-0.0817413	0.915748	0.954228	22	11	84268
551	-53.1589	71.2254	214	-0.365377	0.385125	0.847454	0.975824	22	11	84500
552	-161.381	53.3022	214	-0.768403	0.165022	0.618324	0.858596	22	11	84648
553	-55.8335	2.8611	214	-0.477122	-0.0031725	0.878831	1.06481	22	11	85032
554	27.5886	79.7115	214	0.110414	0.518039	0.8482	1.77769	22	11	85245
555	-53.9925	-65.6554	214	-0.350635	-0.36765	0.861329	0.949552	22	11	85294
556	42.3872	-136.485	214	0.149882	-0.651973	0.743281	1.25127	22	11	85338
557	21.1053	-26.4733	214	0.162877	-0.218992	0.962036	1.07005	22	11	85349
558	86.3444	-41.5066	214	0.525653	-0.220063	0.821743	0.346714	22	11	85559
559	30.0924	-3.2175	214	0.140063	-0.0149656	0.99003	1.76848	22	11	85844
560	-31.0041	80.6278	214	-0.115551	0.53561	0.836523	1.15012	22	11	85918
561	178.226	-38.8442	214	0.821754	-0.196672	0.534828	0.383915	22	11	85969
562	-41.4275	113.078	214	-0.220248	0.638487	0.737445	0.854266	22	11	86197
563	-0.583311	22.5802	214	-0.000969878	0.103405	0.994639	3.86026	22	11	86478
564	-14.6752	-90.006	214	-0.179921	-0.563883	0.806018	0.862777	22	11	86714
565	-50.7595	-33.9449	214	-0.433008	-0.329479	0.839016	1.1308	22	11	86715
566	-1.39148	-13.0322	214	-0.0212314	-0.187596	0.982017	3.12982	22	11	86912
567	-46.7556	-30.0617	214	-0.246456	-0.220578	0.943719	1.11846	22	11	87003
568	32.7959	-41.4814	214	0.662292	-0.160425	0.73187	0.366739	22	11	87048
569	69.0306	-53.6778	214	0.293638	-0.232247	0.927274	1.65704	22	11	87224
570	136.138	-20.9564	216	0.779757	0.560846	-0.278264	0.164982	22	11	87224
571	29.2173	13.1531	214	0.646356	0.130012	0.751878	0.181179	22	11	87241
572	-27.2645	-46.744	214	-0.270758	-0.470864	0.839629	1.35244	22	11	87261
573	12.7054	-15.7387	214	0.0599219	-0.0726636	0.995555	2.27056	22	11	87373
574	-6.31614	-12.1063	214	-0.0272124	-0.0572748	0.997988	1.88969	22	11	87379
575	-25.7099	-97.9807	214	-0.111424	-0.417533	0.901804	1.54995	22	11	87382
576	91.1227	2.47122	214	0.81618	-0.0855406	0.571431	0.411742	22	11	87631
577	47.6579	-47.8801	214	0.278359	-0.425717	0.860977	1.60037	22	11	87740
578	182.986	46.6456	214	0.814134	0.178283	0.552631	0.691705	22	11	87821
579	45.7515	-22.5013	214	0.443548	-0.290579	0.847838	1.17171	22	11	87981
580	118.859	10.1262	214	0.687033	0.0886659	0.721197	0.488747	22	11	88135
581	24.1964	56.3737	214	0.111756	0.251282	0.961441	1.32449	22	11	88207
582	-7.21504	-64.8252	214	-0.224946	-0.0315328	0.973861	0.15361	11	11	88536
583	-92.8003	39.6679	214	-0.576647	0.140543	0.804814	1.06026	22	11	88765
584	13.0503	25.0702	214	0.0585041	0.117092	0.991396	1.82532	22	11	88892
585	-6.96965	-83.9252	214	-0.195292	-0.474656	0.858232	1.39484	22	11	89273
586	8.81428	33.7733	214	0.0410142	0.156483	0.986829	2.17264	22	11	89466
587	-24.1386	-5.69446	214	-0.437282	-0.183708	0.880361	1.1443	22	11	89864
588	-44.9861	100.052	214	-0.265701	0.661567	0.701237	0.528101	22	11	89872
589	-23.0222	32.3209	214	-0.123978	0.276493	0.952985	2.32444	22	11	90084
590	21.1334	3.67652	214	0.230171	-0.00992387	0.9731	0.662807	22	11	90253
591	-33.4072	98.1149	214	-0.141054	0.412829	0.89982	1.46059	22	11	90410
592	-24.6842	138.64	214	-0.0920916	0.814589	0.572681	0.82496	22	11	90500
593	3.85344	78.1595	214	-0.0536699	0.354465	0.933528	1.91107	22	11	90686
594	36.8706	-32.754	214	0.395412	-0.466509	0.791213	0.379279	22	11	90789
595	21.8682	-51.3475	214	0.167098	-0.671434	0.721979	0.203644	22	11	91400
596	67.7594	0.94684	214	0.66811	-0.0696907	0.740792	0.329304	22	11	91438
597	-70.4553	-119.857	214	-0.370786	-0.815308	0.444736	0.25804	22	11	91740
598	14.163	128.128	214	0.0602584	0.629017	0.775053	0.775476	22	11	92257
599	6.90418	-7.96476	214	0.0323264	-0.037183	0.998785	2.56689	22	11	92288
600	11.0712	-91.8142	214	0.0981127	-0.512589	0.85301	2.10767	22	11	92302
601	-93.752	-93.6884	214	-0.510155	-0.409045	0.756587	1.07347	22	11	92440
602	-30.5239	34.3877	214	-0.140589	0.157141	0.977518	3.71291	22	11	92506
603	-147.839	-22.4063	214	-0.703832	-0.237486	0.669493	0.342391	22	11	92634
604	-6.41785	-2.81663	214	-0.0301684	-0.0139306	0.999448	1.58996	22	11	92728
605	-42.9695	-51.77	214	-0.247795	-0.518145	0.818611	0.424825	22	11	92743
606	14.4946	112.416	214	-0.0203323	0.848225	0.529246	0.553805	22	11	92815
607	16.0758	-22.0237	214	0.0732651	-0.102272	0.992055	1.90537	22	11	92901
608	-41.3135	81.5979	214	-0.233813	0.485524	0.842376	1.27703	22	11	93168
609	10.4479	-22.5606	214	0.0107606	-0.31568	0.948805	0.782093	22	11	93261
610	-74.8678	-69.7127	214	-0.3682	-0.419229	0.829865	0.510999	22	11	93314
611	-44.6388	47.8026	214	-0.165433	0.596738	0.785198	0.168998	22	11	93431
612	107.601	-37.0251	214	0.685179	-0.218659	0.694779	0.399395	22	11	93490
613	44.5479	27.1917	214	0.141501	0.158966	0.977091	3.79272	22	11	93683
614	73.3913	100.385	216	0.143404	0.712887	-0.68646	0.368924	22	11	93683
615	-129.975	-32.7252	214	-0.722814	-0.143002	0.676085	0.811591	22	11	93775
616	11.8356	-1.34963	214	0.0795968	-0.016166	0.996696	0.587515	22	11	93778
617	-65.8591	-90.0566	214	-0.426478	-0.380468	0.820585	0.802896	22	11	94026
618	-172.201	62.3763	214	-0.815212	0.28165	0.506066	0.26366	22	11	94073
619	68.4412	-26.1375	214	0.301998	-0.115915	0.946235	4.53832	22	11	94265
620	160.248	-48.2649	214	0.744126	-0.271853	0.610223	0.579251	22	11	94391
621	-53.2412	-13.3358	214	-0.265413	-0.19533	0.944141	1.16031	22	11	94574
622	-43.7865	1.0666	214	-0.142998	-0.17163	0.974728	1.56643	22	11	94700
623	-40.9128	13.1917	214	-0.0662914	-0.019367	0.997612	0.897846	22	11	95014
624	-73.6727	-50.9598	214	-0.361712	-0.224889	0.904759	1.44847	22	11	95029
625	-169.621	-28.0365	214	-0.835869	-0.131668	0.532903	0.385413	22	11	95120
626	-96.0336	86.0942	214	-0.563437	0.385009	0.730963	1.30913	22	11	95156
627	21.768	-22.029	214	0.290935	-0.177316	0.940168	3.12474	22	11	95779
628	15.1618	-37.3557	216	-0.486073	-0.325631	-0.810985	0.510999	22	11	95779
629	-17.294	51.0692	214	-0.372135	0.448899	0.812407	1.67341	22	11	95799
630	13.4142	-28.4762	214	0.376867	-0.0934929	0.921537	0.161199	22	11	96160
631	64.9621	45.1417	214	0.448787	0.313776	0.83674	0.172968	22	11	96955
632	14.1188	-4.26174	214	0.0863771	-0.0319796	0.995749	0.201182	22	11	96975
633	-5.38762	18.5465	214	-0.0230987	0.0851263	0.996102	3.48786	22	11	97174
634	14.9116	-19.4594	214	0.24216	-0.250689	0.937291	2.63022	22	11	97754
635	-57.8599	133.512	214	-0.230032	0.6805	0.695704	0.89092	22	11	98197
636	-125.334	-98.2904	214	-0.638898	-0.451689	0.622726	1.01696	22	11	98215
637	134.227	19.4454	214	0.771402	0.122488	0.624448	0.564765	22	11	98271
638	-186.502	-149.208	214	-0.752121	-0.564197	0.340581	0.399411	22	11	98364
639	-0.203278	9.08256	214	-0.00216138	0.0430603	0.99907	3.23223	22	11	98367
640	-2.53939	8.67523	214	-0.0118755	0.0402639	0.999119	2.29121	22	11	98430
641	5.62039	-3.04474	214	0.0263743	-0.012831	0.99957	0.4694	22	11	98473
642	34.5354	-64.4479	214	0.110222	-0.359925	0.926447	1.40871	22	11	98611
643	-61.9811	27.9444	214	-0.588329	0.334279	0.736292	0.540171	22	11	99028
644	-100.262	-71.0321	214	-0.548938	-0.50517	0.665936	0.601752	22	11	99570
