Sensitive Detector-Voxels. Total number of events, [mm]->centreX centreY centreZ HalfSizeX HalfSizeY HalfSizeZ minX maxX, minY maxY, minZ maxZ, Dx, Dy, Dz, nX, nY, nZ: 
2227	0	0	0	150	150	150	-150	150	-150	150	-150	150	1.5	1.5	1.5	100	100	100
Number of physical volumes: 2
G4_WATER	1
G4_Galactic	2
Phys Volume x [mm], y [mm], z [mm], ix, iy, iz, Dose [Gy], Dose2 [Gy^2], nEvents
1	-148.5	-73.5	-130.5	0	25	6	4.61154e-10	2.12503e-19	2
1	-142.5	-25.5	94.5	2	41	81	1.4444e-10	2.08629e-20	1
1	-136.5	-85.5	-115.5	4	21	11	1.25042e-10	1.56356e-20	1
1	-136.5	-82.5	-127.5	4	22	7	1.03165e-10	1.06263e-20	2
1	-136.5	-16.5	-133.5	4	44	5	1.44554e-09	5.24522e-19	5
1	-136.5	-10.5	-136.5	4	46	4	2.50654e-10	6.28277e-20	1
1	-133.5	-16.5	-4.5	5	44	48	2.01016e-10	4.03735e-20	2
1	-133.5	-7.5	-127.5	5	47	7	3.88163e-10	1.50671e-19	1
1	-133.5	100.5	-64.5	5	83	28	4.68865e-10	2.19835e-19	1
1	-130.5	-106.5	-52.5	6	14	32	1.74938e-11	3.06032e-22	1
1	-127.5	-124.5	16.5	7	8	55	2.91062e-10	8.47174e-20	1
1	-124.5	-124.5	16.5	8	8	55	1.15736e-09	4.47957e-19	3
1	-124.5	-13.5	-127.5	8	45	7	2.57805e-11	6.60309e-22	2
1	-124.5	4.5	88.5	8	51	79	2.00904e-12	4.03622e-24	1
1	-121.5	73.5	121.5	9	74	90	1.7221e-11	2.96564e-22	1
1	-121.5	127.5	127.5	9	92	92	3.52845e-10	1.24499e-19	1
1	-118.5	-145.5	70.5	10	1	73	2.04138e-10	4.16725e-20	1
1	-118.5	-28.5	-7.5	10	40	47	1.04521e-10	1.02786e-20	2
1	-118.5	1.5	-133.5	10	50	5	1.67612e-09	2.79872e-18	2
1	-118.5	1.5	-130.5	10	50	6	3.80069e-09	5.20705e-18	3
1	-118.5	1.5	-127.5	10	50	7	4.24491e-09	2.77377e-18	7
1	-118.5	109.5	7.5	10	86	52	2.28328e-10	5.21338e-20	1
1	-118.5	112.5	-70.5	10	87	26	4.11068e-10	1.68908e-19	2
1	-118.5	112.5	10.5	10	87	53	8.65829e-10	2.8172e-19	3
1	-115.5	1.5	-148.5	11	50	0	8.42033e-14	7.09019e-27	1
1	-112.5	73.5	64.5	12	74	71	1.06771e-09	1.14001e-18	1
1	-112.5	76.5	64.5	12	75	71	9.17574e-10	8.41943e-19	1
1	-109.5	52.5	19.5	13	67	56	1.41844e-10	2.01198e-20	1
1	-109.5	76.5	64.5	13	75	71	2.94489e-09	2.7977e-18	5
1	-109.5	76.5	67.5	13	75	72	3.51466e-09	2.23016e-18	7
1	-106.5	-70.5	28.5	14	26	59	5.64568e-10	1.67854e-19	3
1	-106.5	-31.5	-7.5	14	39	47	2.24591e-11	3.81532e-22	2
1	-106.5	148.5	-22.5	14	99	42	8.07616e-14	6.52243e-27	1
1	-103.5	115.5	-85.5	15	88	21	1.33297e-09	5.97967e-19	4
1	-103.5	118.5	-85.5	15	89	21	2.60522e-09	2.33536e-18	3
1	-100.5	-85.5	-7.5	16	21	47	4.21154e-10	1.773e-19	2
1	-100.5	115.5	-85.5	16	88	21	2.47146e-09	1.03749e-18	6
1	-94.5	-58.5	-7.5	18	30	47	3.43082e-12	1.17705e-23	1
1	-94.5	40.5	115.5	18	63	88	1.34144e-09	1.79947e-18	1
1	-94.5	40.5	118.5	18	63	89	2.51444e-09	2.29333e-18	3
1	-94.5	40.5	121.5	18	63	90	2.12918e-09	9.17105e-19	5
1	-94.5	43.5	118.5	18	64	89	1.61619e-09	8.56635e-19	5
1	-91.5	-55.5	22.5	19	31	57	4.07715e-10	1.66231e-19	1
1	-91.5	61.5	-49.5	19	70	33	1.91737e-09	7.9763e-19	6
1	-88.5	-22.5	-73.5	20	42	25	3.381e-09	1.7195e-18	7
1	-88.5	76.5	94.5	20	75	81	1.03145e-09	3.55794e-19	4
1	-88.5	79.5	100.5	20	76	83	1.31163e-09	6.32163e-19	3
1	-88.5	103.5	-115.5	20	84	11	6.56907e-10	4.31527e-19	1
1	-88.5	106.5	-115.5	20	85	11	7.97899e-10	6.36643e-19	1
1	-88.5	106.5	-112.5	20	85	12	2.81839e-09	1.53177e-18	6
1	-88.5	118.5	88.5	20	89	79	7.33832e-11	5.3851e-21	1
1	-85.5	-4.5	19.5	21	48	56	2.72711e-10	7.42769e-20	2
1	-85.5	67.5	49.5	21	72	66	3.38919e-11	9.52879e-22	2
1	-85.5	79.5	97.5	21	76	82	6.96313e-09	6.50215e-18	8
1	-85.5	79.5	100.5	21	76	83	3.89664e-09	2.80819e-18	10
1	-85.5	109.5	91.5	21	86	80	4.19282e-09	2.61638e-18	7
1	-85.5	112.5	91.5	21	87	80	3.85453e-09	5.24223e-18	3
1	-85.5	115.5	91.5	21	88	80	2.65512e-09	7.04919e-18	2
1	-82.5	-109.5	22.5	22	13	57	6.63212e-11	4.37556e-21	2
1	-82.5	-22.5	64.5	22	42	71	1.39786e-10	1.95166e-20	2
1	-82.5	46.5	19.5	22	65	56	1.49253e-11	2.20266e-22	2
1	-82.5	55.5	40.5	22	68	63	5.66106e-11	3.19524e-21	2
1	-82.5	82.5	49.5	22	77	66	5.44645e-10	2.40703e-19	3
1	-82.5	91.5	139.5	22	80	96	4.94714e-10	1.647e-19	3
1	-82.5	148.5	55.5	22	99	68	8.42033e-14	7.09019e-27	1
1	-79.5	-22.5	-148.5	23	42	0	8.07616e-14	6.52243e-27	1
1	-79.5	52.5	-148.5	23	67	0	8.07616e-14	6.52243e-27	1
1	-79.5	100.5	-148.5	23	83	0	3.18821e-12	1.01647e-23	1
1	-76.5	4.5	-1.5	24	51	49	4.98483e-11	2.46763e-21	2
1	-76.5	55.5	52.5	24	68	67	1.30319e-09	6.99549e-19	3
1	-76.5	58.5	52.5	24	69	67	2.61267e-09	1.8183e-18	5
1	-76.5	142.5	40.5	24	97	63	1.756e-10	3.08353e-20	1
1	-73.5	31.5	-148.5	25	60	0	8.42033e-14	7.09019e-27	1
1	-70.5	-70.5	13.5	26	26	54	6.37867e-09	4.08545e-18	14
1	-70.5	-70.5	16.5	26	26	55	2.87353e-09	1.89495e-18	6
1	-70.5	-16.5	22.5	26	44	57	8.17425e-11	6.66864e-21	2
1	-70.5	19.5	49.5	26	56	66	1.17126e-10	1.36988e-20	2
1	-70.5	55.5	31.5	26	68	60	1.94702e-11	3.72394e-22	2
1	-70.5	64.5	4.5	26	71	51	2.02705e-11	4.07493e-22	2
1	-70.5	88.5	115.5	26	79	88	2.86734e-10	7.26042e-20	3
1	-67.5	-91.5	88.5	27	19	79	1.48009e-09	6.0521e-19	5
1	-64.5	52.5	40.5	28	67	63	4.41847e-11	1.94486e-21	2
1	-64.5	67.5	58.5	28	72	69	8.33463e-11	6.43548e-21	2
1	-64.5	112.5	82.5	28	87	77	4.65859e-10	2.17024e-19	1
1	-64.5	130.5	22.5	28	93	57	2.36316e-09	1.47571e-18	4
1	-61.5	-100.5	-55.5	29	16	31	1.98781e-10	3.82667e-20	2
1	-61.5	31.5	22.5	29	60	57	2.81692e-11	7.83794e-22	2
1	-61.5	64.5	31.5	29	71	60	1.2045e-10	1.4488e-20	2
1	-61.5	130.5	22.5	29	93	57	4.59908e-10	2.11438e-19	2
1	-58.5	94.5	136.5	30	81	95	3.62571e-10	1.31399e-19	2
1	-58.5	118.5	-34.5	30	89	38	1.16764e-09	1.36338e-18	1
1	-58.5	118.5	-31.5	30	89	39	8.51654e-10	7.25314e-19	1
1	-58.5	121.5	-31.5	30	90	39	4.32127e-09	6.59425e-18	4
1	-58.5	142.5	55.5	30	97	68	4.23908e-09	2.22301e-18	9
1	-55.5	7.5	-148.5	31	52	0	8.07616e-14	6.52243e-27	1
1	-55.5	7.5	-145.5	31	52	1	2.58499e-09	1.16021e-18	7
1	-55.5	31.5	37.5	31	60	62	7.90795e-10	6.25224e-19	2
1	-55.5	85.5	109.5	31	78	86	1.43183e-09	2.05014e-18	1
1	-55.5	88.5	106.5	31	79	85	2.8644e-09	8.20479e-18	1
1	-55.5	88.5	109.5	31	79	86	3.06178e-09	4.78611e-18	2
1	-55.5	94.5	88.5	31	81	79	1.22969e-10	1.50787e-20	2
1	-55.5	115.5	-34.5	31	88	38	1.49908e-09	5.87837e-19	4
1	-55.5	118.5	-34.5	31	89	38	1.84596e-09	8.60396e-19	4
1	-55.5	139.5	55.5	31	96	68	2.3443e-09	2.81669e-18	2
1	-55.5	142.5	52.5	31	97	67	3.98661e-09	3.04957e-18	15
1	-55.5	148.5	-55.5	31	99	31	8.42033e-14	7.09019e-27	1
1	-52.5	31.5	40.5	32	60	63	3.26674e-09	1.57997e-18	7
1	-52.5	34.5	46.5	32	61	65	1.16343e-10	1.34955e-20	2
1	-52.5	82.5	109.5	32	77	86	1.52965e-09	6.2133e-19	4
1	-52.5	88.5	112.5	32	79	87	5.28159e-09	3.616e-18	10
1	-52.5	121.5	91.5	32	90	80	6.89725e-11	4.73335e-21	2
1	-52.5	148.5	46.5	32	99	65	8.42033e-14	7.09019e-27	1
1	-52.5	148.5	79.5	32	99	76	3.18821e-12	1.01647e-23	1
1	-49.5	-82.5	10.5	33	22	53	5.16855e-10	2.02694e-19	3
1	-49.5	-22.5	28.5	33	42	59	8.25283e-10	6.81092e-19	1
1	-49.5	-19.5	25.5	33	43	58	6.30443e-09	8.23266e-18	7
1	-49.5	-10.5	91.5	33	46	80	1.20758e-10	1.45824e-20	1
1	-49.5	31.5	-58.5	33	60	30	3.00993e-10	9.0597e-20	1
1	-49.5	37.5	52.5	33	62	67	1.54696e-10	2.39059e-20	2
1	-49.5	79.5	52.5	33	76	67	2.68523e-11	7.1654e-22	2
1	-49.5	103.5	-94.5	33	84	18	4.08459e-10	1.64254e-19	2
1	-49.5	121.5	1.5	33	90	50	4.77544e-10	2.25024e-19	2
1	-49.5	124.5	148.5	33	91	99	2.00757e-09	2.9959e-19	15
1	-49.5	127.5	10.5	33	92	53	2.57897e-10	6.64673e-20	2
1	-49.5	145.5	91.5	33	98	80	1.03126e-10	1.06183e-20	2
1	-46.5	-22.5	28.5	34	42	59	4.13143e-09	2.04043e-18	9
1	-46.5	-19.5	22.5	34	43	57	2.25508e-09	5.08501e-18	2
1	-46.5	28.5	-58.5	34	59	30	2.35327e-10	5.53393e-20	2
1	-46.5	109.5	-94.5	34	86	18	1.5327e-10	2.34386e-20	2
1	-46.5	148.5	43.5	34	99	64	3.18821e-12	1.01647e-23	1
1	-46.5	148.5	91.5	34	99	80	5.07199e-11	2.5725e-21	1
1	-46.5	148.5	118.5	34	99	89	8.07616e-14	6.52243e-27	1
1	-43.5	-100.5	-28.5	35	16	40	2.55732e-10	5.56681e-20	3
1	-43.5	-49.5	-100.5	35	33	16	3.71601e-09	1.749e-18	8
1	-43.5	25.5	10.5	35	58	53	3.60843e-11	1.29601e-21	2
1	-43.5	67.5	-148.5	35	72	0	3.18821e-12	1.01647e-23	1
1	-43.5	67.5	-13.5	35	72	45	7.30454e-10	2.79691e-19	3
1	-43.5	79.5	52.5	35	76	67	8.50444e-11	6.71061e-21	2
1	-43.5	100.5	109.5	35	83	86	1.05952e-10	1.1208e-20	2
1	-43.5	106.5	-28.5	35	85	40	1.57552e-11	2.48228e-22	1
1	-43.5	124.5	-97.5	35	91	17	8.28681e-11	6.85319e-21	2
1	-43.5	136.5	106.5	35	95	85	2.44913e-09	1.19213e-18	6
1	-43.5	145.5	94.5	35	98	81	8.22076e-12	6.75809e-23	1
1	-43.5	145.5	124.5	35	98	91	5.36576e-10	1.00492e-19	3
1	-43.5	145.5	127.5	35	98	92	1.6919e-09	6.90259e-19	5
1	-43.5	148.5	121.5	35	99	90	8.18535e-10	1.1355e-19	7
1	-43.5	148.5	124.5	35	99	91	2.78564e-09	5.16481e-19	16
1	-40.5	-67.5	-118.5	36	27	10	1.60741e-10	2.58107e-20	2
1	-40.5	-64.5	-148.5	36	28	0	1.7345e-13	3.00851e-26	1
1	-40.5	-52.5	-100.5	36	32	16	1.48848e-09	2.21557e-18	1
1	-40.5	-49.5	-103.5	36	33	15	1.50542e-09	2.26628e-18	1
1	-40.5	-49.5	-100.5	36	33	16	2.36838e-09	3.10626e-18	2
1	-40.5	34.5	40.5	36	61	63	3.93392e-10	1.54694e-19	2
1	-40.5	127.5	118.5	36	92	89	1.10092e-09	4.04672e-19	3
1	-40.5	145.5	127.5	36	98	92	4.19141e-09	1.44813e-18	16
1	-40.5	148.5	4.5	36	99	51	2.73132e-10	1.23652e-20	43
1	-37.5	-82.5	49.5	37	22	66	9.22176e-10	4.2553e-19	3
1	-37.5	-82.5	52.5	37	22	67	1.47036e-09	6.14647e-19	4
1	-37.5	-52.5	-40.5	37	32	36	1.03599e-09	1.0731e-18	2
1	-37.5	-52.5	-37.5	37	32	37	8.67054e-10	7.51782e-19	1
1	-37.5	-49.5	-148.5	37	33	0	8.07616e-14	6.52243e-27	1
1	-37.5	46.5	-100.5	37	65	16	6.23933e-10	2.70778e-19	3
1	-37.5	97.5	112.5	37	82	87	7.26341e-10	3.31378e-19	3
1	-37.5	124.5	106.5	37	91	85	1.64058e-09	7.70427e-19	4
1	-37.5	127.5	106.5	37	92	85	4.19726e-10	1.76099e-19	2
1	-37.5	127.5	118.5	37	92	89	1.28471e-09	8.87516e-19	2
1	-37.5	148.5	97.5	37	99	82	8.07616e-14	6.52243e-27	1
1	-34.5	-124.5	-10.5	38	8	46	4.24563e-11	1.7954e-21	2
1	-34.5	-64.5	34.5	38	28	61	1.12298e-09	6.57312e-19	3
1	-34.5	-52.5	-37.5	38	32	37	3.29791e-09	3.22508e-18	4
1	-34.5	-49.5	-37.5	38	33	37	1.09168e-09	4.00353e-19	3
1	-34.5	-31.5	37.5	38	39	62	6.81421e-10	2.41646e-19	3
1	-34.5	-25.5	-40.5	38	41	36	3.64379e-10	1.32772e-19	1
1	-34.5	25.5	-79.5	38	58	23	3.31688e-09	1.39137e-18	9
1	-34.5	25.5	-76.5	38	58	24	2.79944e-09	4.82366e-18	2
1	-34.5	31.5	136.5	38	60	95	1.41056e-09	5.0838e-19	4
1	-34.5	46.5	-100.5	38	65	16	2.55014e-09	6.50276e-18	2
1	-34.5	46.5	-97.5	38	65	17	4.12604e-09	5.55792e-18	5
1	-34.5	100.5	76.5	38	83	75	4.24745e-09	2.22966e-18	9
1	-34.5	106.5	58.5	38	85	69	1.65416e-10	2.73346e-20	2
1	-34.5	112.5	-124.5	38	87	8	5.87929e-10	2.93952e-19	2
1	-34.5	115.5	142.5	38	88	97	3.66002e-11	1.33958e-21	1
1	-34.5	118.5	85.5	38	89	78	3.39783e-11	9.58193e-22	2
1	-34.5	121.5	145.5	38	90	98	6.52037e-09	2.31003e-18	24
1	-34.5	127.5	10.5	38	92	53	2.6031e-11	5.31955e-22	2
1	-34.5	148.5	79.5	38	99	76	8.42033e-14	7.09019e-27	1
1	-34.5	148.5	103.5	38	99	84	8.07616e-14	6.52243e-27	1
1	-31.5	-55.5	91.5	39	31	80	1.19722e-10	1.43333e-20	1
1	-31.5	-46.5	-148.5	39	34	0	1.7345e-13	3.00851e-26	1
1	-31.5	-25.5	-49.5	39	41	33	3.85428e-09	1.48548e-17	2
1	-31.5	-25.5	-46.5	39	41	34	5.86337e-09	1.87875e-17	5
1	-31.5	-25.5	-43.5	39	41	35	9.97119e-10	9.94246e-19	1
1	-31.5	-25.5	-40.5	39	41	36	4.41345e-09	5.28074e-18	5
1	-31.5	-22.5	-37.5	39	42	37	7.45307e-09	6.07793e-18	11
1	-31.5	-19.5	-100.5	39	43	16	1.55316e-09	6.11944e-19	4
1	-31.5	-16.5	-103.5	39	44	15	4.25744e-09	5.32512e-18	6
1	-31.5	-16.5	-100.5	39	44	16	2.40821e-09	1.46858e-18	5
1	-31.5	-13.5	-46.5	39	45	34	5.73033e-10	1.65594e-19	2
1	-31.5	-10.5	7.5	39	46	52	2.21079e-11	3.68119e-22	2
1	-31.5	7.5	-130.5	39	52	6	2.19095e-11	4.80026e-22	1
1	-31.5	10.5	-82.5	39	53	22	1.1842e-10	1.40234e-20	1
1	-31.5	10.5	-79.5	39	53	23	1.18273e-09	4.69458e-19	4
1	-31.5	25.5	-148.5	39	58	0	3.18821e-12	1.01647e-23	1
1	-31.5	25.5	-76.5	39	58	24	1.9844e-09	2.15129e-18	2
1	-31.5	28.5	-79.5	39	59	23	2.1206e-09	4.4966e-18	2
1	-31.5	28.5	-76.5	39	59	24	2.26447e-09	5.12782e-18	1
1	-31.5	34.5	-148.5	39	61	0	2.82506e-10	7.9762e-20	2
1	-31.5	43.5	-148.5	39	64	0	8.42033e-14	7.09019e-27	1
1	-31.5	43.5	-94.5	39	64	18	2.14837e-09	1.55713e-18	3
1	-31.5	46.5	-94.5	39	65	18	4.29262e-09	2.9279e-18	8
1	-31.5	79.5	61.5	39	76	70	3.2611e-09	1.69066e-18	7
1	-31.5	103.5	73.5	39	84	74	2.94317e-09	3.47272e-18	4
1	-31.5	103.5	76.5	39	84	75	1.99469e-09	2.02327e-18	2
1	-31.5	106.5	70.5	39	85	73	2.11238e-09	4.4487e-18	2
1	-31.5	106.5	112.5	39	85	87	3.25799e-10	1.0609e-19	2
1	-31.5	112.5	-1.5	39	87	49	5.50581e-10	1.69907e-19	3
1	-31.5	121.5	145.5	39	90	98	4.60524e-10	1.0353e-19	3
1	-31.5	124.5	145.5	39	91	98	6.43641e-10	9.35547e-20	5
1	-31.5	133.5	142.5	39	94	97	2.61258e-09	1.06635e-18	7
1	-31.5	148.5	115.5	39	99	88	8.42033e-14	7.09019e-27	1
1	-31.5	148.5	121.5	39	99	90	1.7345e-13	3.00851e-26	1
1	-28.5	-118.5	13.5	40	10	54	1.87413e-10	3.51235e-20	1
1	-28.5	-118.5	16.5	40	10	55	3.58016e-11	1.0738e-21	2
1	-28.5	-58.5	37.5	40	30	62	4.07669e-09	4.0091e-18	6
1	-28.5	-58.5	40.5	40	30	63	5.10602e-09	3.2297e-18	11
1	-28.5	-40.5	-64.5	40	36	28	5.29207e-09	6.8598e-18	6
1	-28.5	-40.5	-61.5	40	36	29	4.15964e-09	2.62737e-18	9
1	-28.5	-37.5	-73.5	40	37	25	2.90572e-09	8.44271e-18	2
1	-28.5	-37.5	-70.5	40	37	26	2.31419e-09	5.35546e-18	1
1	-28.5	-37.5	-67.5	40	37	27	2.01905e-09	4.07656e-18	1
1	-28.5	-34.5	-148.5	40	38	0	3.18821e-12	1.01647e-23	1
1	-28.5	-22.5	-148.5	40	42	0	3.18821e-12	1.01647e-23	1
1	-28.5	-16.5	-100.5	40	44	16	2.01847e-09	7.8902e-19	6
1	-28.5	-13.5	-148.5	40	45	0	8.07616e-14	6.52243e-27	1
1	-28.5	-13.5	-106.5	40	45	14	8.53552e-10	7.28551e-19	1
1	-28.5	-13.5	-46.5	40	45	34	3.93601e-10	1.54922e-19	1
1	-28.5	-10.5	-106.5	40	46	14	1.53038e-09	1.22257e-18	2
1	-28.5	-10.5	-103.5	40	46	15	2.10003e-09	8.98017e-19	5
1	-28.5	37.5	-73.5	40	62	25	1.50364e-09	1.14939e-18	3
1	-28.5	37.5	-70.5	40	62	26	2.27764e-09	1.06344e-18	5
1	-28.5	79.5	58.5	40	76	69	6.74823e-10	4.55386e-19	1
1	-28.5	82.5	58.5	40	77	69	9.52285e-10	9.06516e-19	2
1	-28.5	94.5	1.5	40	81	50	5.88763e-11	3.11133e-21	2
1	-28.5	94.5	130.5	40	81	93	4.59805e-09	2.94723e-18	9
1	-28.5	97.5	133.5	40	82	94	5.08481e-09	5.47885e-18	6
1	-28.5	106.5	64.5	40	85	71	1.76904e-09	6.73917e-19	6
1	-28.5	148.5	-34.5	40	99	38	8.07616e-14	6.52243e-27	1
1	-28.5	148.5	28.5	40	99	59	3.18821e-12	1.01647e-23	1
1	-25.5	-55.5	-121.5	41	31	9	2.72904e-10	7.44766e-20	1
1	-25.5	-13.5	-109.5	41	45	13	1.25229e-09	1.56802e-18	2
1	-25.5	-13.5	-106.5	41	45	14	1.06561e-09	1.13552e-18	1
1	-25.5	-10.5	-148.5	41	46	0	8.07616e-14	6.52243e-27	1
1	-25.5	-10.5	-106.5	41	46	14	7.19432e-10	5.17582e-19	1
1	-25.5	22.5	-148.5	41	57	0	3.18821e-12	1.01647e-23	1
1	-25.5	97.5	133.5	41	82	94	1.90976e-09	3.64718e-18	1
1	-25.5	100.5	130.5	41	83	93	2.45069e-09	6.00501e-18	2
1	-25.5	106.5	67.5	41	85	72	9.27237e-10	4.30444e-19	3
1	-25.5	148.5	-1.5	41	99	49	8.42033e-14	7.09019e-27	1
1	-25.5	148.5	22.5	41	99	57	3.18821e-12	1.01647e-23	1
1	-25.5	148.5	130.5	41	99	93	8.53612e-10	2.9981e-19	12
1	-25.5	148.5	133.5	41	99	94	1.18931e-09	8.15964e-20	24
1	-22.5	-127.5	40.5	42	7	63	1.76045e-11	3.06967e-22	2
1	-22.5	-115.5	4.5	42	11	51	8.35418e-12	6.83997e-23	2
1	-22.5	-49.5	-148.5	42	33	0	1.7345e-13	3.00851e-26	1
1	-22.5	10.5	-43.5	42	53	35	8.33085e-11	6.94031e-21	1
1	-22.5	52.5	-1.5	42	67	49	2.64711e-10	7.00719e-20	1
1	-22.5	148.5	76.5	42	99	75	8.42033e-14	7.09019e-27	1
1	-19.5	-76.5	-55.5	43	24	31	1.58888e-10	2.52198e-20	2
1	-19.5	-76.5	139.5	43	24	96	3.33154e-11	1.10991e-21	1
1	-19.5	-64.5	-22.5	43	28	42	2.9773e-11	7.16915e-22	2
1	-19.5	-49.5	97.5	43	33	82	4.67247e-10	2.18242e-19	2
1	-19.5	-34.5	37.5	43	38	62	3.66745e-09	2.13409e-18	8
1	-19.5	-7.5	100.5	43	47	83	2.14216e-09	1.20406e-18	5
1	-19.5	79.5	97.5	43	76	82	4.16474e-09	2.47541e-18	8
1	-19.5	97.5	-148.5	43	82	0	8.42033e-14	7.09019e-27	1
1	-19.5	112.5	-43.5	43	87	35	9.50586e-10	9.0346e-19	2
1	-19.5	112.5	-40.5	43	87	36	1.95283e-09	1.28259e-18	3
1	-19.5	115.5	-43.5	43	88	35	7.6142e-10	5.79761e-19	1
1	-19.5	115.5	-40.5	43	88	36	1.48788e-09	5.66185e-19	6
1	-16.5	-94.5	-40.5	44	18	36	3.91088e-12	1.06869e-23	2
1	-16.5	-73.5	34.5	44	25	61	9.82065e-10	3.64628e-19	4
1	-16.5	-70.5	88.5	44	26	79	2.60688e-09	1.60507e-18	5
1	-16.5	-67.5	88.5	44	27	79	1.01318e-09	1.02653e-18	1
1	-16.5	-13.5	106.5	44	45	85	2.83629e-09	1.4007e-18	8
1	-16.5	37.5	-49.5	44	62	33	1.94489e-10	3.78258e-20	1
1	-16.5	79.5	97.5	44	76	82	3.7948e-09	3.15582e-18	6
1	-16.5	94.5	19.5	44	81	56	3.43308e-10	1.17741e-19	2
1	-16.5	124.5	64.5	44	91	71	1.06966e-09	3.84763e-19	4
1	-16.5	124.5	142.5	44	91	97	1.13337e-09	4.41969e-19	3
1	-16.5	148.5	40.5	44	99	63	3.18821e-12	1.01647e-23	1
1	-13.5	-67.5	88.5	45	27	79	1.57989e-09	1.25762e-18	3
1	-13.5	-37.5	58.5	45	37	69	9.04178e-11	8.16078e-21	2
1	-13.5	-31.5	-37.5	45	39	37	1.0358e-09	3.57632e-19	3
1	-13.5	-28.5	-37.5	45	40	37	1.44688e-09	6.01509e-19	6
1	-13.5	46.5	-10.5	45	65	46	4.55028e-11	1.80069e-21	2
1	-13.5	67.5	73.5	45	72	74	1.73786e-09	1.01584e-18	3
1	-13.5	70.5	73.5	45	73	74	1.03731e-09	6.85904e-19	5
1	-13.5	88.5	25.5	45	79	58	2.52005e-09	1.11578e-18	7
1	-13.5	112.5	94.5	45	87	81	5.94628e-11	3.51526e-21	2
1	-13.5	121.5	31.5	45	90	60	1.91221e-10	3.53665e-20	2
1	-13.5	121.5	133.5	45	90	94	2.18553e-10	4.77652e-20	1
1	-10.5	-25.5	-148.5	46	41	0	8.42033e-14	7.09019e-27	1
1	-10.5	67.5	73.5	46	72	74	2.18292e-09	9.70478e-19	5
1	-10.5	148.5	103.5	46	99	84	8.42033e-14	7.09019e-27	1
1	-7.5	-4.5	-49.5	47	48	33	2.52823e-10	6.38785e-20	2
1	-7.5	43.5	124.5	47	64	91	2.16875e-09	1.02005e-18	5
1	-7.5	76.5	82.5	47	75	77	3.49885e-09	1.60004e-18	8
1	-7.5	94.5	28.5	47	81	59	2.18866e-09	1.0332e-18	8
1	-7.5	112.5	-37.5	47	87	37	6.41991e-10	2.39751e-19	3
1	-7.5	118.5	37.5	47	89	62	1.90152e-10	3.61269e-20	2
1	-7.5	127.5	10.5	47	92	53	1.52329e-09	5.83598e-19	4
1	-7.5	148.5	-10.5	47	99	46	8.07616e-14	6.52243e-27	1
1	-4.5	13.5	-112.5	48	54	12	9.41062e-10	4.91433e-19	3
1	-4.5	37.5	-49.5	48	62	33	8.42033e-14	7.09019e-27	1
1	-4.5	49.5	-148.5	48	66	0	8.42033e-14	7.09019e-27	1
1	-4.5	55.5	142.5	48	68	97	1.4711e-09	5.61143e-19	5
1	-4.5	58.5	19.5	48	69	56	2.16735e-09	9.28649e-19	6
1	-4.5	67.5	22.5	48	72	57	3.31543e-10	1.09865e-19	2
1	-4.5	67.5	25.5	48	72	58	1.2691e-09	4.74713e-19	4
1	-4.5	76.5	82.5	48	75	77	1.55697e-09	1.26712e-18	2
1	-4.5	76.5	85.5	48	75	78	9.00833e-10	8.11499e-19	1
1	-4.5	79.5	82.5	48	76	77	1.17033e-09	1.36926e-18	2
1	-4.5	109.5	-40.5	48	86	36	1.13318e-09	5.69969e-19	4
1	-4.5	112.5	55.5	48	87	68	5.44846e-10	1.92594e-19	2
1	-4.5	118.5	-4.5	48	89	48	4.47221e-09	2.52923e-18	9
1	-4.5	121.5	-7.5	48	90	47	2.11757e-09	2.33143e-18	3
1	-4.5	121.5	-4.5	48	90	48	2.1929e-09	2.45832e-18	2
1	-4.5	124.5	-7.5	48	91	47	1.74116e-09	3.02055e-18	2
1	-4.5	148.5	-31.5	48	99	39	3.18821e-12	1.01647e-23	1
1	-4.5	148.5	16.5	48	99	55	1.7345e-13	3.00851e-26	1
1	-4.5	148.5	22.5	48	99	57	8.42033e-14	7.09019e-27	1
1	-1.5	-34.5	31.5	49	38	60	2.9088e-10	8.45624e-20	2
1	-1.5	37.5	-148.5	49	62	0	8.07616e-14	6.52243e-27	1
1	-1.5	37.5	-115.5	49	62	11	2.36731e-09	5.60379e-18	2
1	-1.5	37.5	-112.5	49	62	12	1.98761e-09	3.95061e-18	1
1	-1.5	37.5	-109.5	49	62	13	4.05492e-09	5.15156e-18	5
1	-1.5	40.5	-109.5	49	63	13	8.54478e-10	7.30132e-19	1
1	-1.5	40.5	-106.5	49	63	14	4.34997e-09	2.2898e-18	9
1	-1.5	97.5	52.5	49	82	67	7.21379e-10	2.64012e-19	3
1	1.5	-37.5	-79.5	50	37	23	7.24727e-11	5.24009e-21	2
1	1.5	-34.5	-73.5	50	38	25	1.7345e-13	3.00851e-26	1
1	1.5	40.5	22.5	50	63	57	3.42957e-11	1.17067e-21	2
1	1.5	52.5	4.5	50	67	51	2.56712e-11	6.54879e-22	2
1	1.5	70.5	76.5	50	73	75	1.57651e-10	2.48537e-20	1
1	1.5	136.5	43.5	50	95	64	3.72598e-09	6.33771e-18	5
1	1.5	139.5	40.5	50	96	63	2.12606e-09	6.55392e-19	7
1	1.5	139.5	43.5	50	96	64	1.43567e-09	5.88704e-19	4
1	1.5	142.5	40.5	50	97	63	1.27791e-09	4.42101e-19	4
1	1.5	145.5	82.5	50	98	77	1.17769e-09	4.71832e-19	4
1	1.5	148.5	31.5	50	99	60	8.07616e-14	6.52243e-27	1
1	1.5	148.5	76.5	50	99	75	3.18821e-12	1.01647e-23	1
1	4.5	-88.5	127.5	51	20	92	1.68911e-11	2.79511e-22	2
1	4.5	-28.5	-76.5	51	40	24	5.34628e-11	2.85827e-21	1
1	4.5	40.5	22.5	51	63	57	1.07162e-09	3.95769e-19	4
1	4.5	97.5	-22.5	51	82	42	1.46225e-09	5.4674e-19	4
1	4.5	130.5	106.5	51	93	85	1.03394e-09	3.9569e-19	3
1	4.5	133.5	43.5	51	94	64	1.7087e-09	2.91966e-18	1
1	4.5	133.5	46.5	51	94	65	3.70512e-09	4.63592e-18	3
1	4.5	133.5	49.5	51	94	66	1.56534e-09	1.22586e-18	2
1	4.5	139.5	16.5	51	96	55	1.14342e-10	1.30741e-20	1
1	4.5	139.5	64.5	51	96	71	4.93382e-09	3.63504e-18	9
1	4.5	139.5	85.5	51	96	78	2.9648e-10	8.79007e-20	1
1	4.5	148.5	85.5	51	99	78	8.07616e-14	6.52243e-27	1
1	7.5	34.5	-46.5	52	61	34	3.17438e-11	1.00234e-21	2
1	7.5	43.5	1.5	52	64	50	4.45141e-10	1.95333e-19	2
1	7.5	103.5	55.5	52	84	68	8.18043e-10	3.36066e-19	2
1	7.5	103.5	58.5	52	84	69	8.00136e-10	3.20193e-19	2
1	7.5	106.5	55.5	52	85	68	5.14805e-10	2.65024e-19	1
1	7.5	133.5	49.5	52	94	66	2.40346e-09	1.22832e-18	5
1	7.5	136.5	49.5	52	95	66	6.85549e-10	2.35124e-19	2
1	7.5	139.5	58.5	52	96	69	1.86662e-09	3.01413e-18	2
1	7.5	139.5	61.5	52	96	70	2.23672e-09	2.53208e-18	2
1	7.5	142.5	58.5	52	97	69	6.40036e-10	1.07468e-19	5
1	7.5	148.5	13.5	52	99	54	8.42033e-14	7.09019e-27	1
1	7.5	148.5	49.5	52	99	66	1.7345e-13	3.00851e-26	1
1	10.5	-127.5	1.5	53	7	50	7.47381e-11	2.97579e-21	4
1	10.5	-100.5	58.5	53	16	69	3.6839e-11	1.35117e-21	2
1	10.5	-19.5	-94.5	53	43	18	3.31997e-10	1.10166e-19	2
1	10.5	28.5	-148.5	53	59	0	8.42033e-14	7.09019e-27	1
1	10.5	31.5	-10.5	53	60	46	2.08971e-11	4.29499e-22	2
1	10.5	49.5	55.5	53	66	68	6.73003e-11	4.50605e-21	2
1	10.5	106.5	16.5	53	85	55	1.69106e-09	6.19611e-19	6
1	10.5	127.5	-148.5	53	92	0	8.42033e-14	7.09019e-27	1
1	13.5	-22.5	-100.5	54	42	16	4.68628e-10	2.19612e-19	1
1	13.5	10.5	-76.5	54	53	24	1.44019e-09	7.25067e-19	4
1	13.5	34.5	82.5	54	61	77	2.8616e-09	1.43931e-18	7
1	13.5	40.5	-148.5	54	63	0	3.18821e-12	1.01647e-23	1
1	13.5	52.5	1.5	54	67	50	4.50943e-10	2.03274e-19	2
1	16.5	-136.5	115.5	55	4	88	6.25588e-12	3.91361e-23	1
1	16.5	-97.5	43.5	55	17	64	1.33223e-11	1.75345e-22	2
1	16.5	-22.5	-100.5	55	42	16	9.97403e-11	9.33247e-21	2
1	16.5	40.5	43.5	55	63	64	2.25035e-09	9.26216e-19	6
1	16.5	46.5	1.5	55	65	50	1.04376e-09	5.45266e-19	2
1	16.5	49.5	-1.5	55	66	49	2.0511e-09	2.1237e-18	3
1	16.5	49.5	1.5	55	66	50	3.00686e-09	1.56392e-18	7
1	16.5	52.5	1.5	55	67	50	7.76292e-10	3.01315e-19	2
1	16.5	79.5	-43.5	55	76	35	1.11049e-09	4.17237e-19	4
1	16.5	112.5	49.5	55	87	66	1.12581e-09	4.78297e-19	4
1	16.5	112.5	52.5	55	87	67	5.82894e-10	3.39765e-19	1
1	16.5	133.5	76.5	55	94	75	2.30786e-10	5.32234e-20	2
1	16.5	136.5	61.5	55	95	70	1.9164e-09	8.33796e-19	6
1	16.5	148.5	-46.5	55	99	34	8.42033e-14	7.09019e-27	1
1	16.5	148.5	13.5	55	99	54	3.18821e-12	1.01647e-23	1
1	16.5	148.5	58.5	55	99	69	8.42033e-14	7.09019e-27	1
1	19.5	-103.5	34.5	56	15	61	2.79739e-09	1.40197e-18	6
1	19.5	-49.5	124.5	56	33	91	4.49822e-10	2.02339e-19	1
1	19.5	-22.5	148.5	56	42	99	6.49678e-10	4.22081e-19	1
1	19.5	37.5	43.5	56	62	64	1.19445e-09	1.42671e-18	1
1	19.5	40.5	43.5	56	63	64	5.73544e-09	9.14499e-18	5
1	19.5	43.5	40.5	56	64	63	3.68079e-09	1.35482e-17	1
1	19.5	46.5	-148.5	56	65	0	8.42033e-14	7.09019e-27	1
1	19.5	55.5	148.5	56	68	99	2.43476e-09	9.9764e-19	6
1	19.5	109.5	52.5	56	86	67	1.32475e-09	8.82496e-19	2
1	19.5	109.5	94.5	56	86	81	3.12949e-09	1.67915e-18	7
1	19.5	109.5	97.5	56	86	82	7.58056e-10	5.74522e-19	2
1	19.5	112.5	49.5	56	87	66	4.78146e-09	5.8524e-18	5
1	19.5	112.5	52.5	56	87	67	3.38494e-09	1.76875e-18	7
1	19.5	112.5	55.5	56	87	68	1.87747e-10	3.5249e-20	1
1	19.5	112.5	94.5	56	87	81	2.57553e-09	3.43566e-18	2
1	19.5	112.5	97.5	56	87	82	6.78152e-10	4.59891e-19	1
1	19.5	115.5	52.5	56	88	67	1.52599e-09	7.95018e-19	3
1	19.5	115.5	94.5	56	88	81	2.25458e-09	5.08313e-18	1
1	19.5	118.5	10.5	56	89	53	2.0763e-09	7.84526e-19	7
1	19.5	121.5	7.5	56	90	52	8.06142e-09	6.43932e-18	12
1	19.5	124.5	4.5	56	91	51	8.32641e-09	1.47019e-17	5
1	19.5	124.5	7.5	56	91	52	2.29467e-09	2.91921e-18	2
1	19.5	130.5	43.5	56	93	64	8.06269e-10	3.26912e-19	2
1	19.5	133.5	85.5	56	94	78	1.5289e-09	7.93463e-19	3
1	19.5	148.5	67.5	56	99	72	8.42033e-14	7.09019e-27	1
1	22.5	-55.5	-148.5	57	31	0	8.07616e-14	6.52243e-27	1
1	22.5	37.5	43.5	57	62	64	3.53729e-09	3.44092e-18	4
1	22.5	40.5	43.5	57	63	64	2.64205e-09	1.35461e-18	8
1	22.5	52.5	-25.5	57	67	41	2.75686e-09	1.89464e-18	6
1	22.5	55.5	-61.5	57	68	29	7.94829e-10	3.17352e-19	3
1	22.5	133.5	82.5	57	94	77	1.52733e-09	2.33275e-18	1
1	22.5	133.5	85.5	57	94	78	3.77467e-09	3.0561e-18	5
1	22.5	136.5	82.5	57	95	77	2.91795e-09	2.97321e-18	4
1	22.5	148.5	7.5	57	99	52	3.18821e-12	1.01647e-23	1
1	25.5	40.5	61.5	58	63	70	3.48654e-10	1.21503e-19	2
1	25.5	52.5	-25.5	58	67	41	1.77719e-09	7.89911e-19	4
1	25.5	61.5	-28.5	58	70	40	2.01553e-11	4.02857e-22	2
1	25.5	64.5	-148.5	58	71	0	8.42033e-14	7.09019e-27	1
1	25.5	94.5	58.5	58	81	69	2.6576e-09	1.05858e-18	7
1	25.5	97.5	55.5	58	82	68	7.016e-10	4.92125e-19	2
1	25.5	97.5	58.5	58	82	69	7.82783e-10	6.12749e-19	1
1	25.5	100.5	127.5	58	83	92	6.12374e-11	3.75002e-21	1
1	25.5	118.5	-103.5	58	89	15	2.09634e-11	4.39465e-22	1
1	25.5	142.5	55.5	58	97	68	9.59694e-11	9.19397e-21	2
1	25.5	148.5	76.5	58	99	75	8.42033e-14	7.09019e-27	1
1	28.5	-118.5	-25.5	59	10	41	1.03928e-09	4.48509e-19	4
1	28.5	-103.5	-64.5	59	15	28	4.8411e-12	1.28967e-23	2
1	28.5	-85.5	10.5	59	21	53	5.19749e-10	2.70052e-19	2
1	28.5	-22.5	-97.5	59	42	17	2.29508e-09	5.25277e-18	2
1	28.5	-19.5	-148.5	59	43	0	8.42033e-14	7.09019e-27	1
1	28.5	-4.5	-148.5	59	48	0	1.7345e-13	3.00851e-26	1
1	28.5	10.5	-103.5	59	53	15	6.82832e-10	2.4484e-19	3
1	28.5	13.5	-148.5	59	54	0	8.42033e-14	7.09019e-27	1
1	28.5	13.5	-109.5	59	54	13	1.10282e-09	4.11968e-19	3
1	28.5	13.5	-106.5	59	54	14	1.95131e-09	9.7416e-19	4
1	28.5	16.5	-112.5	59	55	12	6.6173e-10	4.37775e-19	2
1	28.5	16.5	-109.5	59	55	13	6.31933e-09	1.14673e-17	5
1	28.5	16.5	-106.5	59	55	14	2.59714e-10	6.74511e-20	1
1	28.5	79.5	55.5	59	76	68	2.44626e-09	1.16239e-18	6
1	28.5	121.5	19.5	59	90	56	1.76462e-09	7.88646e-19	4
1	28.5	124.5	13.5	59	91	54	1.16335e-09	1.35298e-18	2
1	28.5	124.5	16.5	59	91	55	3.82409e-09	5.06951e-18	4
1	28.5	124.5	19.5	59	91	56	2.24208e-09	1.12261e-18	5
1	28.5	133.5	-13.5	59	94	45	2.52646e-10	6.38301e-20	1
1	28.5	148.5	-7.5	59	99	47	8.42033e-14	7.09019e-27	1
1	31.5	-58.5	-40.5	60	30	36	7.86586e-10	3.13637e-19	3
1	31.5	-52.5	115.5	60	32	88	1.74134e-10	3.02622e-20	2
1	31.5	-22.5	-97.5	60	42	17	1.74145e-09	3.03266e-18	1
1	31.5	-22.5	-94.5	60	42	18	3.1733e-09	5.09723e-18	2
1	31.5	-22.5	-91.5	60	42	19	2.9482e-09	2.94879e-18	3
1	31.5	-4.5	-148.5	60	48	0	8.07616e-14	6.52243e-27	1
1	31.5	-4.5	-76.5	60	48	24	3.23996e-09	1.72327e-18	8
1	31.5	13.5	-106.5	60	54	14	1.61939e-09	1.36314e-18	2
1	31.5	16.5	-106.5	60	55	14	3.47251e-09	6.62855e-18	2
1	31.5	16.5	-103.5	60	55	15	7.54807e-10	5.69733e-19	1
1	31.5	28.5	-148.5	60	59	0	1.7345e-13	3.00851e-26	1
1	31.5	55.5	-148.5	60	68	0	1.7345e-13	3.00851e-26	1
1	31.5	58.5	-112.5	60	69	12	7.9508e-10	3.16403e-19	3
1	31.5	61.5	112.5	60	70	87	2.53672e-10	6.43494e-20	1
1	31.5	109.5	133.5	60	86	94	1.81888e-09	6.74637e-19	6
1	31.5	121.5	13.5	60	90	54	1.25824e-09	8.00388e-19	2
1	31.5	124.5	13.5	60	91	54	4.88306e-09	3.33193e-18	9
1	31.5	145.5	79.5	60	98	76	1.68305e-09	9.60539e-19	3
1	31.5	145.5	82.5	60	98	77	1.37997e-09	9.2643e-19	3
1	31.5	148.5	76.5	60	99	75	1.7345e-13	3.00851e-26	1
1	34.5	-28.5	-31.5	61	40	39	8.27415e-12	6.70824e-23	2
1	34.5	-22.5	-91.5	61	42	19	2.76138e-09	1.65408e-18	6
1	34.5	-13.5	-40.5	61	45	36	4.47336e-10	1.97277e-19	2
1	34.5	-10.5	-37.5	61	46	37	3.54713e-10	1.25762e-19	2
1	34.5	-4.5	-40.5	61	48	36	1.24205e-09	7.7139e-19	3
1	34.5	-4.5	-37.5	61	48	37	4.75194e-10	2.25809e-19	1
1	34.5	-1.5	-37.5	61	49	37	2.13982e-09	9.31812e-19	5
1	34.5	16.5	-103.5	61	55	15	4.67491e-09	2.73446e-18	9
1	34.5	40.5	19.5	61	63	56	7.02948e-10	4.89674e-19	2
1	34.5	43.5	19.5	61	64	56	2.72054e-09	1.22498e-18	7
1	34.5	103.5	85.5	61	84	78	2.24575e-10	5.03978e-20	2
1	34.5	127.5	58.5	61	92	69	6.98726e-10	2.51434e-19	3
1	34.5	148.5	88.5	61	99	79	8.42033e-14	7.09019e-27	1
1	37.5	-88.5	-148.5	62	20	0	8.42033e-14	7.09019e-27	1
1	37.5	-61.5	-55.5	62	29	31	1.75728e-09	6.22551e-19	5
1	37.5	4.5	-94.5	62	51	18	2.43544e-11	5.84746e-22	2
1	37.5	31.5	1.5	62	60	50	7.01457e-10	2.46113e-19	3
1	37.5	31.5	4.5	62	60	51	7.7106e-10	2.97745e-19	2
1	37.5	34.5	-19.5	62	61	43	1.82787e-11	2.37888e-22	2
1	37.5	94.5	97.5	62	81	82	3.24939e-11	8.6899e-22	2
1	37.5	103.5	94.5	62	84	81	1.89039e-11	3.54187e-22	2
1	37.5	121.5	118.5	62	90	89	1.12729e-10	1.20093e-20	2
1	37.5	136.5	76.5	62	95	75	1.48019e-09	2.19096e-18	1
1	37.5	148.5	61.5	62	99	70	8.07616e-14	6.52243e-27	1
1	37.5	148.5	67.5	62	99	72	3.18821e-12	1.01647e-23	1
1	40.5	-79.5	-7.5	63	23	47	6.87064e-11	4.6968e-21	2
1	40.5	-58.5	-4.5	63	30	48	1.10646e-10	1.22042e-20	2
1	40.5	-28.5	-22.5	63	40	42	3.84076e-11	1.46188e-21	2
1	40.5	-19.5	-52.5	63	43	32	1.27732e-10	1.6294e-20	2
1	40.5	-13.5	-52.5	63	45	32	8.13797e-11	6.59448e-21	2
1	40.5	1.5	-148.5	63	50	0	3.18821e-12	1.01647e-23	1
1	40.5	19.5	-148.5	63	56	0	1.7345e-13	3.00851e-26	1
1	40.5	82.5	94.5	63	77	81	3.8069e-10	1.44925e-19	1
1	40.5	91.5	100.5	63	80	83	1.95036e-10	3.8039e-20	1
1	40.5	94.5	100.5	63	81	83	2.68824e-11	7.13399e-22	2
1	40.5	124.5	55.5	63	91	68	3.0591e-09	1.46616e-18	8
1	40.5	127.5	61.5	63	92	70	9.20737e-11	7.9108e-21	2
1	40.5	136.5	76.5	63	95	75	4.43667e-09	2.72771e-18	8
1	40.5	139.5	76.5	63	96	75	2.0232e-09	2.79614e-18	4
1	40.5	139.5	79.5	63	96	76	1.31239e-09	1.72238e-18	1
1	40.5	142.5	76.5	63	97	75	2.47857e-09	5.94063e-19	12
1	40.5	148.5	-94.5	63	99	18	8.42033e-14	7.09019e-27	1
1	43.5	-106.5	1.5	64	14	50	3.44111e-09	1.71894e-18	8
1	43.5	-103.5	-1.5	64	15	49	1.61263e-09	2.60002e-18	2
1	43.5	-103.5	1.5	64	15	50	1.64077e-09	2.69211e-18	1
1	43.5	-94.5	-4.5	64	18	48	1.28868e-10	1.65852e-20	2
1	43.5	-70.5	-46.5	64	26	34	2.5104e-09	3.2128e-18	2
1	43.5	-70.5	-43.5	64	26	35	1.01655e-08	7.38198e-18	17
1	43.5	-22.5	-1.5	64	42	49	1.02105e-11	1.00773e-22	2
1	43.5	1.5	-91.5	64	50	19	2.75913e-09	7.61235e-18	2
1	43.5	1.5	-88.5	64	50	20	1.24371e-09	1.54682e-18	1
1	43.5	49.5	-55.5	64	66	31	8.42033e-14	7.09019e-27	1
1	43.5	64.5	-55.5	64	71	31	3.31295e-11	9.06645e-22	2
1	43.5	64.5	148.5	64	71	99	1.68904e-09	1.33349e-19	23
1	43.5	67.5	148.5	64	72	99	3.85743e-09	1.70458e-18	11
1	43.5	82.5	94.5	64	77	81	2.30071e-09	1.28639e-18	5
1	43.5	85.5	94.5	64	78	81	1.18682e-09	7.05153e-19	3
1	43.5	103.5	133.5	64	84	94	3.02084e-10	8.93487e-20	2
1	43.5	124.5	55.5	64	91	68	4.21343e-09	5.33318e-18	5
1	43.5	148.5	-28.5	64	99	40	3.18821e-12	1.01647e-23	1
1	43.5	148.5	31.5	64	99	60	8.42033e-14	7.09019e-27	1
1	43.5	148.5	94.5	64	99	81	8.42033e-14	7.09019e-27	1
1	46.5	-106.5	1.5	65	14	50	9.17717e-10	8.42204e-19	1
1	46.5	-106.5	4.5	65	14	51	2.12276e-09	2.28583e-18	2
1	46.5	-103.5	1.5	65	15	50	1.15368e-09	1.33097e-18	1
1	46.5	-70.5	-43.5	65	26	35	3.36019e-09	2.06143e-18	8
1	46.5	-55.5	-13.5	65	31	45	8.54462e-11	7.27147e-21	2
1	46.5	-55.5	115.5	65	31	88	2.01466e-09	1.44816e-18	5
1	46.5	-16.5	1.5	65	44	50	1.65894e-10	2.74927e-20	2
1	46.5	-4.5	-148.5	65	48	0	3.18821e-12	1.01647e-23	1
1	46.5	1.5	-88.5	65	50	20	7.04567e-09	6.07111e-18	11
1	46.5	109.5	7.5	65	86	52	5.9322e-09	1.22554e-17	6
1	46.5	109.5	10.5	65	86	53	2.98121e-09	3.5325e-18	4
1	46.5	112.5	4.5	65	87	51	1.68159e-09	2.81706e-18	2
1	46.5	112.5	13.5	65	87	54	5.13884e-09	2.9742e-18	10
1	46.5	124.5	52.5	65	91	67	1.14506e-09	7.72175e-19	3
1	46.5	124.5	118.5	65	91	89	2.84981e-10	8.11155e-20	2
1	46.5	142.5	52.5	65	97	67	8.67991e-10	5.47481e-19	2
1	46.5	148.5	28.5	65	99	59	8.42033e-14	7.09019e-27	1
1	46.5	148.5	37.5	65	99	62	8.07616e-14	6.52243e-27	1
1	49.5	-115.5	-34.5	66	11	38	5.8159e-11	3.03195e-21	2
1	49.5	-73.5	-148.5	66	25	0	3.18821e-12	1.01647e-23	1
1	49.5	-61.5	-148.5	66	29	0	1.7345e-13	3.00851e-26	1
1	49.5	-40.5	148.5	66	36	99	2.72623e-10	7.42285e-20	2
1	49.5	-4.5	-7.5	66	48	47	1.99926e-09	3.99703e-18	1
1	49.5	-4.5	-4.5	66	48	48	1.12206e-09	1.25902e-18	1
1	49.5	-1.5	-148.5	66	49	0	8.42033e-14	7.09019e-27	1
1	49.5	22.5	1.5	66	57	50	4.74288e-10	2.21945e-19	2
1	49.5	97.5	91.5	66	82	80	1.86023e-09	8.7584e-19	4
1	49.5	136.5	52.5	66	95	67	3.22172e-10	1.03683e-19	2
1	52.5	-121.5	-46.5	67	9	34	4.16434e-11	1.73418e-21	1
1	52.5	-82.5	-1.5	67	22	49	1.91691e-10	3.67131e-20	2
1	52.5	-79.5	1.5	67	23	50	4.80928e-11	2.30517e-21	2
1	52.5	-43.5	148.5	67	35	99	4.41505e-10	1.94856e-19	2
1	52.5	-7.5	-13.5	67	47	45	4.28941e-09	1.83983e-17	2
1	52.5	-7.5	-10.5	67	47	46	2.73984e-09	7.50674e-18	1
1	52.5	-4.5	-7.5	67	48	47	2.01876e-09	4.07538e-18	1
1	52.5	-1.5	-7.5	67	49	47	2.52132e-09	2.25408e-18	3
1	52.5	-1.5	-4.5	67	49	48	8.9958e-10	8.09244e-19	1
1	52.5	1.5	-7.5	67	50	47	2.84694e-09	1.54763e-18	6
1	52.5	64.5	-58.5	67	71	30	1.40053e-10	1.95663e-20	2
1	52.5	97.5	88.5	67	82	79	1.93411e-09	1.26817e-18	4
1	52.5	97.5	91.5	67	82	80	4.88649e-10	2.38778e-19	1
1	52.5	130.5	37.5	67	93	62	1.60153e-10	2.5649e-20	1
1	52.5	145.5	-4.5	67	98	48	2.19419e-10	4.80685e-20	2
1	55.5	-82.5	-43.5	68	22	35	3.48247e-09	3.44795e-18	5
1	55.5	-82.5	-40.5	68	22	36	2.68219e-09	4.867e-18	3
1	55.5	-82.5	-37.5	68	22	37	4.4549e-09	7.22611e-18	4
1	55.5	-82.5	-34.5	68	22	38	3.86807e-09	3.88026e-18	4
1	55.5	-82.5	-31.5	68	22	39	1.80127e-09	1.34011e-18	3
1	55.5	-22.5	-52.5	68	42	32	4.02801e-11	1.38598e-21	2
1	55.5	-10.5	-148.5	68	46	0	8.42033e-14	7.09019e-27	1
1	55.5	91.5	121.5	68	80	90	7.54341e-10	2.85244e-19	2
1	55.5	94.5	100.5	68	81	83	3.68732e-09	3.69116e-18	6
1	55.5	130.5	52.5	68	93	67	2.23012e-09	1.04742e-18	5
1	55.5	148.5	34.5	68	99	61	1.7345e-13	3.00851e-26	1
1	58.5	-109.5	-58.5	69	13	30	8.71341e-11	7.5777e-21	2
1	58.5	-16.5	-61.5	69	44	29	1.41656e-11	1.95811e-22	2
1	58.5	-1.5	-1.5	69	49	49	3.27226e-09	5.44158e-18	3
1	58.5	-1.5	1.5	69	49	50	3.22752e-09	3.62208e-18	3
1	58.5	-1.5	4.5	69	49	51	4.28116e-09	2.01302e-18	10
1	58.5	91.5	103.5	69	80	84	2.09124e-09	8.81061e-19	5
1	58.5	94.5	100.5	69	81	83	1.02698e-09	1.05469e-18	1
1	58.5	94.5	103.5	69	81	84	1.10114e-09	6.19992e-19	2
1	58.5	130.5	52.5	69	93	67	3.34515e-09	2.34089e-18	5
1	58.5	133.5	52.5	69	94	67	1.00201e-09	1.00367e-18	2
1	61.5	-85.5	-28.5	70	21	40	4.13407e-10	1.70762e-19	2
1	61.5	-73.5	7.5	70	25	52	1.66125e-09	5.64043e-19	6
1	61.5	-61.5	148.5	70	29	99	3.92e-09	1.3524e-18	31
1	61.5	-43.5	130.5	70	35	93	1.04243e-09	5.9795e-19	3
1	61.5	-10.5	-148.5	70	46	0	3.18821e-12	1.01647e-23	1
1	61.5	-10.5	-64.5	70	46	28	5.7657e-10	2.1769e-19	3
1	61.5	-4.5	121.5	70	48	90	5.56592e-11	3.08858e-21	2
1	61.5	64.5	-58.5	70	71	30	4.26295e-11	1.81011e-21	2
1	61.5	124.5	52.5	70	91	67	2.81022e-09	1.24565e-18	7
1	61.5	127.5	52.5	70	92	67	5.88486e-10	3.46315e-19	1
1	61.5	148.5	-145.5	70	99	1	8.42033e-14	7.09019e-27	1
1	64.5	-115.5	-46.5	71	11	34	1.63436e-10	2.66839e-20	2
1	64.5	-13.5	-4.5	71	45	48	1.18197e-09	6.49942e-19	4
1	64.5	1.5	-148.5	71	50	0	8.42033e-14	7.09019e-27	1
1	64.5	13.5	-64.5	71	54	28	1.03026e-10	1.05971e-20	2
1	64.5	58.5	-79.5	71	69	23	3.40247e-11	1.15197e-21	2
1	67.5	-22.5	-79.5	72	42	23	1.10021e-11	1.17289e-22	2
1	67.5	-10.5	76.5	72	46	75	1.9669e-11	3.80108e-22	2
1	67.5	76.5	34.5	72	75	61	5.92488e-11	3.50045e-21	2
1	70.5	-97.5	76.5	73	17	75	2.90273e-09	1.76141e-18	5
1	70.5	-97.5	79.5	73	17	76	1.54293e-09	6.06178e-19	4
1	70.5	-94.5	76.5	73	18	75	1.39296e-10	1.93799e-20	2
1	70.5	-25.5	-148.5	73	41	0	3.18821e-12	1.01647e-23	1
1	73.5	-97.5	76.5	74	17	75	8.22203e-10	6.76018e-19	1
1	73.5	-94.5	73.5	74	18	74	7.53337e-10	5.67255e-19	2
1	73.5	-94.5	76.5	74	18	75	3.69313e-09	5.42192e-18	5
1	73.5	-52.5	133.5	74	32	94	5.59857e-11	3.1344e-21	1
1	73.5	-31.5	25.5	74	39	58	3.31613e-09	1.8151e-18	8
1	73.5	-31.5	127.5	74	39	92	4.6984e-12	2.12979e-23	2
1	73.5	-28.5	25.5	74	40	58	9.34422e-10	4.37325e-19	2
1	73.5	-25.5	-109.5	74	41	13	1.31946e-10	1.73885e-20	2
1	73.5	22.5	-127.5	74	57	7	3.01002e-10	9.06021e-20	1
1	73.5	40.5	-76.5	74	63	24	3.12658e-11	9.77552e-22	1
1	73.5	46.5	-76.5	74	65	24	1.22794e-13	8.57941e-27	2
1	73.5	49.5	118.5	74	66	89	3.19763e-11	1.02248e-21	1
1	76.5	-145.5	88.5	75	1	79	9.10591e-10	3.01239e-19	3
1	76.5	-16.5	-148.5	75	44	0	8.42033e-14	7.09019e-27	1
1	76.5	-13.5	19.5	75	45	56	7.18398e-10	2.58035e-19	3
1	76.5	-13.5	22.5	75	45	57	6.88994e-10	2.60715e-19	2
1	76.5	13.5	79.5	75	54	76	8.63629e-10	7.45855e-19	1
1	76.5	13.5	82.5	75	54	77	1.5019e-09	8.21347e-19	3
1	76.5	148.5	118.5	75	99	89	1.7345e-13	3.00851e-26	1
1	79.5	-7.5	-40.5	76	47	36	3.60104e-10	1.27399e-19	2
1	79.5	-4.5	-148.5	76	48	0	1.7345e-13	3.00851e-26	1
1	79.5	13.5	79.5	76	54	76	5.90303e-10	3.48253e-19	2
1	79.5	22.5	-121.5	76	57	9	1.7345e-13	3.00851e-26	1
1	79.5	37.5	16.5	76	62	55	1.21476e-11	1.45532e-22	2
1	79.5	49.5	1.5	76	66	50	2.51745e-10	6.33331e-20	2
1	79.5	133.5	139.5	76	94	96	3.43825e-09	1.92861e-18	7
1	82.5	-46.5	-148.5	77	34	0	8.42033e-14	7.09019e-27	1
1	82.5	-16.5	67.5	77	44	72	3.40528e-11	1.1541e-21	2
1	82.5	-7.5	-40.5	77	47	36	5.21811e-10	1.97956e-19	2
1	82.5	1.5	73.5	77	50	74	5.22941e-10	2.73467e-19	1
1	82.5	4.5	70.5	77	51	73	2.47891e-09	1.70817e-18	5
1	82.5	4.5	73.5	77	51	74	1.99086e-09	7.98803e-19	5
1	82.5	28.5	7.5	77	59	52	7.1622e-11	5.11816e-21	2
1	82.5	28.5	121.5	77	59	90	7.78873e-11	6.05333e-21	2
1	85.5	-7.5	-64.5	78	47	28	1.19102e-09	1.41812e-18	2
1	85.5	-4.5	-64.5	78	48	28	1.5461e-09	1.20816e-18	2
1	85.5	61.5	-64.5	78	70	28	1.36687e-10	1.86611e-20	2
1	88.5	-37.5	-49.5	79	37	33	1.30706e-09	5.72356e-19	3
1	88.5	-37.5	-46.5	79	37	34	8.87065e-10	3.10592e-19	3
1	88.5	-34.5	-49.5	79	38	33	4.82552e-10	2.298e-19	2
1	88.5	-28.5	-7.5	79	40	47	2.73142e-10	7.46065e-20	1
1	88.5	-7.5	-64.5	79	47	28	1.44646e-09	2.09226e-18	1
1	88.5	-4.5	-64.5	79	48	28	1.1919e-09	7.97665e-19	2
1	88.5	-4.5	-61.5	79	48	29	2.10484e-09	9.12547e-19	5
1	88.5	7.5	25.5	79	52	58	9.17711e-10	2.99371e-19	4
1	88.5	97.5	28.5	79	82	59	3.26243e-10	1.06434e-19	1
1	88.5	100.5	28.5	79	83	59	4.31386e-10	1.85944e-19	2
1	91.5	-13.5	118.5	80	45	89	3.51647e-10	1.23596e-19	2
1	91.5	-13.5	121.5	80	45	90	9.30085e-10	3.88725e-19	4
1	91.5	-7.5	73.5	80	47	74	5.08031e-12	2.58096e-23	1
1	91.5	34.5	-31.5	80	61	39	6.43101e-11	4.12498e-21	2
1	94.5	-52.5	-7.5	81	32	47	6.34925e-10	4.0313e-19	1
1	94.5	-22.5	46.5	81	42	65	3.27806e-09	2.0103e-18	7
1	94.5	-10.5	-94.5	81	46	18	1.35516e-11	1.83647e-22	1
1	94.5	40.5	76.5	81	63	75	8.07109e-10	3.6994e-19	3
1	94.5	40.5	121.5	81	63	90	1.85024e-10	3.42028e-20	2
1	97.5	-52.5	-7.5	82	32	47	3.39768e-09	2.49781e-18	5
1	97.5	-52.5	91.5	82	32	80	1.39554e-10	1.94754e-20	1
1	97.5	-34.5	-58.5	82	38	30	2.79344e-10	7.80333e-20	1
1	97.5	79.5	28.5	82	76	59	3.44736e-10	1.18843e-19	1
1	97.5	85.5	136.5	82	78	95	3.7748e-10	1.42491e-19	1
1	97.5	148.5	-43.5	82	99	35	8.42033e-14	7.09019e-27	1
1	100.5	148.5	139.5	83	99	96	1.85437e-11	3.43868e-22	1
1	103.5	40.5	-109.5	84	63	13	1.43829e-10	2.06625e-20	2
1	103.5	82.5	49.5	84	77	66	7.47164e-11	5.12644e-21	2
1	106.5	1.5	-103.5	85	50	15	1.0437e-10	1.0248e-20	2
1	106.5	40.5	-118.5	85	63	10	1.11757e-10	1.24708e-20	2
1	106.5	46.5	-121.5	85	65	9	2.88922e-10	8.33759e-20	2
1	106.5	46.5	-118.5	85	65	10	1.51383e-10	2.28914e-20	2
1	106.5	79.5	-13.5	85	76	45	1.45495e-10	2.11185e-20	2
1	106.5	142.5	106.5	85	97	85	2.22599e-11	4.91768e-22	2
1	109.5	97.5	-10.5	86	82	46	8.79901e-10	3.85122e-19	3
1	109.5	100.5	124.5	86	83	91	1.21585e-09	5.01259e-19	4
1	112.5	-67.5	-97.5	87	27	17	4.15873e-10	1.7288e-19	2
1	112.5	43.5	-118.5	87	64	10	3.39414e-10	1.15202e-19	1
1	112.5	43.5	-115.5	87	64	11	6.50728e-11	3.83987e-21	2
1	112.5	112.5	4.5	87	87	51	5.54539e-11	1.55831e-21	3
1	115.5	-127.5	-46.5	88	7	34	1.08124e-10	1.16908e-20	1
1	115.5	-10.5	97.5	88	46	82	4.0672e-10	1.65353e-19	2
1	115.5	91.5	22.5	88	80	57	1.19191e-10	1.42065e-20	1
1	118.5	-10.5	97.5	89	46	82	3.77671e-10	1.42636e-19	1
1	118.5	91.5	-7.5	89	80	47	6.57638e-11	4.30213e-21	2
1	118.5	112.5	4.5	89	87	51	2.93361e-10	8.60609e-20	1
1	121.5	76.5	16.5	90	75	55	2.35396e-11	5.50325e-22	2
1	121.5	121.5	55.5	90	90	68	9.02083e-10	3.16745e-19	3
1	127.5	-85.5	-148.5	92	21	0	8.42033e-14	7.09019e-27	1
1	127.5	-49.5	-103.5	92	33	15	7.9872e-10	3.17566e-19	3
1	127.5	76.5	22.5	92	75	57	2.4261e-10	5.88186e-20	2
1	145.5	-106.5	-58.5	98	14	30	1.72868e-09	9.85707e-19	4
1	148.5	121.5	-31.5	99	90	39	3.47643e-10	1.20855e-19	1
