7.814E+02
4.893E+02
3.583E+02
2.860E+02
2.402E+02
2.083E+02
1.847E+02
1.663E+02
1.517E+02
1.396E+02
1.296E+02
1.210E+02
1.136E+02
1.071E+02
1.014E+02
9.637E+01
9.184E+01
8.775E+01
8.405E+01
8.068E+01
7.760E+01
7.476E+01
7.215E+01
6.973E+01
6.748E+01
6.538E+01
6.342E+01
6.159E+01
5.987E+01
5.825E+01
5.672E+01
5.529E+01
5.393E+01
5.264E+01
5.141E+01
5.025E+01
4.915E+01
4.809E+01
4.709E+01
4.613E+01
4.521E+01
4.433E+01
4.349E+01
4.269E+01
4.191E+01
4.117E+01
4.045E+01
3.977E+01
3.910E+01
3.846E+01
3.785E+01
3.725E+01
3.668E+01
3.612E+01
3.558E+01
3.506E+01
3.456E+01
3.407E+01
3.360E+01
3.314E+01
3.270E+01
3.227E+01
3.185E+01
3.144E+01
3.105E+01
3.066E+01
3.029E+01
2.992E+01
2.957E+01
2.922E+01
2.888E+01
2.856E+01
2.824E+01
2.792E+01
2.762E+01
2.732E+01
2.703E+01
2.675E+01
2.647E+01
2.620E+01
2.594E+01
2.568E+01
2.542E+01
2.518E+01
2.493E+01
2.470E+01
2.446E+01
2.424E+01
2.401E+01
2.380E+01
2.358E+01
2.337E+01
2.317E+01
2.297E+01
2.277E+01
2.258E+01
2.238E+01
2.220E+01
2.202E+01
2.184E+01
2.166E+01
2.149E+01
2.132E+01
2.115E+01
2.098E+01
2.082E+01
2.066E+01
2.051E+01
2.035E+01
2.020E+01
2.006E+01
1.991E+01
1.977E+01
1.962E+01
1.949E+01
1.935E+01
1.921E+01
1.908E+01
1.895E+01
1.882E+01
1.870E+01
1.857E+01
1.845E+01
1.833E+01
1.821E+01
1.809E+01
1.798E+01
1.786E+01
1.775E+01
1.764E+01
1.753E+01
1.742E+01
1.732E+01
1.721E+01
1.711E+01
1.701E+01
1.690E+01
1.681E+01
1.671E+01
1.661E+01
1.652E+01
1.642E+01
1.633E+01
1.624E+01
1.615E+01
1.606E+01
1.597E+01
1.588E+01
1.580E+01
1.571E+01
1.563E+01
1.554E+01
1.546E+01
1.538E+01
1.530E+01
1.522E+01
1.514E+01
1.507E+01
1.499E+01
1.491E+01
1.484E+01
1.477E+01
1.469E+01
1.462E+01
1.455E+01
1.448E+01
1.441E+01
1.434E+01
1.427E+01
1.420E+01
1.414E+01
1.407E+01
1.401E+01
1.394E+01
1.388E+01
1.381E+01
1.375E+01
1.369E+01
1.363E+01
1.357E+01
1.351E+01
1.345E+01
1.339E+01
1.333E+01
1.327E+01
1.322E+01
1.316E+01
1.310E+01
1.305E+01
1.299E+01
1.294E+01
1.289E+01
1.283E+01
1.278E+01
1.273E+01
1.268E+01
1.262E+01
1.257E+01
1.252E+01
1.247E+01
1.242E+01
1.237E+01
1.233E+01
1.228E+01
1.223E+01
1.218E+01
1.214E+01
1.209E+01
1.204E+01
1.200E+01
1.195E+01
1.191E+01
1.186E+01
1.182E+01
1.178E+01
1.173E+01
1.169E+01
1.165E+01
1.161E+01
1.156E+01
1.152E+01
1.148E+01
1.144E+01
1.140E+01
1.136E+01
1.132E+01
1.128E+01
1.124E+01
1.120E+01
1.117E+01
1.113E+01
1.109E+01
1.105E+01
1.101E+01
1.098E+01
1.094E+01
1.090E+01
1.087E+01
1.083E+01
1.080E+01
1.076E+01
1.073E+01
1.069E+01
1.066E+01
1.062E+01
1.059E+01
1.056E+01
1.052E+01
1.049E+01
1.046E+01
1.042E+01
1.039E+01
1.036E+01
1.033E+01
1.030E+01
1.026E+01
1.023E+01
1.020E+01
1.017E+01
1.014E+01
1.011E+01
1.008E+01
1.005E+01
1.002E+01
9.991E+00
9.962E+00
9.933E+00
9.904E+00
9.875E+00
9.847E+00
9.818E+00
9.790E+00
9.762E+00
9.735E+00
9.707E+00
9.680E+00
9.653E+00
9.626E+00
9.599E+00
9.572E+00
9.546E+00
9.520E+00
9.493E+00
9.468E+00
9.442E+00
9.416E+00
9.391E+00
9.366E+00
9.340E+00
9.316E+00
9.291E+00
9.266E+00
9.242E+00
9.217E+00
9.193E+00
9.169E+00
9.145E+00
9.122E+00
9.098E+00
9.075E+00
9.052E+00
9.028E+00
9.005E+00
8.983E+00
8.960E+00
8.937E+00
8.915E+00
8.893E+00
8.871E+00
8.849E+00
8.827E+00
8.805E+00
8.783E+00
8.762E+00
8.741E+00
8.719E+00
8.698E+00
8.677E+00
8.656E+00
8.636E+00
8.615E+00
8.595E+00
8.574E+00
8.554E+00
8.534E+00
8.514E+00
8.494E+00
8.474E+00
8.455E+00
8.435E+00
8.416E+00
8.396E+00
8.377E+00
8.358E+00
8.339E+00
8.320E+00
8.301E+00
8.282E+00
8.264E+00
8.245E+00
8.227E+00
8.209E+00
8.190E+00
8.172E+00
8.154E+00
8.136E+00
8.119E+00
8.101E+00
8.083E+00
8.066E+00
8.048E+00
8.031E+00
8.014E+00
7.997E+00
7.980E+00
7.963E+00
7.946E+00
7.929E+00
7.912E+00
7.896E+00
7.879E+00
7.863E+00
7.847E+00
7.830E+00
7.814E+00
7.798E+00
7.782E+00
7.766E+00
7.750E+00
7.734E+00
7.719E+00
7.703E+00
7.688E+00
7.672E+00
7.657E+00
7.641E+00
7.626E+00
7.611E+00
7.596E+00
7.581E+00
7.566E+00
7.551E+00
7.536E+00
7.522E+00
7.507E+00
7.493E+00
7.478E+00
7.464E+00
7.449E+00
7.435E+00
7.421E+00
7.407E+00
7.393E+00
7.379E+00
7.365E+00
7.351E+00
7.337E+00
7.323E+00
7.309E+00
7.296E+00
7.282E+00
7.269E+00
7.255E+00
7.242E+00
7.229E+00
7.216E+00
7.202E+00
7.189E+00
7.176E+00
7.163E+00
7.150E+00
7.137E+00
7.125E+00
7.112E+00
7.099E+00
7.086E+00
7.074E+00
7.061E+00
7.049E+00
7.036E+00
7.024E+00
7.012E+00
7.000E+00
6.987E+00
6.975E+00
6.963E+00
6.951E+00
6.939E+00
6.927E+00
6.915E+00
6.903E+00
6.892E+00
6.880E+00
6.868E+00
6.857E+00
6.845E+00
6.834E+00
6.822E+00
6.811E+00
6.799E+00
6.788E+00
6.777E+00
6.766E+00
6.754E+00
6.743E+00
6.732E+00
6.721E+00
6.710E+00
6.699E+00
6.688E+00
6.677E+00
6.667E+00
6.656E+00
6.645E+00
6.634E+00
6.624E+00
6.613E+00
6.603E+00
6.592E+00
6.582E+00
6.571E+00
6.561E+00
6.551E+00
6.540E+00
6.530E+00
6.520E+00
6.510E+00
6.500E+00
6.490E+00
6.480E+00
6.470E+00
6.460E+00
6.450E+00
6.440E+00
6.430E+00
6.420E+00
6.411E+00
6.401E+00
6.391E+00
6.381E+00
6.372E+00
6.362E+00
6.353E+00
6.343E+00
6.334E+00
6.324E+00
6.315E+00
6.306E+00
6.296E+00
6.287E+00
6.278E+00
6.269E+00
6.260E+00
6.250E+00
6.241E+00
6.232E+00
6.223E+00
6.214E+00
6.205E+00
6.196E+00
6.187E+00
6.179E+00
6.170E+00
6.161E+00
6.152E+00
6.144E+00
6.135E+00
6.126E+00
6.118E+00
6.109E+00
6.100E+00
6.092E+00
6.083E+00
6.075E+00
6.066E+00
6.058E+00
6.050E+00
6.041E+00
6.033E+00
6.025E+00
6.017E+00
6.008E+00
6.000E+00
5.992E+00
5.984E+00
5.976E+00
5.968E+00
5.960E+00
5.952E+00
5.944E+00
5.936E+00
5.928E+00
5.920E+00
5.912E+00
5.904E+00
5.896E+00
5.889E+00
5.881E+00
5.873E+00
5.865E+00
5.858E+00
5.850E+00
5.842E+00
5.835E+00
5.827E+00
5.820E+00
5.812E+00
5.805E+00
5.797E+00
5.790E+00
5.782E+00
5.775E+00
5.768E+00
5.760E+00
5.753E+00
5.746E+00
5.738E+00
5.731E+00
5.724E+00
5.717E+00
5.710E+00
5.702E+00
5.695E+00
5.688E+00
5.681E+00
5.674E+00
5.667E+00
5.660E+00
5.653E+00
5.646E+00
5.639E+00
5.632E+00
5.625E+00
5.619E+00
5.612E+00
5.605E+00
5.598E+00
5.591E+00
5.585E+00
5.578E+00
5.571E+00
5.565E+00
5.558E+00
5.551E+00
5.545E+00
5.538E+00
5.531E+00
5.525E+00
5.518E+00
5.512E+00
5.505E+00
5.499E+00
5.493E+00
5.486E+00
5.480E+00
5.473E+00
5.467E+00
5.461E+00
5.454E+00
5.448E+00
5.442E+00
5.435E+00
5.429E+00
5.423E+00
5.417E+00
5.411E+00
5.404E+00
5.398E+00
5.392E+00
5.386E+00
5.380E+00
5.374E+00
5.368E+00
5.362E+00
5.356E+00
5.350E+00
5.344E+00
5.338E+00
5.332E+00
5.326E+00
5.320E+00
5.314E+00
5.308E+00
5.303E+00
5.297E+00
5.291E+00
5.285E+00
5.279E+00
5.274E+00
5.268E+00
5.262E+00
5.256E+00
5.251E+00
5.245E+00
5.239E+00
5.234E+00
5.228E+00
5.223E+00
5.217E+00
5.211E+00
5.206E+00
5.200E+00
5.195E+00
5.189E+00
5.184E+00
5.178E+00
5.173E+00
5.167E+00
5.162E+00
5.157E+00
5.151E+00
5.146E+00
5.141E+00
5.135E+00
5.130E+00
5.125E+00
5.119E+00
5.114E+00
5.109E+00
5.103E+00
5.098E+00
5.093E+00
5.088E+00
5.083E+00
5.077E+00
5.072E+00
5.067E+00
5.062E+00
5.057E+00
5.052E+00
5.047E+00
5.042E+00
5.037E+00
5.032E+00
5.027E+00
5.022E+00
5.017E+00
5.012E+00
5.007E+00
5.002E+00
4.997E+00
4.992E+00
4.987E+00
4.982E+00
4.977E+00
4.972E+00
4.967E+00
4.962E+00
4.958E+00
4.953E+00
4.948E+00
4.943E+00
4.938E+00
4.934E+00
4.929E+00
4.924E+00
4.919E+00
4.915E+00
4.910E+00
4.905E+00
4.901E+00
4.896E+00
4.891E+00
4.887E+00
4.882E+00
4.878E+00
4.873E+00
4.868E+00
4.864E+00
4.859E+00
4.855E+00
4.850E+00
4.846E+00
4.841E+00
4.837E+00
4.832E+00
4.828E+00
4.823E+00
4.819E+00
4.814E+00
4.810E+00
4.805E+00
4.801E+00
4.797E+00
4.792E+00
4.788E+00
4.784E+00
4.779E+00
4.775E+00
4.771E+00
4.766E+00
4.762E+00
4.758E+00
4.753E+00
4.749E+00
4.745E+00
4.741E+00
4.736E+00
4.732E+00
4.728E+00
4.724E+00
4.720E+00
4.715E+00
4.711E+00
4.707E+00
4.703E+00
4.699E+00
4.695E+00
4.691E+00
4.686E+00
4.682E+00
4.678E+00
4.674E+00
4.670E+00
4.666E+00
4.662E+00
4.658E+00
4.654E+00
4.650E+00
4.646E+00
4.642E+00
4.638E+00
4.634E+00
4.630E+00
4.626E+00
4.622E+00
4.618E+00
4.614E+00
4.610E+00
4.607E+00
4.603E+00
4.599E+00
4.595E+00
4.591E+00
4.587E+00
4.583E+00
4.579E+00
4.576E+00
4.572E+00
4.568E+00
4.564E+00
4.560E+00
4.557E+00
4.553E+00
4.549E+00
4.545E+00
4.542E+00
4.538E+00
4.534E+00
4.531E+00
4.527E+00
4.523E+00
4.519E+00
4.516E+00
4.512E+00
4.508E+00
4.505E+00
4.501E+00
4.498E+00
4.494E+00
4.490E+00
4.487E+00
4.483E+00
4.480E+00
4.476E+00
4.472E+00
4.469E+00
4.465E+00
4.462E+00
4.458E+00
4.455E+00
4.451E+00
4.448E+00
4.444E+00
4.441E+00
4.437E+00
4.434E+00
4.430E+00
4.427E+00
4.423E+00
4.420E+00
4.416E+00
4.413E+00
4.410E+00
4.406E+00
4.403E+00
4.399E+00
4.396E+00
4.393E+00
4.389E+00
4.386E+00
4.383E+00
4.379E+00
4.376E+00
4.373E+00
4.369E+00
4.366E+00
4.363E+00
4.359E+00
4.356E+00
4.353E+00
4.349E+00
4.346E+00
4.343E+00
4.340E+00
4.336E+00
4.333E+00
4.330E+00
4.327E+00
4.323E+00
4.320E+00
4.317E+00
4.314E+00
4.311E+00
4.307E+00
4.304E+00
4.301E+00
4.298E+00
4.295E+00
4.292E+00
4.289E+00
4.285E+00
4.282E+00
4.279E+00
4.276E+00
4.273E+00
4.270E+00
4.267E+00
4.264E+00
4.261E+00
4.258E+00
4.254E+00
4.251E+00
4.248E+00
4.245E+00
4.242E+00
4.239E+00
4.236E+00
4.233E+00
4.230E+00
4.227E+00
4.224E+00
4.221E+00
4.218E+00
4.215E+00
4.212E+00
4.209E+00
4.206E+00
4.203E+00
4.200E+00
4.198E+00
4.195E+00
4.192E+00
4.189E+00
4.186E+00
4.183E+00
4.180E+00
4.177E+00
4.174E+00
4.171E+00
4.169E+00
4.166E+00
4.163E+00
4.160E+00
4.157E+00
4.154E+00
4.151E+00
4.149E+00
4.146E+00
4.143E+00
4.140E+00
4.137E+00
4.135E+00
4.132E+00
4.129E+00
4.126E+00
4.123E+00
4.121E+00
4.118E+00
4.115E+00
4.112E+00
4.110E+00
4.107E+00
4.104E+00
4.101E+00
4.099E+00
4.096E+00
4.093E+00
4.091E+00
4.088E+00
4.085E+00
4.082E+00
4.080E+00
4.077E+00
4.074E+00
4.072E+00
4.069E+00
4.066E+00
4.064E+00
4.061E+00
4.059E+00
4.056E+00
4.053E+00
4.051E+00
4.048E+00
4.045E+00
4.043E+00
4.040E+00
4.038E+00
4.035E+00
4.032E+00
4.030E+00
4.027E+00
4.025E+00
4.022E+00
4.020E+00
4.017E+00
4.014E+00
4.012E+00
4.009E+00
4.007E+00
4.004E+00
4.002E+00
3.999E+00
3.997E+00
3.994E+00
3.992E+00
3.989E+00
3.987E+00
3.984E+00
3.982E+00
3.979E+00
3.977E+00
3.974E+00
3.972E+00
3.969E+00
3.967E+00
3.965E+00
3.962E+00
3.960E+00
3.957E+00
3.955E+00
3.952E+00
3.950E+00
3.948E+00
3.945E+00
3.943E+00
3.940E+00
3.938E+00
3.936E+00
3.933E+00
3.931E+00
3.928E+00
3.926E+00
3.924E+00
3.921E+00
3.919E+00
3.917E+00
3.914E+00
3.912E+00
