8.757E+02
4.845E+02
3.471E+02
2.775E+02
2.334E+02
2.027E+02
1.799E+02
1.621E+02
1.479E+02
1.362E+02
1.264E+02
1.181E+02
1.109E+02
1.046E+02
9.901E+01
9.406E+01
8.963E+01
8.564E+01
8.203E+01
7.873E+01
7.571E+01
7.294E+01
7.038E+01
6.802E+01
6.582E+01
6.377E+01
6.186E+01
6.007E+01
5.839E+01
5.681E+01
5.532E+01
5.391E+01
5.259E+01
5.133E+01
5.014E+01
4.900E+01
4.792E+01
4.689E+01
4.591E+01
4.498E+01
4.408E+01
4.322E+01
4.240E+01
4.161E+01
4.086E+01
4.013E+01
3.943E+01
3.876E+01
3.811E+01
3.749E+01
3.689E+01
3.631E+01
3.575E+01
3.521E+01
3.468E+01
3.417E+01
3.368E+01
3.321E+01
3.275E+01
3.230E+01
3.187E+01
3.144E+01
3.104E+01
3.064E+01
3.025E+01
2.988E+01
2.951E+01
2.916E+01
2.881E+01
2.847E+01
2.814E+01
2.782E+01
2.751E+01
2.721E+01
2.691E+01
2.662E+01
2.634E+01
2.606E+01
2.579E+01
2.552E+01
2.527E+01
2.501E+01
2.477E+01
2.453E+01
2.429E+01
2.406E+01
2.383E+01
2.361E+01
2.339E+01
2.318E+01
2.297E+01
2.277E+01
2.257E+01
2.237E+01
2.218E+01
2.199E+01
2.180E+01
2.162E+01
2.144E+01
2.127E+01
2.110E+01
2.093E+01
2.076E+01
2.060E+01
2.044E+01
2.028E+01
2.013E+01
1.997E+01
1.983E+01
1.968E+01
1.953E+01
1.939E+01
1.925E+01
1.911E+01
1.898E+01
1.885E+01
1.871E+01
1.858E+01
1.846E+01
1.833E+01
1.821E+01
1.809E+01
1.797E+01
1.785E+01
1.773E+01
1.762E+01
1.751E+01
1.740E+01
1.729E+01
1.718E+01
1.707E+01
1.697E+01
1.686E+01
1.676E+01
1.666E+01
1.656E+01
1.646E+01
1.637E+01
1.627E+01
1.618E+01
1.608E+01
1.599E+01
1.590E+01
1.581E+01
1.572E+01
1.564E+01
1.555E+01
1.547E+01
1.538E+01
1.530E+01
1.522E+01
1.514E+01
1.506E+01
1.498E+01
1.490E+01
1.482E+01
1.475E+01
1.467E+01
1.460E+01
1.452E+01
1.445E+01
1.438E+01
1.431E+01
1.424E+01
1.417E+01
1.410E+01
1.403E+01
1.396E+01
1.390E+01
1.383E+01
1.377E+01
1.370E+01
1.364E+01
1.358E+01
1.351E+01
1.345E+01
1.339E+01
1.333E+01
1.327E+01
1.321E+01
1.315E+01
1.309E+01
1.304E+01
1.298E+01
1.292E+01
1.287E+01
1.281E+01
1.276E+01
1.271E+01
1.265E+01
1.260E+01
1.255E+01
1.249E+01
1.244E+01
1.239E+01
1.234E+01
1.229E+01
1.224E+01
1.219E+01
1.214E+01
1.210E+01
1.205E+01
1.200E+01
1.195E+01
1.191E+01
1.186E+01
1.182E+01
1.177E+01
1.173E+01
1.168E+01
1.164E+01
1.160E+01
1.155E+01
1.151E+01
1.147E+01
1.142E+01
1.138E+01
1.134E+01
1.130E+01
1.126E+01
1.122E+01
1.118E+01
1.114E+01
1.110E+01
1.106E+01
1.102E+01
1.098E+01
1.095E+01
1.091E+01
1.087E+01
1.083E+01
1.080E+01
1.076E+01
1.072E+01
1.069E+01
1.065E+01
1.062E+01
1.058E+01
1.055E+01
1.051E+01
1.048E+01
1.044E+01
1.041E+01
1.038E+01
1.034E+01
1.031E+01
1.028E+01
1.024E+01
1.021E+01
1.018E+01
1.015E+01
1.012E+01
1.009E+01
1.005E+01
1.002E+01
9.993E+00
9.963E+00
9.933E+00
9.903E+00
9.873E+00
9.843E+00
9.814E+00
9.785E+00
9.756E+00
9.727E+00
9.698E+00
9.670E+00
9.642E+00
9.614E+00
9.586E+00
9.559E+00
9.531E+00
9.504E+00
9.477E+00
9.450E+00
9.424E+00
9.397E+00
9.371E+00
9.345E+00
9.319E+00
9.293E+00
9.268E+00
9.242E+00
9.217E+00
9.192E+00
9.167E+00
9.142E+00
9.118E+00
9.093E+00
9.069E+00
9.045E+00
9.021E+00
8.997E+00
8.973E+00
8.950E+00
8.926E+00
8.903E+00
8.880E+00
8.857E+00
8.834E+00
8.812E+00
8.789E+00
8.767E+00
8.745E+00
8.723E+00
8.701E+00
8.679E+00
8.657E+00
8.636E+00
8.614E+00
8.593E+00
8.572E+00
8.551E+00
8.530E+00
8.509E+00
8.488E+00
8.468E+00
8.447E+00
8.427E+00
8.407E+00
8.387E+00
8.367E+00
8.347E+00
8.327E+00
8.308E+00
8.288E+00
8.269E+00
8.249E+00
8.230E+00
8.211E+00
8.192E+00
8.173E+00
8.155E+00
8.136E+00
8.118E+00
8.099E+00
8.081E+00
8.063E+00
8.045E+00
8.027E+00
8.009E+00
7.991E+00
7.973E+00
7.956E+00
7.938E+00
7.921E+00
7.903E+00
7.886E+00
7.869E+00
7.852E+00
7.835E+00
7.818E+00
7.801E+00
7.784E+00
7.768E+00
7.751E+00
7.735E+00
7.719E+00
7.702E+00
7.686E+00
7.670E+00
7.654E+00
7.638E+00
7.622E+00
7.607E+00
7.591E+00
7.575E+00
7.560E+00
7.544E+00
7.529E+00
7.514E+00
7.498E+00
7.483E+00
7.468E+00
7.453E+00
7.438E+00
7.424E+00
7.409E+00
7.394E+00
7.380E+00
7.365E+00
7.351E+00
7.336E+00
7.322E+00
7.308E+00
7.293E+00
7.279E+00
7.265E+00
7.251E+00
7.237E+00
7.224E+00
7.210E+00
7.196E+00
7.182E+00
7.169E+00
7.155E+00
7.142E+00
7.129E+00
7.115E+00
7.102E+00
7.089E+00
7.076E+00
7.063E+00
7.050E+00
7.037E+00
7.024E+00
7.011E+00
6.998E+00
6.985E+00
6.973E+00
6.960E+00
6.948E+00
6.935E+00
6.923E+00
6.910E+00
6.898E+00
6.886E+00
6.874E+00
6.861E+00
6.849E+00
6.837E+00
6.825E+00
6.813E+00
6.801E+00
6.790E+00
6.778E+00
6.766E+00
6.755E+00
6.743E+00
6.731E+00
6.720E+00
6.708E+00
6.697E+00
6.686E+00
6.674E+00
6.663E+00
6.652E+00
6.641E+00
6.630E+00
6.618E+00
6.607E+00
6.596E+00
6.586E+00
6.575E+00
6.564E+00
6.553E+00
6.542E+00
6.532E+00
6.521E+00
6.510E+00
6.500E+00
6.489E+00
6.479E+00
6.468E+00
6.458E+00
6.448E+00
6.437E+00
6.427E+00
6.417E+00
6.407E+00
6.396E+00
6.386E+00
6.376E+00
6.366E+00
6.356E+00
6.346E+00
6.337E+00
6.327E+00
6.317E+00
6.307E+00
6.297E+00
6.288E+00
6.278E+00
6.268E+00
6.259E+00
6.249E+00
6.240E+00
6.230E+00
6.221E+00
6.212E+00
6.202E+00
6.193E+00
6.184E+00
6.174E+00
6.165E+00
6.156E+00
6.147E+00
6.138E+00
6.129E+00
6.120E+00
6.111E+00
6.102E+00
6.093E+00
6.084E+00
6.075E+00
6.066E+00
6.057E+00
6.049E+00
6.040E+00
6.031E+00
6.023E+00
6.014E+00
6.005E+00
5.997E+00
5.988E+00
5.980E+00
5.971E+00
5.963E+00
5.955E+00
5.946E+00
5.938E+00
5.930E+00
5.921E+00
5.913E+00
5.905E+00
5.897E+00
5.889E+00
5.880E+00
5.872E+00
5.864E+00
5.856E+00
5.848E+00
5.840E+00
5.832E+00
5.824E+00
5.816E+00
5.809E+00
5.801E+00
5.793E+00
5.785E+00
5.777E+00
5.770E+00
5.762E+00
5.754E+00
5.747E+00
5.739E+00
5.732E+00
5.724E+00
5.716E+00
5.709E+00
5.702E+00
5.694E+00
5.687E+00
5.679E+00
5.672E+00
5.665E+00
5.657E+00
5.650E+00
5.643E+00
5.635E+00
5.628E+00
5.621E+00
5.614E+00
5.607E+00
5.600E+00
5.592E+00
5.585E+00
5.578E+00
5.571E+00
5.564E+00
5.557E+00
5.550E+00
5.543E+00
5.537E+00
5.530E+00
5.523E+00
5.516E+00
5.509E+00
5.502E+00
5.496E+00
5.489E+00
5.482E+00
5.475E+00
5.469E+00
5.462E+00
5.455E+00
5.449E+00
5.442E+00
5.436E+00
5.429E+00
5.423E+00
5.416E+00
5.410E+00
5.403E+00
5.397E+00
5.390E+00
5.384E+00
5.378E+00
5.371E+00
5.365E+00
5.359E+00
5.352E+00
5.346E+00
5.340E+00
5.334E+00
5.327E+00
5.321E+00
5.315E+00
5.309E+00
5.303E+00
5.297E+00
5.290E+00
5.284E+00
5.278E+00
5.272E+00
5.266E+00
5.260E+00
5.254E+00
5.248E+00
5.242E+00
5.236E+00
5.231E+00
5.225E+00
5.219E+00
5.213E+00
5.207E+00
5.201E+00
5.195E+00
5.190E+00
5.184E+00
5.178E+00
5.172E+00
5.167E+00
5.161E+00
5.155E+00
5.150E+00
5.144E+00
5.138E+00
5.133E+00
5.127E+00
5.122E+00
5.116E+00
5.111E+00
5.105E+00
5.100E+00
5.094E+00
5.089E+00
5.083E+00
5.078E+00
5.072E+00
5.067E+00
5.062E+00
5.056E+00
5.051E+00
5.045E+00
5.040E+00
5.035E+00
5.030E+00
5.024E+00
5.019E+00
5.014E+00
5.009E+00
5.003E+00
4.998E+00
4.993E+00
4.988E+00
4.983E+00
4.977E+00
4.972E+00
4.967E+00
4.962E+00
4.957E+00
4.952E+00
4.947E+00
4.942E+00
4.937E+00
4.932E+00
4.927E+00
4.922E+00
4.917E+00
4.912E+00
4.907E+00
4.902E+00
4.897E+00
4.892E+00
4.887E+00
4.883E+00
4.878E+00
4.873E+00
4.868E+00
4.863E+00
4.858E+00
4.854E+00
4.849E+00
4.844E+00
4.839E+00
4.835E+00
4.830E+00
4.825E+00
4.821E+00
4.816E+00
4.811E+00
4.807E+00
4.802E+00
4.797E+00
4.793E+00
4.788E+00
4.783E+00
4.779E+00
4.774E+00
4.770E+00
4.765E+00
4.761E+00
4.756E+00
4.752E+00
4.747E+00
4.743E+00
4.738E+00
4.734E+00
4.729E+00
4.725E+00
4.721E+00
4.716E+00
4.712E+00
4.707E+00
4.703E+00
4.699E+00
4.694E+00
4.690E+00
4.686E+00
4.681E+00
4.677E+00
4.673E+00
4.668E+00
4.664E+00
4.660E+00
4.656E+00
4.651E+00
4.647E+00
4.643E+00
4.639E+00
4.635E+00
4.630E+00
4.626E+00
4.622E+00
4.618E+00
4.614E+00
4.610E+00
4.606E+00
4.602E+00
4.597E+00
4.593E+00
4.589E+00
4.585E+00
4.581E+00
4.577E+00
4.573E+00
4.569E+00
4.565E+00
4.561E+00
4.557E+00
4.553E+00
4.549E+00
4.545E+00
4.541E+00
4.537E+00
4.533E+00
4.530E+00
4.526E+00
4.522E+00
4.518E+00
4.514E+00
4.510E+00
4.506E+00
4.502E+00
4.499E+00
4.495E+00
4.491E+00
4.487E+00
4.483E+00
4.480E+00
4.476E+00
4.472E+00
4.468E+00
4.465E+00
4.461E+00
4.457E+00
4.453E+00
4.450E+00
4.446E+00
4.442E+00
4.439E+00
4.435E+00
4.431E+00
4.428E+00
4.424E+00
4.420E+00
4.417E+00
4.413E+00
4.409E+00
4.406E+00
4.402E+00
4.399E+00
4.395E+00
4.391E+00
4.388E+00
4.384E+00
4.381E+00
4.377E+00
4.374E+00
4.370E+00
4.367E+00
4.363E+00
4.360E+00
4.356E+00
4.353E+00
4.349E+00
4.346E+00
4.342E+00
4.339E+00
4.336E+00
4.332E+00
4.329E+00
4.325E+00
4.322E+00
4.319E+00
4.315E+00
4.312E+00
4.308E+00
4.305E+00
4.302E+00
4.298E+00
4.295E+00
4.292E+00
4.288E+00
4.285E+00
4.282E+00
4.278E+00
4.275E+00
4.272E+00
4.269E+00
4.265E+00
4.262E+00
4.259E+00
4.256E+00
4.252E+00
4.249E+00
4.246E+00
4.243E+00
4.239E+00
4.236E+00
4.233E+00
4.230E+00
4.227E+00
4.224E+00
4.220E+00
4.217E+00
4.214E+00
4.211E+00
4.208E+00
4.205E+00
4.202E+00
4.198E+00
4.195E+00
4.192E+00
4.189E+00
4.186E+00
4.183E+00
4.180E+00
4.177E+00
4.174E+00
4.171E+00
4.168E+00
4.165E+00
4.162E+00
4.159E+00
4.156E+00
4.153E+00
4.150E+00
4.147E+00
4.144E+00
4.141E+00
4.138E+00
4.135E+00
4.132E+00
4.129E+00
4.126E+00
4.123E+00
4.120E+00
4.117E+00
4.114E+00
4.111E+00
4.108E+00
4.105E+00
4.102E+00
4.100E+00
4.097E+00
4.094E+00
4.091E+00
4.088E+00
4.085E+00
4.082E+00
4.080E+00
4.077E+00
4.074E+00
4.071E+00
4.068E+00
4.065E+00
4.063E+00
4.060E+00
4.057E+00
4.054E+00
4.051E+00
4.049E+00
4.046E+00
4.043E+00
4.040E+00
4.038E+00
4.035E+00
4.032E+00
4.029E+00
4.027E+00
4.024E+00
4.021E+00
4.018E+00
4.016E+00
4.013E+00
4.010E+00
4.008E+00
4.005E+00
4.002E+00
4.000E+00
3.997E+00
3.994E+00
3.992E+00
3.989E+00
3.986E+00
3.984E+00
3.981E+00
3.978E+00
3.976E+00
3.973E+00
3.971E+00
3.968E+00
3.965E+00
3.963E+00
3.960E+00
3.958E+00
3.955E+00
3.952E+00
3.950E+00
3.947E+00
3.945E+00
3.942E+00
3.940E+00
3.937E+00
3.935E+00
3.932E+00
3.930E+00
3.927E+00
3.924E+00
3.922E+00
3.919E+00
3.917E+00
3.914E+00
3.912E+00
3.909E+00
3.907E+00
3.905E+00
3.902E+00
3.900E+00
3.897E+00
3.895E+00
3.892E+00
3.890E+00
3.887E+00
3.885E+00
3.882E+00
3.880E+00
3.878E+00
3.875E+00
3.873E+00
3.870E+00
3.868E+00
3.866E+00
3.863E+00
3.861E+00
3.858E+00
3.856E+00
3.854E+00
3.851E+00
3.849E+00
3.847E+00
3.844E+00
3.842E+00
3.840E+00
3.837E+00
3.835E+00
3.833E+00
3.830E+00
3.828E+00
3.826E+00
3.823E+00
3.821E+00
3.819E+00
3.816E+00
3.814E+00
3.812E+00
3.809E+00
3.807E+00
