INSTITUTE  (2GERKFK)
REFERENCE  (R,KFK-3779,11,84)
AUTHOR     (D.FILGES,S.CIERJACKS,Y.HINO,T.W.ARMSTRONG,P.CLOTH)
TITLE      VALIDATION OF THE INTRA-NUCLEAR CASCADE EVAPORATION
            MODEL FOR PARTICLE PRODUCTION.
METHOD     (TOF) 1.3M FLIGHT PATH FOR 30, 90, AND 150 DEGREE
                 MEASUREMENTS AND 2.3M FLIGHT PATH FOR 23 DEGREE
                 MEASUREMENTS. SEE CIERJACKS ET AL 81ANTWER, P.383
FACILITY   (CYCLO)
MONITOR    PROTON MONITOR INVOLVED A THIN GRAPHITE SCATTERER
            PLACED IN PROTON BEAM FAR UPSTREAM OF NEUTRON
            PRODUCING TARGET, AND FORWARD SCATTERED PROTONS AT 30
            DEGREE WERE DETECTED BY A PLASTIC SCINTILLATOR
            DETECTOR
DETECTOR   (SCIN) NE213 LIQUID SCINTILLATOR.
ERR-ANALYS (DATA-ERR)NEUTRON ENERGY RESOLUTION RANGED BETWEEN
             1.8 AND 33.8 PERCENT FOR NEUTRONS IN THE ENERGY RANGE
             1 TO 500 MEV.
STATUS     DATA RECEIVED FROM AUTHOR ON 87/3/20.
           (APRVD) S.CIERJACKS, 870430.
EN
MEV
 5.9000E+02
------------------------------------------------------------------------
SUBENT        98210007     881229
BIB
REACTION   (6-C-12(P,X)0-NN-1,,DA/DE,N)
E-MIN      E-MAX      +E-ERR     -E-ERR     DATA       DATA-ERR
MEV        MEV        MEV        MEV        B/SR/MEV   B/SR/MEV
ADEG
 3.0000E+01
41
 7.4000E-01 8.9900E-01 8.0000E-02 7.0000E-02 1.0460E-02 1.1690E-03
 8.9900E-01 1.0570E+00 9.0000E-02 8.0000E-02 9.8010E-03 1.0960E-03
 1.0570E+00 1.2440E+00 1.1000E-01 9.0000E-02 1.0560E-02 1.1810E-03
 1.2440E+00 1.4630E+00 1.3000E-01 1.1000E-01 9.0260E-03 1.0090E-03
 1.4630E+00 1.7220E+00 1.5000E-01 1.3000E-01 8.6830E-03 9.7090E-04
 1.7220E+00 2.0260E+00 1.8000E-01 1.5000E-01 7.3720E-03 8.2430E-04
 2.0260E+00 2.3830E+00 2.1000E-01 1.8000E-01 5.9810E-03 6.6880E-04
 2.3830E+00 2.8040E+00 2.4000E-01 2.1000E-01 4.5290E-03 5.0640E-04
 2.8040E+00 3.2990E+00 2.9000E-01 2.5000E-01 3.3250E-03 3.7180E-04
 3.2990E+00 3.8810E+00 3.4000E-01 3.0000E-01 2.6680E-03 2.9840E-04
 3.8810E+00 4.5660E+00 4.0000E-01 3.5000E-01 2.1820E-03 2.4400E-04
 4.5660E+00 5.3730E+00 4.6000E-01 4.1000E-01 1.7290E-03 1.9340E-04
 5.3730E+00 6.3210E+00 5.5000E-01 4.8000E-01 1.0610E-03 1.1870E-04
 6.3210E+00 7.4360E+00 6.4000E-01 5.7000E-01 8.1620E-04 9.1320E-05
 7.4360E+00 8.7490E+00 7.6000E-01 6.7000E-01 8.6730E-04 9.7030E-05
 8.7490E+00 1.0293E+01 8.9000E-01 7.9000E-01 6.7930E-04 7.6000E-05
 1.0293E+01 1.2108E+01 1.0500E+00 9.3000E-01 5.7370E-04 6.4200E-05
 1.2108E+01 1.4244E+01 1.2300E+00 1.0900E+00 4.6200E-04 5.1700E-05
 1.4244E+01 1.6758E+01 1.4500E+00 1.2800E+00 4.1010E-04 4.5900E-05
 1.6758E+01 1.9716E+01 1.7100E+00 1.5100E+00 4.0960E-04 4.5850E-05
 1.9716E+01 2.3195E+01 2.0100E+00 1.7700E+00 4.1910E-04 4.6910E-05
 2.3195E+01 2.7288E+01 2.3600E+00 2.0900E+00 3.6050E-04 4.0360E-05
 2.7288E+01 3.2105E+01 2.7800E+00 2.4500E+00 3.4520E-04 3.8650E-05
 3.2105E+01 3.7769E+01 3.2700E+00 2.8900E+00 3.1320E-04 3.5070E-05
 3.7769E+01 4.4434E+01 3.8500E+00 3.3900E+00 2.7800E-04 3.1140E-05
 4.4434E+01 5.2275E+01 4.5500E+00 4.0100E+00 2.9590E-04 3.3140E-05
 5.2275E+01 6.1499E+01 5.8900E+00 5.1300E+00 2.7100E-04 3.0350E-05
 6.1499E+01 7.2350E+01 7.6300E+00 6.5500E+00 2.7470E-04 3.0770E-05
 7.2350E+01 8.5115E+01 9.9100E+00 8.3900E+00 2.7070E-04 3.0320E-05
 8.5115E+01 1.0013E+02 1.2920E+01 1.0740E+01 2.5450E-04 2.8510E-05
 1.0013E+02 1.1780E+02 1.6890E+01 1.3750E+01 2.3540E-04 2.6370E-05
 1.1780E+02 1.3858E+02 2.2160E+01 1.7640E+01 2.0850E-04 2.3370E-05
 1.3858E+02 1.6302E+02 2.9230E+01 2.2650E+01 1.7000E-04 1.9060E-05
 1.6302E+02 1.9178E+02 3.8760E+01 2.9120E+01 1.5980E-04 1.7920E-05
 1.9178E+02 2.2561E+02 5.1760E+01 3.7480E+01 1.3310E-04 1.4940E-05
 2.2561E+02 2.6540E+02 6.9690E+01 4.8300E+01 1.0810E-04 1.2140E-05
 2.6540E+02 3.1220E+02 9.4780E+01 6.2330E+01 9.1170E-05 1.0250E-05
 3.1220E+02 3.6726E+02 1.3058E+02 8.0550E+01 6.4790E-05 7.3000E-06
 3.6726E+02 4.3202E+02 1.8287E+02 1.0421E+02 4.0320E-05 4.5640E-06
 4.3202E+02 5.0820E+02 2.6175E+02 1.3493E+02 2.7990E-05 3.1850E-06
 5.0820E+02 5.9780E+02 3.8619E+02 1.7482E+02 1.2730E-05 1.4780E-06
ADEG
 9.0000E+01
38
 7.4000E-01 8.9900E-01 8.0000E-02 7.0000E-02 2.4410E-03 2.7300E-04
 8.9900E-01 1.0570E+00 9.0000E-02 8.0000E-02 2.7320E-03 3.0550E-04
 1.0570E+00 1.2440E+00 1.1000E-01 9.0000E-02 2.5490E-03 2.8510E-04
 1.2440E+00 1.4630E+00 1.3000E-01 1.1000E-01 2.1980E-03 2.4580E-04
 1.4630E+00 1.7220E+00 1.5000E-01 1.3000E-01 2.2240E-03 2.4870E-04
 1.7220E+00 2.0260E+00 1.8000E-01 1.5000E-01 2.0080E-03 2.2460E-04
 2.0260E+00 2.3830E+00 2.1000E-01 1.8000E-01 1.5900E-03 1.7790E-04
 2.3830E+00 2.8040E+00 2.4000E-01 2.1000E-01 1.4450E-03 1.6160E-04
 2.8040E+00 3.2990E+00 2.9000E-01 2.5000E-01 1.1340E-03 1.2690E-04
 3.2990E+00 3.8810E+00 3.4000E-01 3.0000E-01 8.5570E-04 9.5720E-05
 3.8810E+00 4.5660E+00 4.0000E-01 3.5000E-01 6.5680E-04 7.3490E-05
 4.5660E+00 5.3730E+00 4.6000E-01 4.1000E-01 6.2690E-04 7.0140E-05
 5.3730E+00 6.3210E+00 5.5000E-01 4.8000E-01 5.5030E-04 6.1580E-05
 6.3210E+00 7.4360E+00 6.4000E-01 5.7000E-01 4.8830E-04 5.4650E-05
 7.4360E+00 8.7490E+00 7.6000E-01 6.7000E-01 4.3300E-04 4.8470E-05
 8.7490E+00 1.0293E+01 8.9000E-01 7.9000E-01 3.4560E-04 3.8690E-05
 1.0293E+01 1.2108E+01 1.0500E+00 9.3000E-01 2.1880E-04 2.4520E-05
 1.2108E+01 1.4244E+01 1.2300E+00 1.0900E+00 1.8140E-04 2.0340E-05
 1.4244E+01 1.6758E+01 1.4500E+00 1.2800E+00 1.4170E-04 1.5900E-05
 1.6758E+01 1.9716E+01 1.7100E+00 1.5100E+00 1.5000E-04 1.6830E-05
 1.9716E+01 2.3195E+01 2.0100E+00 1.7700E+00 1.3570E-04 1.5230E-05
 2.3195E+01 2.7288E+01 2.3600E+00 2.0900E+00 1.3710E-04 1.5380E-05
 2.7288E+01 3.2105E+01 2.7800E+00 2.4500E+00 1.0760E-04 1.2080E-05
 3.2105E+01 3.7769E+01 3.2700E+00 2.8900E+00 1.0710E-04 1.2030E-05
 3.7769E+01 4.4434E+01 3.8700E+00 3.4100E+00 1.0050E-04 1.1290E-05
 4.4434E+01 5.2275E+01 4.9900E+00 4.3500E+00 9.2650E-05 1.0410E-05
 5.2275E+01 6.1499E+01 6.4600E+00 5.5600E+00 8.4280E-05 9.4790E-06
 6.1499E+01 7.2350E+01 8.3800E+00 7.1000E+00 6.9990E-05 7.8810E-06
 7.2350E+01 8.5115E+01 1.0900E+01 9.0800E+00 6.9520E-05 7.8290E-06
 8.5115E+01 1.0013E+02 1.4220E+01 1.1620E+01 5.3740E-05 6.0640E-06
 1.0013E+02 1.1780E+02 1.8610E+01 1.4880E+01 4.6800E-05 5.2880E-06
 1.1780E+02 1.3858E+02 2.4460E+01 1.9060E+01 3.2270E-05 3.6630E-06
 1.3858E+02 1.6302E+02 3.2300E+01 2.4450E+01 2.2930E-05 2.6190E-06
 1.6302E+02 1.9178E+02 4.2920E+01 3.1400E+01 1.3810E-05 1.5990E-06
 1.9178E+02 2.2561E+02 5.7440E+01 4.0370E+01 9.7370E-06 1.1430E-06
 2.2561E+02 2.6540E+02 7.7550E+01 5.1950E+01 5.7100E-06 6.9200E-07
 2.6540E+02 3.1220E+02 1.0587E+02 6.6940E+01 3.3300E-06 4.2450E-07
 3.1220E+02 3.6726E+02 1.4657E+02 8.6350E+01 1.9650E-06 2.6980E-07
ADEG
 1.5000E+02
37
 7.4000E-01 8.9900E-01 8.0000E-02 7.0000E-02 1.4400E-03 1.6110E-04
 8.9900E-01 1.0570E+00 9.0000E-02 8.0000E-02 1.5090E-03 1.6870E-04
 1.0570E+00 1.2440E+00 1.1000E-01 9.0000E-02 1.7370E-03 1.9430E-04
 1.2440E+00 1.4630E+00 1.3000E-01 1.1000E-01 1.6660E-03 1.8640E-04
 1.4630E+00 1.7220E+00 1.5000E-01 1.3000E-01 1.8140E-03 2.0290E-04
 1.7220E+00 2.0260E+00 1.8000E-01 1.5000E-01 1.8670E-03 2.0880E-04
 2.0260E+00 2.3830E+00 2.1000E-01 1.8000E-01 1.5220E-03 1.7020E-04
 2.3830E+00 2.8040E+00 2.4000E-01 2.1000E-01 1.3230E-03 1.4800E-04
 2.8040E+00 3.2990E+00 2.9000E-01 2.5000E-01 1.1320E-03 1.2660E-04
 3.2990E+00 3.8810E+00 3.4000E-01 3.0000E-01 9.1090E-04 1.0190E-04
 3.8810E+00 4.5660E+00 4.0000E-01 3.5000E-01 5.1610E-04 5.7760E-05
 4.5660E+00 5.3730E+00 4.6000E-01 4.1000E-01 4.9750E-04 5.5680E-05
 5.3730E+00 6.3210E+00 5.5000E-01 4.8000E-01 3.8860E-04 4.3500E-05
 6.3210E+00 7.4360E+00 6.4000E-01 5.7000E-01 3.4970E-04 3.9160E-05
 7.4360E+00 8.7490E+00 7.6000E-01 6.7000E-01 2.2420E-04 2.5120E-05
 8.7490E+00 1.0293E+01 8.9000E-01 7.9000E-01 1.8920E-04 2.1210E-05
 1.0293E+01 1.2108E+01 1.0500E+00 9.3000E-01 2.0940E-04 2.3470E-05
 1.2108E+01 1.4244E+01 1.2300E+00 1.0900E+00 9.1020E-05 1.0230E-05
 1.4244E+01 1.6758E+01 1.4500E+00 1.2800E+00 8.2780E-05 9.3110E-06
 1.6758E+01 1.9716E+01 1.7100E+00 1.5100E+00 1.0420E-04 1.1700E-05
 1.9716E+01 2.3195E+01 2.0100E+00 1.7700E+00 8.1880E-05 9.2100E-06
 2.3195E+01 2.7288E+01 2.3600E+00 2.0900E+00 6.0820E-05 6.8550E-06
 2.7288E+01 3.2105E+01 2.7800E+00 2.4500E+00 5.4600E-05 6.1600E-06
 3.2105E+01 3.7769E+01 3.2700E+00 2.8900E+00 3.5330E-05 4.0050E-06
 3.7769E+01 4.4434E+01 3.8500E+00 3.3900E+00 4.5590E-05 5.1530E-06
 4.4434E+01 5.2275E+01 4.7300E+00 4.1500E+00 2.9410E-05 3.3440E-06
 5.2275E+01 6.1499E+01 6.1200E+00 5.3100E+00 3.4390E-05 3.9000E-06
 6.1499E+01 7.2350E+01 7.9400E+00 6.7800E+00 2.2300E-05 2.5480E-06
 7.2350E+01 8.5115E+01 1.0320E+01 8.6700E+00 1.4750E-05 1.7040E-06
 8.5115E+01 1.0013E+02 1.3450E+01 1.1100E+01 1.3420E-05 1.5550E-06
 1.0013E+02 1.1780E+02 1.7590E+01 1.4220E+01 8.7600E-06 1.0340E-06
 1.1780E+02 1.3858E+02 2.3100E+01 1.8230E+01 8.6320E-06 1.0190E-06
 1.3858E+02 1.6302E+02 3.0490E+01 2.3400E+01 5.4350E-06 6.6110E-07
 1.6302E+02 1.9178E+02 4.0460E+01 3.0070E+01 3.1540E-06 4.0470E-07
 1.9178E+02 2.2561E+02 5.4080E+01 3.8680E+01 4.9410E-06 6.0570E-07
 2.2561E+02 2.6540E+02 7.2890E+01 4.9820E+01 3.3680E-06 4.2880E-07
 2.6540E+02 3.1220E+02 9.9290E+01 6.4250E+01 4.2990E-07 8.7660E-08
ENDDATA