INSTITUTE  (1USALAS)
REFERENCE  (J,NSE,110,289,199203)
AUTHOR     (W.B.AMIAN,R.C.BYRD,D.A.CLARK,C.A.GOULDING,M.M.MEIER,
           G.L.MORGAN,C.E.MOSS)
TITLE      Differential Neutron Production Cross Sections for
            597-MeV Protons
FACILITY   (MESON) WNR at LAMPF.
METHOD     (TOF) Neutron energy determined by time-of-flight.
DETECTOR   (SCIN) Cylindrical plastic scintillators at 3 energy
            biases.  Efficiency calibrated relative to 7Li(p,n)7Be
            reaction.
           Proton beam monitored using secondary electron monitor.
ANALYSIS   Data averaged over bins widths. Neutron energy given
            midpoint of bin.  The resolution given is the bin
            width.
CORRECTION Corrected for
           . dead-time,
           . background,
           . beam attenuation,
           . detector efficiency and solid angle.
ERR-ANALYS (DATA-ERR) Uncertainties include statitical uncertainty
            and uncertainty in background and shadow-bar
            corrections.
STATUS     Data received by email, R. Byrd, 10 September 1998.
           (APRVD) Approved by M. Meier, 21 May 1999.
HISTORY    (19980911C)
           (19990521A) Data units corrected.
EN
MEV
597.
------------------------------------------------------------------------
SUBENT        C0169004   19990521
BIB                  2          2
REACTION   (6-C-0(P,X)0-NN-1,,DA/DE)
SAMPLE     Natural carbon sample, thickness 0.56 g/cm2.
ENDBIB               2          0
NOCOMMON             0          0
DATA                 5        366
ANG        E          E-RSL      DATA       DATA-ERR
ADEG       MEV        MEV        B/SR/MEV   B/SR/MEV
 30.        1.0750E+00 1.0000E-01 0.0        0.0
 30.        1.0750E+00 1.0000E-01 9.2820E-04 3.0640E-04
 30.        1.1500E+00 1.0000E-01 1.1440E-03 2.6450E-04
 30.        1.2500E+00 1.0000E-01 1.2470E-03 2.4800E-04
 30.        1.3500E+00 1.0000E-01 1.2670E-03 2.4010E-04
 30.        1.4500E+00 1.0000E-01 1.2000E-03 2.2130E-04
 30.        1.5500E+00 1.0000E-01 1.0320E-03 2.1590E-04
 30.        1.6500E+00 1.0000E-01 9.1190E-04 2.1030E-04
 30.        1.7500E+00 1.0000E-01 1.0530E-03 2.0140E-04
 30.        1.8500E+00 1.0000E-01 1.0110E-03 1.9950E-04
 30.        1.9500E+00 1.0000E-01 1.0400E-03 1.9910E-04
 30.        2.1000E+00 2.0000E-01 9.9480E-04 1.3070E-04
 30.        2.3000E+00 2.0000E-01 9.3500E-04 1.3880E-04
 30.        2.5000E+00 2.0000E-01 1.1560E-03 1.4550E-04
 30.        2.7000E+00 2.0000E-01 1.0250E-03 1.3440E-04
 30.        2.9000E+00 2.0000E-01 1.0370E-03 1.3810E-04
 30.        3.1000E+00 2.0000E-01 9.7520E-04 1.3360E-04
 30.        3.3000E+00 2.0000E-01 8.1520E-04 1.2650E-04
 30.        3.5000E+00 2.0000E-01 6.9450E-04 1.2160E-04
 30.        3.7000E+00 2.0000E-01 6.9560E-04 1.1980E-04
 30.        3.9000E+00 2.0000E-01 7.6580E-04 1.1260E-04
 30.        4.1000E+00 2.0000E-01 6.4820E-04 1.1240E-04
 30.        4.3000E+00 2.0000E-01 6.4400E-04 1.1320E-04
 30.        4.5000E+00 2.0000E-01 6.1560E-04 1.0540E-04
 30.        4.7000E+00 2.0000E-01 6.7840E-04 1.0360E-04
 30.        4.9000E+00 2.0000E-01 6.6640E-04 1.0080E-04
 30.        5.2500E+00 5.0000E-01 5.5290E-04 5.9850E-05
 30.        5.7500E+00 5.0000E-01 5.7740E-04 5.8890E-05
 30.        6.2500E+00 5.0000E-01 4.4540E-04 5.1940E-05
 30.        6.7500E+00 5.0000E-01 4.7910E-04 4.7160E-05
 30.        7.2500E+00 5.0000E-01 4.0270E-04 4.4750E-05
 30.        7.7500E+00 5.0000E-01 4.1160E-04 4.1940E-05
 30.        8.2500E+00 5.0000E-01 3.5130E-04 3.9910E-05
 30.        8.7500E+00 5.0000E-01 3.5790E-04 3.7080E-05
 30.        9.2500E+00 5.0000E-01 3.5340E-04 3.5010E-05
 30.        9.7500E+00 5.0000E-01 3.6240E-04 3.4720E-05
 30.        1.0750E+01 1.0000E+00 3.0690E-04 2.2790E-05
 30.        1.1500E+01 1.0000E+00 3.0510E-04 2.1990E-05
 30.        1.2500E+01 1.0000E+00 2.6530E-04 2.0810E-05
 30.        1.3500E+01 1.0000E+00 2.5020E-04 2.0320E-05
 30.        1.4500E+01 1.0000E+00 2.1720E-04 2.0130E-05
 30.        1.5500E+01 1.0000E+00 2.4320E-04 1.9670E-05
 30.        1.6500E+01 1.0000E+00 2.4210E-04 1.9350E-05
 30.        1.7500E+01 1.0000E+00 2.4390E-04 1.9540E-05
 30.        1.8500E+01 1.0000E+00 2.4390E-04 1.9410E-05
 30.        1.9500E+01 1.0000E+00 2.2430E-04 1.8960E-05
 30.        2.1000E+01 2.0000E+00 2.1280E-04 1.2540E-05
 30.        2.3000E+01 2.0000E+00 1.9700E-04 1.1830E-05
 30.        2.5000E+01 2.0000E+00 1.8240E-04 1.1170E-05
 30.        2.7000E+01 2.0000E+00 1.6500E-04 1.0760E-05
 30.        2.9000E+01 2.0000E+00 1.6940E-04 1.0550E-05
 30.        3.1000E+01 2.0000E+00 1.4560E-04 1.0310E-05
 30.        3.3000E+01 2.0000E+00 1.5340E-04 9.9340E-06
 30.        3.5000E+01 2.0000E+00 1.4650E-04 9.7270E-06
 30.        3.7000E+01 2.0000E+00 1.5770E-04 9.6680E-06
 30.        3.9000E+01 2.0000E+00 1.4270E-04 9.6050E-06
 30.        4.1000E+01 2.0000E+00 1.6530E-04 9.5590E-06
 30.        4.3000E+01 2.0000E+00 1.5890E-04 9.6670E-06
 30.        4.5000E+01 2.0000E+00 1.5240E-04 9.5110E-06
 30.        4.7000E+01 2.0000E+00 1.5580E-04 9.8090E-06
 30.        4.9000E+01 2.0000E+00 1.5040E-04 9.4700E-06
 30.        5.2500E+01 5.0000E+00 1.5130E-04 6.4270E-06
 30.        5.7500E+01 5.0000E+00 1.5960E-04 6.3320E-06
 30.        6.2500E+01 5.0000E+00 1.4140E-04 6.2180E-06
 30.        6.7500E+01 5.0000E+00 1.5200E-04 6.2820E-06
 30.        7.2500E+01 5.0000E+00 1.5420E-04 6.4880E-06
 30.        7.7500E+01 5.0000E+00 1.4910E-04 6.4290E-06
 30.        8.2500E+01 5.0000E+00 1.5160E-04 6.3750E-06
 30.        8.7500E+01 5.0000E+00 1.3640E-04 6.1280E-06
 30.        9.2500E+01 5.0000E+00 1.4770E-04 6.1870E-06
 30.        9.7500E+01 5.0000E+00 1.3120E-04 5.8440E-06
 30.        1.0750E+02 1.0000E+01 1.2800E-04 4.0040E-06
 30.        1.1500E+02 1.0000E+01 1.2850E-04 3.8930E-06
 30.        1.2500E+02 1.0000E+01 1.1440E-04 4.1650E-06
 30.        1.3500E+02 1.0000E+01 1.1860E-04 3.9860E-06
 30.        1.4500E+02 1.0000E+01 1.2130E-04 3.5650E-06
 30.        1.5500E+02 1.0000E+01 1.1680E-04 3.5040E-06
 30.        1.6500E+02 1.0000E+01 1.1130E-04 3.7610E-06
 30.        1.7500E+02 1.0000E+01 1.0360E-04 3.8970E-06
 30.        1.8500E+02 1.0000E+01 1.0640E-04 3.4630E-06
 30.        1.9500E+02 1.0000E+01 1.0250E-04 3.2590E-06
 30.        2.1000E+02 2.0000E+01 9.4140E-05 2.2970E-06
 30.        2.3000E+02 2.0000E+01 8.9330E-05 2.2920E-06
 30.        2.5000E+02 2.0000E+01 8.6020E-05 2.1940E-06
 30.        2.7000E+02 2.0000E+01 7.8630E-05 2.0430E-06
 30.        2.9000E+02 2.0000E+01 7.3310E-05 1.9900E-06
 30.        3.1000E+02 2.0000E+01 6.7850E-05 2.0960E-06
 30.        3.3000E+02 2.0000E+01 6.7550E-05 2.0760E-06
 30.        3.5000E+02 2.0000E+01 6.8210E-05 1.9940E-06
 30.        3.7000E+02 2.0000E+01 6.9290E-05 1.9920E-06
 30.        3.9000E+02 2.0000E+01 6.7880E-05 1.9000E-06
 30.        4.1000E+02 2.0000E+01 6.7640E-05 1.9430E-06
 30.        4.3000E+02 2.0000E+01 6.2300E-05 1.8060E-06
 30.        4.5000E+02 2.0000E+01 5.5860E-05 1.6750E-06
 30.        4.7000E+02 2.0000E+01 4.3770E-05 1.5390E-06
 30.        4.9000E+02 2.0000E+01 3.2050E-05 1.2220E-06
 30.        5.2500E+02 2.0000E+01 1.5210E-05 5.4240E-07
 30.        5.7500E+02 2.0000E+01 2.0360E-06 2.9490E-07
 60.        1.0750E+00 1.0000E-01 0.0        0.0
 60.        1.0750E+00 1.0000E-01 1.8070E-03 6.2460E-04
 60.        1.1500E+00 1.0000E-01 1.4890E-03 5.0340E-04
 60.        1.2500E+00 1.0000E-01 1.5900E-03 4.6250E-04
 60.        1.3500E+00 1.0000E-01 1.2560E-03 4.5480E-04
 60.        1.4500E+00 1.0000E-01 1.2420E-03 3.9950E-04
 60.        1.5500E+00 1.0000E-01 1.1420E-03 3.8710E-04
 60.        1.6500E+00 1.0000E-01 1.1050E-03 3.6760E-04
 60.        1.7500E+00 1.0000E-01 1.1250E-03 3.4710E-04
 60.        1.8500E+00 1.0000E-01 1.1530E-03 3.4800E-04
 60.        1.9500E+00 1.0000E-01 1.1810E-03 3.4620E-04
 60.        2.1000E+00 2.0000E-01 1.0140E-03 2.0890E-04
 60.        2.3000E+00 2.0000E-01 1.0480E-03 2.4700E-04
 60.        2.5000E+00 2.0000E-01 1.3380E-03 2.7400E-04
 60.        2.7000E+00 2.0000E-01 1.0680E-03 2.3770E-04
 60.        2.9000E+00 2.0000E-01 1.0440E-03 2.5860E-04
 60.        3.1000E+00 2.0000E-01 9.6800E-04 2.4210E-04
 60.        3.3000E+00 2.0000E-01 7.8590E-04 2.1850E-04
 60.        3.5000E+00 2.0000E-01 7.0550E-04 2.0550E-04
 60.        3.7000E+00 2.0000E-01 7.5670E-04 2.0170E-04
 60.        3.9000E+00 2.0000E-01 6.0440E-04 1.8050E-04
 60.        4.1000E+00 2.0000E-01 7.4310E-04 1.8950E-04
 60.        4.3000E+00 2.0000E-01 5.3420E-04 1.9030E-04
 60.        4.5000E+00 2.0000E-01 6.2070E-04 1.7170E-04
 60.        4.7000E+00 2.0000E-01 6.2470E-04 1.6830E-04
 60.        4.9000E+00 2.0000E-01 6.2130E-04 1.6210E-04
 60.        5.2500E+00 5.0000E-01 5.5140E-04 9.3390E-05
 60.        5.7500E+00 5.0000E-01 5.4110E-04 9.8350E-05
 60.        6.2500E+00 5.0000E-01 4.4010E-04 8.0250E-05
 60.        6.7500E+00 5.0000E-01 4.1420E-04 7.6040E-05
 60.        7.2500E+00 5.0000E-01 3.7600E-04 7.3560E-05
 60.        7.7500E+00 5.0000E-01 3.4070E-04 6.8810E-05
 60.        8.2500E+00 5.0000E-01 3.7640E-04 6.5330E-05
 60.        8.7500E+00 5.0000E-01 3.0880E-04 6.1680E-05
 60.        9.2500E+00 5.0000E-01 3.1370E-04 5.7460E-05
 60.        9.7500E+00 5.0000E-01 3.1620E-04 6.1220E-05
 60.        1.0750E+01 1.0000E+00 3.0440E-04 3.8960E-05
 60.        1.1500E+01 1.0000E+00 2.8180E-04 3.7780E-05
 60.        1.2500E+01 1.0000E+00 2.3610E-04 3.6050E-05
 60.        1.3500E+01 1.0000E+00 2.1940E-04 3.5120E-05
 60.        1.4500E+01 1.0000E+00 2.2460E-04 3.4570E-05
 60.        1.5500E+01 1.0000E+00 2.4290E-04 3.3490E-05
 60.        1.6500E+01 1.0000E+00 2.1640E-04 3.2970E-05
 60.        1.7500E+01 1.0000E+00 1.8670E-04 3.3310E-05
 60.        1.8500E+01 1.0000E+00 2.2530E-04 3.2620E-05
 60.        1.9500E+01 1.0000E+00 2.0000E-04 3.2070E-05
 60.        2.1000E+01 2.0000E+00 1.9040E-04 2.0910E-05
 60.        2.3000E+01 2.0000E+00 1.6140E-04 1.9570E-05
 60.        2.5000E+01 2.0000E+00 1.6860E-04 1.8950E-05
 60.        2.7000E+01 2.0000E+00 1.4540E-04 1.7990E-05
 60.        2.9000E+01 2.0000E+00 1.2710E-04 1.7650E-05
 60.        3.1000E+01 2.0000E+00 1.4110E-04 1.7660E-05
 60.        3.3000E+01 2.0000E+00 1.3110E-04 1.7040E-05
 60.        3.5000E+01 2.0000E+00 1.4600E-04 2.0290E-05
 60.        3.7000E+01 2.0000E+00 1.3380E-04 1.9400E-05
 60.        3.9000E+01 2.0000E+00 1.3850E-04 1.8900E-05
 60.        4.1000E+01 2.0000E+00 1.3310E-04 1.7940E-05
 60.        4.3000E+01 2.0000E+00 1.4650E-04 1.7710E-05
 60.        4.5000E+01 2.0000E+00 1.3570E-04 1.7450E-05
 60.        4.7000E+01 2.0000E+00 1.4290E-04 1.6970E-05
 60.        4.9000E+01 2.0000E+00 1.3450E-04 1.6190E-05
 60.        5.2500E+01 5.0000E+00 1.2900E-04 1.0180E-05
 60.        5.7500E+01 5.0000E+00 1.3150E-04 9.8360E-06
 60.        6.2500E+01 5.0000E+00 1.2140E-04 9.5690E-06
 60.        6.7500E+01 5.0000E+00 1.1700E-04 9.2460E-06
 60.        7.2500E+01 5.0000E+00 1.2390E-04 9.1960E-06
 60.        7.7500E+01 5.0000E+00 1.0950E-04 8.8180E-06
 60.        8.2500E+01 5.0000E+00 9.9990E-05 8.6430E-06
 60.        8.7500E+01 5.0000E+00 1.0970E-04 8.5550E-06
 60.        9.2500E+01 5.0000E+00 9.9830E-05 8.1890E-06
 60.        9.7500E+01 5.0000E+00 9.3140E-05 7.7960E-06
 60.        1.0750E+02 1.0000E+01 9.0020E-05 5.3490E-06
 60.        1.1500E+02 1.0000E+01 9.3530E-05 5.2050E-06
 60.        1.2500E+02 1.0000E+01 8.3260E-05 4.9030E-06
 60.        1.3500E+02 1.0000E+01 7.7570E-05 4.7490E-06
 60.        1.4500E+02 1.0000E+01 7.4320E-05 4.5760E-06
 60.        1.5500E+02 1.0000E+01 6.8990E-05 4.4060E-06
 60.        1.6500E+02 1.0000E+01 5.9360E-05 4.1180E-06
 60.        1.7500E+02 1.0000E+01 5.4670E-05 4.0290E-06
 60.        1.8500E+02 1.0000E+01 5.1150E-05 3.9170E-06
 60.        1.9500E+02 1.0000E+01 4.4840E-05 3.7470E-06
 60.        2.1000E+02 2.0000E+01 3.6590E-05 2.5260E-06
 60.        2.3000E+02 2.0000E+01 2.2300E-05 2.1750E-06
 60.        2.5000E+02 2.0000E+01 1.8500E-05 2.0200E-06
 60.        2.7000E+02 2.0000E+01 1.2060E-05 1.7860E-06
 60.        2.9000E+02 2.0000E+01 7.3510E-06 1.6310E-06
 60.        3.1000E+02 2.0000E+01 5.2880E-06 1.4740E-06
 60.        3.3000E+02 2.0000E+01 3.7970E-06 1.2960E-06
 60.        3.5000E+02 2.0000E+01 2.1440E-06 1.1430E-06
 60.        3.7000E+02 2.0000E+01 1.4850E-06 1.0400E-06
 60.        3.9000E+02 2.0000E+01 7.9210E-07 9.9200E-07
 60.        4.1000E+02 2.0000E+01 4.5120E-07 9.4070E-07
 60.        4.3000E+02 2.0000E+01 2.0600E-07 8.9110E-07
 60.        4.5000E+02 2.0000E+01 1.1890E-07 8.6310E-07
120.        5.2500E-01 5.0000E-01 0.0        0.0
120.        5.2500E-01 5.0000E-01 6.7070E-04 4.0480E-04
120.        5.7500E-01 5.0000E-01 6.7590E-04 3.2700E-04
120.        6.2500E-01 5.0000E-01 6.2550E-04 2.7950E-04
120.        6.7500E-01 5.0000E-01 6.4490E-04 2.4880E-04
120.        7.2500E-01 5.0000E-01 7.5630E-04 2.2780E-04
120.        7.7500E-01 5.0000E-01 6.6500E-04 2.1410E-04
120.        8.2500E-01 5.0000E-01 7.3820E-04 1.9970E-04
120.        8.7500E-01 5.0000E-01 7.1240E-04 1.8890E-04
120.        9.2500E-01 5.0000E-01 7.6400E-04 1.9080E-04
120.        9.7500E-01 5.0000E-01 7.7060E-04 1.8210E-04
120.        1.0750E+00 1.0000E-01 7.0830E-04 1.1810E-04
120.        1.1500E+00 1.0000E-01 6.6420E-04 1.0400E-04
120.        1.2500E+00 1.0000E-01 7.2040E-04 9.7770E-05
120.        1.3500E+00 1.0000E-01 6.3380E-04 9.4200E-05
120.        1.4500E+00 1.0000E-01 6.7050E-04 8.8170E-05
120.        1.5500E+00 1.0000E-01 6.4980E-04 8.6400E-05
120.        1.6500E+00 1.0000E-01 6.3190E-04 8.2180E-05
120.        1.7500E+00 1.0000E-01 5.4210E-04 8.0260E-05
120.        1.8500E+00 1.0000E-01 6.3100E-04 7.8230E-05
120.        1.9500E+00 1.0000E-01 7.0660E-04 7.7810E-05
120.        2.1000E+00 2.0000E-01 5.8370E-04 5.0780E-05
120.        2.3000E+00 2.0000E-01 6.5080E-04 5.3350E-05
120.        2.5000E+00 2.0000E-01 6.6760E-04 5.5020E-05
120.        2.7000E+00 2.0000E-01 6.0110E-04 5.1350E-05
120.        2.9000E+00 2.0000E-01 5.9080E-04 5.2480E-05
120.        3.1000E+00 2.0000E-01 5.5610E-04 5.0470E-05
120.        3.3000E+00 2.0000E-01 4.7580E-04 4.7650E-05
120.        3.5000E+00 2.0000E-01 4.9860E-04 4.5950E-05
120.        3.7000E+00 2.0000E-01 4.3410E-04 4.5240E-05
120.        3.9000E+00 2.0000E-01 3.7650E-04 4.2860E-05
120.        4.1000E+00 2.0000E-01 3.9380E-04 4.3630E-05
120.        4.3000E+00 2.0000E-01 3.6220E-04 4.2910E-05
120.        4.5000E+00 2.0000E-01 3.5850E-04 4.0730E-05
120.        4.7000E+00 2.0000E-01 4.0170E-04 4.0300E-05
120.        4.9000E+00 2.0000E-01 3.8980E-04 3.9340E-05
120.        5.2500E+00 5.0000E-01 3.0330E-04 2.3670E-05
120.        5.7500E+00 5.0000E-01 3.2590E-04 2.3130E-05
120.        6.2500E+00 5.0000E-01 2.6590E-04 2.0620E-05
120.        6.7500E+00 5.0000E-01 2.6570E-04 1.9630E-05
120.        7.2500E+00 5.0000E-01 2.5770E-04 1.8830E-05
120.        7.7500E+00 5.0000E-01 2.4670E-04 1.7750E-05
120.        8.2500E+00 5.0000E-01 2.0490E-04 1.7000E-05
120.        8.7500E+00 5.0000E-01 1.9180E-04 1.5870E-05
120.        9.2500E+00 5.0000E-01 2.0100E-04 1.5100E-05
120.        9.7500E+00 5.0000E-01 1.9420E-04 1.4950E-05
120.        1.0750E+01 1.0000E+00 1.7370E-04 9.9430E-06
120.        1.1500E+01 1.0000E+00 1.5510E-04 9.5290E-06
120.        1.2500E+01 1.0000E+00 1.5390E-04 9.1090E-06
120.        1.3500E+01 1.0000E+00 1.4510E-04 8.8770E-06
120.        1.4500E+01 1.0000E+00 1.3690E-04 8.6180E-06
120.        1.5500E+01 1.0000E+00 1.3590E-04 8.4630E-06
120.        1.6500E+01 1.0000E+00 1.1980E-04 8.3080E-06
120.        1.7500E+01 1.0000E+00 1.0820E-04 8.2830E-06
120.        1.8500E+01 1.0000E+00 1.0550E-04 8.0600E-06
120.        1.9500E+01 1.0000E+00 9.5760E-05 7.8730E-06
120.        2.1000E+01 2.0000E+00 9.0980E-05 5.3030E-06
120.        2.3000E+01 2.0000E+00 7.9910E-05 5.0420E-06
120.        2.5000E+01 2.0000E+00 6.5590E-05 4.7620E-06
120.        2.7000E+01 2.0000E+00 6.6220E-05 4.6450E-06
120.        2.9000E+01 2.0000E+00 5.7990E-05 4.5220E-06
120.        3.1000E+01 2.0000E+00 5.7400E-05 4.4250E-06
120.        3.3000E+01 2.0000E+00 4.7040E-05 4.3700E-06
120.        3.5000E+01 2.0000E+00 4.4900E-05 4.9670E-06
120.        3.7000E+01 2.0000E+00 3.9000E-05 4.7070E-06
120.        3.9000E+01 2.0000E+00 3.9050E-05 4.5130E-06
120.        4.1000E+01 2.0000E+00 3.3290E-05 4.2780E-06
120.        4.3000E+01 2.0000E+00 3.2790E-05 4.1640E-06
120.        4.5000E+01 2.0000E+00 2.9140E-05 4.0540E-06
120.        4.7000E+01 2.0000E+00 2.9580E-05 3.9710E-06
120.        4.9000E+01 2.0000E+00 3.3050E-05 3.9610E-06
120.        5.2500E+01 5.0000E+00 2.3640E-05 2.4980E-06
120.        5.7500E+01 5.0000E+00 2.1380E-05 2.3300E-06
120.        6.2500E+01 5.0000E+00 2.0910E-05 2.3000E-06
120.        6.7500E+01 5.0000E+00 1.7770E-05 2.2510E-06
120.        7.2500E+01 5.0000E+00 1.5510E-05 2.1870E-06
120.        7.7500E+01 5.0000E+00 1.2710E-05 2.1400E-06
120.        8.2500E+01 5.0000E+00 7.9570E-06 2.2430E-06
120.        8.7500E+01 5.0000E+00 9.7000E-06 2.0170E-06
120.        9.2500E+01 5.0000E+00 9.2650E-06 1.9500E-06
120.        9.7500E+01 5.0000E+00 6.9920E-06 1.8160E-06
120.        1.0750E+02 1.0000E+01 5.6360E-06 1.2130E-06
120.        1.1500E+02 1.0000E+01 4.5530E-06 1.1150E-06
120.        1.2500E+02 1.0000E+01 2.7620E-06 1.0210E-06
120.        1.3500E+02 1.0000E+01 2.2810E-06 9.6660E-07
120.        1.4500E+02 1.0000E+01 1.6090E-06 9.2200E-07
120.        1.5500E+02 1.0000E+01 8.1650E-07 8.5250E-07
120.        1.6500E+02 1.0000E+01 6.8550E-07 8.0790E-07
120.        1.7500E+02 1.0000E+01 5.1500E-07 7.7770E-07
120.        1.8500E+02 1.0000E+01 4.3060E-07 7.3960E-07
120.        1.9500E+02 1.0000E+01 3.3000E-07 6.9180E-07
120.        2.1000E+02 2.0000E+01 1.3830E-07 4.9220E-07
120.        2.3000E+02 2.0000E+01 1.5070E-08 4.4200E-07
150.        5.2500E-01 5.0000E-01 0.0        0.0
150.        5.2500E-01 5.0000E-01 9.1330E-04 5.4190E-04
150.        5.7500E-01 5.0000E-01 7.9030E-04 4.3670E-04
150.        6.2500E-01 5.0000E-01 8.0670E-04 3.7630E-04
150.        6.7500E-01 5.0000E-01 8.4710E-04 3.3760E-04
150.        7.2500E-01 5.0000E-01 7.5640E-04 3.1200E-04
150.        7.7500E-01 5.0000E-01 9.4310E-04 2.9260E-04
150.        8.2500E-01 5.0000E-01 8.7820E-04 2.7590E-04
150.        8.7500E-01 5.0000E-01 7.9700E-04 2.5940E-04
150.        9.2500E-01 5.0000E-01 9.9840E-04 2.6750E-04
150.        9.7500E-01 5.0000E-01 7.9050E-04 2.5970E-04
150.        1.0750E+00 1.0000E-01 7.6450E-04 1.6640E-04
150.        1.1500E+00 1.0000E-01 8.1170E-04 1.4440E-04
150.        1.2500E+00 1.0000E-01 8.1360E-04 1.3540E-04
150.        1.3500E+00 1.0000E-01 7.1420E-04 1.3010E-04
150.        1.4500E+00 1.0000E-01 6.5600E-04 1.2110E-04
150.        1.5500E+00 1.0000E-01 5.9680E-04 1.1780E-04
150.        1.6500E+00 1.0000E-01 6.3330E-04 1.1280E-04
150.        1.7500E+00 1.0000E-01 5.9280E-04 1.0630E-04
150.        1.8500E+00 1.0000E-01 5.9380E-04 1.0640E-04
150.        1.9500E+00 1.0000E-01 5.6080E-04 1.0580E-04
150.        2.1000E+00 2.0000E-01 6.1410E-04 6.7030E-05
150.        2.3000E+00 2.0000E-01 6.2670E-04 7.0860E-05
150.        2.5000E+00 2.0000E-01 6.8320E-04 7.3820E-05
150.        2.7000E+00 2.0000E-01 5.5020E-04 6.7470E-05
150.        2.9000E+00 2.0000E-01 5.5520E-04 6.8810E-05
150.        3.1000E+00 2.0000E-01 4.9940E-04 6.6980E-05
150.        3.3000E+00 2.0000E-01 4.7360E-04 6.1920E-05
150.        3.5000E+00 2.0000E-01 4.2000E-04 5.9250E-05
150.        3.7000E+00 2.0000E-01 3.6130E-04 5.7910E-05
150.        3.9000E+00 2.0000E-01 3.8020E-04 5.4540E-05
150.        4.1000E+00 2.0000E-01 3.6280E-04 5.5140E-05
150.        4.3000E+00 2.0000E-01 3.5960E-04 5.5710E-05
150.        4.5000E+00 2.0000E-01 3.4640E-04 5.1920E-05
150.        4.7000E+00 2.0000E-01 3.4450E-04 5.1640E-05
150.        4.9000E+00 2.0000E-01 3.2970E-04 5.0340E-05
150.        5.2500E+00 5.0000E-01 2.8980E-04 2.9670E-05
150.        5.7500E+00 5.0000E-01 3.0450E-04 3.0350E-05
150.        6.2500E+00 5.0000E-01 2.5090E-04 2.7040E-05
150.        6.7500E+00 5.0000E-01 2.4120E-04 2.5860E-05
150.        7.2500E+00 5.0000E-01 2.0220E-04 2.5140E-05
150.        7.7500E+00 5.0000E-01 2.0090E-04 2.3870E-05
150.        8.2500E+00 5.0000E-01 1.7950E-04 2.2740E-05
150.        8.7500E+00 5.0000E-01 2.0150E-04 2.1660E-05
150.        9.2500E+00 5.0000E-01 1.7000E-04 2.0530E-05
150.        9.7500E+00 5.0000E-01 1.6490E-04 2.0600E-05
150.        1.0750E+01 1.0000E+00 1.4750E-04 1.3590E-05
150.        1.1500E+01 1.0000E+00 1.4270E-04 1.3030E-05
150.        1.2500E+01 1.0000E+00 1.3170E-04 1.2560E-05
150.        1.3500E+01 1.0000E+00 1.1460E-04 1.2180E-05
150.        1.4500E+01 1.0000E+00 1.2240E-04 1.1810E-05
150.        1.5500E+01 1.0000E+00 1.0920E-04 1.1510E-05
150.        1.6500E+01 1.0000E+00 1.0640E-04 1.1190E-05
150.        1.7500E+01 1.0000E+00 8.3760E-05 1.1140E-05
150.        1.8500E+01 1.0000E+00 8.5780E-05 1.0840E-05
150.        1.9500E+01 1.0000E+00 8.0940E-05 1.0730E-05
150.        2.1000E+01 2.0000E+00 5.5680E-05 7.1310E-06
150.        2.3000E+01 2.0000E+00 5.3720E-05 6.6780E-06
150.        2.5000E+01 2.0000E+00 4.8310E-05 6.4450E-06
150.        2.7000E+01 2.0000E+00 4.7510E-05 6.3500E-06
150.        2.9000E+01 2.0000E+00 3.7750E-05 6.1970E-06
150.        3.1000E+01 2.0000E+00 3.7640E-05 6.1470E-06
150.        3.3000E+01 2.0000E+00 3.2020E-05 5.9690E-06
150.        3.5000E+01 2.0000E+00 2.1100E-05 6.8020E-06
150.        3.7000E+01 2.0000E+00 1.9660E-05 6.4680E-06
150.        3.9000E+01 2.0000E+00 1.9890E-05 6.2290E-06
150.        4.1000E+01 2.0000E+00 2.1780E-05 6.0280E-06
150.        4.3000E+01 2.0000E+00 1.6080E-05 5.7610E-06
150.        4.5000E+01 2.0000E+00 1.6090E-05 5.6990E-06
150.        4.7000E+01 2.0000E+00 1.4440E-05 5.5330E-06
150.        4.9000E+01 2.0000E+00 1.4610E-05 5.4090E-06
150.        5.2500E+01 5.0000E+00 1.3160E-05 3.3690E-06
150.        5.7500E+01 5.0000E+00 1.2240E-05 3.2700E-06
150.        6.2500E+01 5.0000E+00 8.8660E-06 3.1730E-06
150.        6.7500E+01 5.0000E+00 7.9710E-06 3.0950E-06
150.        7.2500E+01 5.0000E+00 7.8340E-06 2.9940E-06
150.        7.7500E+01 5.0000E+00 4.6380E-06 2.9370E-06
150.        8.2500E+01 5.0000E+00 5.9950E-06 2.9150E-06
150.        8.7500E+01 5.0000E+00 4.6350E-06 2.7560E-06
150.        9.2500E+01 5.0000E+00 4.4410E-06 2.7130E-06
150.        9.7500E+01 5.0000E+00 3.2630E-06 2.6210E-06
150.        1.0750E+02 1.0000E+01 2.3850E-06 1.7710E-06
150.        1.1500E+02 1.0000E+01 2.0750E-06 1.6190E-06
150.        1.2500E+02 1.0000E+01 1.4690E-06 1.5120E-06
150.        1.3500E+02 1.0000E+01 1.0900E-06 1.5220E-06
150.        0.0        0.0        1.0900E-06 1.5220E-06
ENDDATA            368          0
