12 MV Eurados PTWATER 0
Start  
10  
1 260 1
261 520 1
521 781 1
782 830 1
831 875 1
876 920 1
921 967 1
968 1012 1
1013 1057 1
1058 1106 1
x y z dx dy dz dose
(0 , 0, -99) (2, 2, 0.5) 0
(0 , 0, -98) (2, 2, 0.5) 0
(0 , 0, -97) (2, 2, 0.5) 0
(0 , 0, -96) (2, 2, 0.5) 0
(0 , 0, -95) (2, 2, 0.5) 0
(0 , 0, -94) (2, 2, 0.5) 0
(0 , 0, -93) (2, 2, 0.5) 0
(0 , 0, -92) (2, 2, 0.5) 0
(0 , 0, -91) (2, 2, 0.5) 0
(0 , 0, -90) (2, 2, 0.5) 0
(0 , 0, -89) (2, 2, 0.5) 0
(0 , 0, -88) (2, 2, 0.5) 0
(0 , 0, -87) (2, 2, 0.5) 0
(0 , 0, -86) (2, 2, 0.5) 0
(0 , 0, -85) (2, 2, 0.5) 0
(0 , 0, -84) (2, 2, 0.5) 0
(0 , 0, -83) (2, 2, 0.5) 0
(0 , 0, -82) (2, 2, 0.5) 0
(0 , 0, -81) (2, 2, 0.5) 0
(0 , 0, -80) (2, 2, 0.5) 0
(0 , 0, -79) (2, 2, 0.5) 0
(0 , 0, -78) (2, 2, 0.5) 0
(0 , 0, -77) (2, 2, 0.5) 0
(0 , 0, -76) (2, 2, 0.5) 0
(0 , 0, -75) (2, 2, 0.5) 0
(0 , 0, -74) (2, 2, 0.5) 0
(0 , 0, -73) (2, 2, 0.5) 0
(0 , 0, -72) (2, 2, 0.5) 0
(0 , 0, -71) (2, 2, 0.5) 0
(0 , 0, -70) (2, 2, 0.5) 0
(0 , 0, -69) (2, 2, 0.5) 0
(0 , 0, -68) (2, 2, 0.5) 0
(0 , 0, -67) (2, 2, 0.5) 0
(0 , 0, -66) (2, 2, 0.5) 0
(0 , 0, -65) (2, 2, 0.5) 0
(0 , 0, -64) (2, 2, 0.5) 0
(0 , 0, -63) (2, 2, 0.5) 0
(0 , 0, -62) (2, 2, 0.5) 0
(0 , 0, -61) (2, 2, 0.5) 0
(0 , 0, -60) (2, 2, 0.5) 0
(0 , 0, -59) (2, 2, 0.5) 0
(0 , 0, -58) (2, 2, 0.5) 0
(0 , 0, -57) (2, 2, 0.5) 0
(0 , 0, -56) (2, 2, 0.5) 0
(0 , 0, -55) (2, 2, 0.5) 0
(0 , 0, -54) (2, 2, 0.5) 0
(0 , 0, -53) (2, 2, 0.5) 0
(0 , 0, -52) (2, 2, 0.5) 0
(0 , 0, -51) (2, 2, 0.5) 0
(0 , 0, -50) (2, 2, 0.5) 0
(0 , 0, -49) (2, 2, 0.5) 0
(0 , 0, -48) (2, 2, 0.5) 0
(0 , 0, -47) (2, 2, 0.5) 0
(0 , 0, -46) (2, 2, 0.5) 0
(0 , 0, -45) (2, 2, 0.5) 0
(0 , 0, -44) (2, 2, 0.5) 0
(0 , 0, -43) (2, 2, 0.5) 0
(0 , 0, -42) (2, 2, 0.5) 0
(0 , 0, -41) (2, 2, 0.5) 0
(0 , 0, -40) (2, 2, 0.5) 0
(0 , 0, -39) (2, 2, 0.5) 0
(0 , 0, -38) (2, 2, 0.5) 0
(0 , 0, -37) (2, 2, 0.5) 0
(0 , 0, -36) (2, 2, 0.5) 0
(0 , 0, -35) (2, 2, 0.5) 0
(0 , 0, -34) (2, 2, 0.5) 0
(0 , 0, -33) (2, 2, 0.5) 0
(0 , 0, -32) (2, 2, 0.5) 0
(0 , 0, -31) (2, 2, 0.5) 0
(0 , 0, -30) (2, 2, 0.5) 0
(0 , 0, -29) (2, 2, 0.5) 0
(0 , 0, -28) (2, 2, 0.5) 0
(0 , 0, -27) (2, 2, 0.5) 0
(0 , 0, -26) (2, 2, 0.5) 0
(0 , 0, -25) (2, 2, 0.5) 0
(0 , 0, -24) (2, 2, 0.5) 0
(0 , 0, -23) (2, 2, 0.5) 0
(0 , 0, -22) (2, 2, 0.5) 0
(0 , 0, -21) (2, 2, 0.5) 0
(0 , 0, -20) (2, 2, 0.5) 0
(0 , 0, -19) (2, 2, 0.5) 0
(0 , 0, -18) (2, 2, 0.5) 0
(0 , 0, -17) (2, 2, 0.5) 0
(0 , 0, -16) (2, 2, 0.5) 0
(0 , 0, -15) (2, 2, 0.5) 0
(0 , 0, -14) (2, 2, 0.5) 0
(0 , 0, -13) (2, 2, 0.5) 0
(0 , 0, -12) (2, 2, 0.5) 0
(0 , 0, -11) (2, 2, 0.5) 0
(0 , 0, -10) (2, 2, 0.5) 0
(0 , 0, -9) (2, 2, 0.5) 0
(0 , 0, -8) (2, 2, 0.5) 0
(0 , 0, -7) (2, 2, 0.5) 0
(0 , 0, -6) (2, 2, 0.5) 0
(0 , 0, -5) (2, 2, 0.5) 0
(0 , 0, -4) (2, 2, 0.5) 0
(0 , 0, -3) (2, 2, 0.5) 0
(0 , 0, -2) (2, 2, 0.5) 0
(0 , 0, -1) (2, 2, 0.5) 0
(0 , 0, 0) (2, 2, 0.5) 0
(0 , 0, 1) (2, 2, 0.5) 0
(0 , 0, 2) (2, 2, 0.5) 0
(0 , 0, 3) (2, 2, 0.5) 0
(0 , 0, 4) (2, 2, 0.5) 0
(0 , 0, 5) (2, 2, 0.5) 0
(0 , 0, 6) (2, 2, 0.5) 0
(0 , 0, 7) (2, 2, 0.5) 0
(0 , 0, 8) (2, 2, 0.5) 0
(0 , 0, 9) (2, 2, 0.5) 0
(0 , 0, 10) (2, 2, 0.5) 0
(0 , 0, 11) (2, 2, 0.5) 0
(0 , 0, 12) (2, 2, 0.5) 0
(0 , 0, 13) (2, 2, 0.5) 0
(0 , 0, 14) (2, 2, 0.5) 0
(0 , 0, 15) (2, 2, 0.5) 0
(0 , 0, 16) (2, 2, 0.5) 0
(0 , 0, 17) (2, 2, 0.5) 0
(0 , 0, 18) (2, 2, 0.5) 0
(0 , 0, 19) (2, 2, 0.5) 0
(0 , 0, 20) (2, 2, 0.5) 0
(0 , 0, 21) (2, 2, 0.5) 0
(0 , 0, 22) (2, 2, 0.5) 0
(0 , 0, 23) (2, 2, 0.5) 0
(0 , 0, 24) (2, 2, 0.5) 0
(0 , 0, 25) (2, 2, 0.5) 0
(0 , 0, 26) (2, 2, 0.5) 0
(0 , 0, 27) (2, 2, 0.5) 0
(0 , 0, 28) (2, 2, 0.5) 0
(0 , 0, 29) (2, 2, 0.5) 0
(0 , 0, 30) (2, 2, 0.5) 0
(0 , 0, 31) (2, 2, 0.5) 0
(0 , 0, 32) (2, 2, 0.5) 0
(0 , 0, 33) (2, 2, 0.5) 0
(0 , 0, 34) (2, 2, 0.5) 0
(0 , 0, 35) (2, 2, 0.5) 0
(0 , 0, 36) (2, 2, 0.5) 0
(0 , 0, 37) (2, 2, 0.5) 0
(0 , 0, 38) (2, 2, 0.5) 0
(0 , 0, 39) (2, 2, 0.5) 0
(0 , 0, 40) (2, 2, 0.5) 0
(0 , 0, 41) (2, 2, 0.5) 0
(0 , 0, 42) (2, 2, 0.5) 0
(0 , 0, 43) (2, 2, 0.5) 0
(0 , 0, 44) (2, 2, 0.5) 0
(0 , 0, 45) (2, 2, 0.5) 0
(0 , 0, 46) (2, 2, 0.5) 0
(0 , 0, 47) (2, 2, 0.5) 0
(0 , 0, 48) (2, 2, 0.5) 0
(0 , 0, 49) (2, 2, 0.5) 0
(0 , 0, 50) (2, 2, 0.5) 0
(0 , 0, 51) (2, 2, 0.5) 0
(0 , 0, 52) (2, 2, 0.5) 0
(0 , 0, 53) (2, 2, 0.5) 0
(0 , 0, 54) (2, 2, 0.5) 0
(0 , 0, 55) (2, 2, 0.5) 0
(0 , 0, 56) (2, 2, 0.5) 0
(0 , 0, 57) (2, 2, 0.5) 0
(0 , 0, 58) (2, 2, 0.5) 0
(0 , 0, 59) (2, 2, 0.5) 0
(0 , 0, 60) (2, 2, 0.5) 0
(0 , 0, 61) (2, 2, 0.5) 0
(0 , 0, 62) (2, 2, 0.5) 0
(0 , 0, 63) (2, 2, 0.5) 0
(0 , 0, 64) (2, 2, 0.5) 0
(0 , 0, 65) (2, 2, 0.5) 0
(0 , 0, 66) (2, 2, 0.5) 0
(0 , 0, 67) (2, 2, 0.5) 0
(0 , 0, 68) (2, 2, 0.5) 0
(0 , 0, 69) (2, 2, 0.5) 0
(0 , 0, 70) (2, 2, 0.5) 0
(0 , 0, 71) (2, 2, 0.5) 0
(0 , 0, 72) (2, 2, 0.5) 0
(0 , 0, 73) (2, 2, 0.5) 0
(0 , 0, 74) (2, 2, 0.5) 0
(0 , 0, 75) (2, 2, 0.5) 0
(0 , 0, 76) (2, 2, 0.5) 0
(0 , 0, 77) (2, 2, 0.5) 0
(0 , 0, 78) (2, 2, 0.5) 0
(0 , 0, 79) (2, 2, 0.5) 0
(0 , 0, 80) (2, 2, 0.5) 0
(0 , 0, 81) (2, 2, 0.5) 0
(0 , 0, 82) (2, 2, 0.5) 0
(0 , 0, 83) (2, 2, 0.5) 0
(0 , 0, 84) (2, 2, 0.5) 0
(0 , 0, 85) (2, 2, 0.5) 0
(0 , 0, 86) (2, 2, 0.5) 0
(0 , 0, 87) (2, 2, 0.5) 0
(0 , 0, 88) (2, 2, 0.5) 0
(0 , 0, 89) (2, 2, 0.5) 0
(0 , 0, 90) (2, 2, 0.5) 0
(0 , 0, 91) (2, 2, 0.5) 0
(0 , 0, 92) (2, 2, 0.5) 0
(0 , 0, 93) (2, 2, 0.5) 0
(0 , 0, 94) (2, 2, 0.5) 0
(0 , 0, 95) (2, 2, 0.5) 0
(0 , 0, 96) (2, 2, 0.5) 0
(0 , 0, 97) (2, 2, 0.5) 0
(0 , 0, 98) (2, 2, 0.5) 0
(0 , 0, 99) (2, 2, 0.5) 0
(0 , 0, 100) (2, 2, 0.5) 0
(0 , 0, 101) (2, 2, 0.5) 0
(0 , 0, 102) (2, 2, 0.5) 0
(0 , 0, 103) (2, 2, 0.5) 0
(0 , 0, 104) (2, 2, 0.5) 0
(0 , 0, 105) (2, 2, 0.5) 0
(0 , 0, 106) (2, 2, 0.5) 0
(0 , 0, 107) (2, 2, 0.5) 0
(0 , 0, 108) (2, 2, 0.5) 0
(0 , 0, 109) (2, 2, 0.5) 0
(0 , 0, 110) (2, 2, 0.5) 0
(0 , 0, 111) (2, 2, 0.5) 0
(0 , 0, 112) (2, 2, 0.5) 0
(0 , 0, 113) (2, 2, 0.5) 0
(0 , 0, 114) (2, 2, 0.5) 0
(0 , 0, 115) (2, 2, 0.5) 0
(0 , 0, 116) (2, 2, 0.5) 0
(0 , 0, 117) (2, 2, 0.5) 0
(0 , 0, 118) (2, 2, 0.5) 0
(0 , 0, 119) (2, 2, 0.5) 0
(0 , 0, 120) (2, 2, 0.5) 0
(0 , 0, 121) (2, 2, 0.5) 0
(0 , 0, 122) (2, 2, 0.5) 0
(0 , 0, 123) (2, 2, 0.5) 0
(0 , 0, 124) (2, 2, 0.5) 0
(0 , 0, 125) (2, 2, 0.5) 0
(0 , 0, 126) (2, 2, 0.5) 0
(0 , 0, 127) (2, 2, 0.5) 0
(0 , 0, 128) (2, 2, 0.5) 0
(0 , 0, 129) (2, 2, 0.5) 0
(0 , 0, 130) (2, 2, 0.5) 0
(0 , 0, 131) (2, 2, 0.5) 0
(0 , 0, 132) (2, 2, 0.5) 0
(0 , 0, 133) (2, 2, 0.5) 0
(0 , 0, 134) (2, 2, 0.5) 0
(0 , 0, 135) (2, 2, 0.5) 0
(0 , 0, 136) (2, 2, 0.5) 0
(0 , 0, 137) (2, 2, 0.5) 0
(0 , 0, 138) (2, 2, 0.5) 0
(0 , 0, 139) (2, 2, 0.5) 0
(0 , 0, 140) (2, 2, 0.5) 0
(0 , 0, 141) (2, 2, 0.5) 0
(0 , 0, 142) (2, 2, 0.5) 0
(0 , 0, 143) (2, 2, 0.5) 0
(0 , 0, 144) (2, 2, 0.5) 0
(0 , 0, 145) (2, 2, 0.5) 0
(0 , 0, 146) (2, 2, 0.5) 0
(0 , 0, 147) (2, 2, 0.5) 0
(0 , 0, 148) (2, 2, 0.5) 0
(0 , 0, 149) (2, 2, 0.5) 0
(0 , 0, 150) (2, 2, 0.5) 0
(0 , 0, 151) (2, 2, 0.5) 0
(0 , 0, 152) (2, 2, 0.5) 0
(0 , 0, 153) (2, 2, 0.5) 0
(0 , 0, 154) (2, 2, 0.5) 0
(0 , 0, 155) (2, 2, 0.5) 0
(0 , 0, 156) (2, 2, 0.5) 0
(0 , 0, 157) (2, 2, 0.5) 0
(0 , 0, 158) (2, 2, 0.5) 0
(0 , 0, 159) (2, 2, 0.5) 0
(0 , 0, 160) (2, 2, 0.5) 0
(0 , 0, -99) (5, 5, 0.5) 0
(0 , 0, -98) (5, 5, 0.5) 0
(0 , 0, -97) (5, 5, 0.5) 0
(0 , 0, -96) (5, 5, 0.5) 0
(0 , 0, -95) (5, 5, 0.5) 0
(0 , 0, -94) (5, 5, 0.5) 0
(0 , 0, -93) (5, 5, 0.5) 0
(0 , 0, -92) (5, 5, 0.5) 0
(0 , 0, -91) (5, 5, 0.5) 0
(0 , 0, -90) (5, 5, 0.5) 0
(0 , 0, -89) (5, 5, 0.5) 0
(0 , 0, -88) (5, 5, 0.5) 0
(0 , 0, -87) (5, 5, 0.5) 0
(0 , 0, -86) (5, 5, 0.5) 0
(0 , 0, -85) (5, 5, 0.5) 0
(0 , 0, -84) (5, 5, 0.5) 0
(0 , 0, -83) (5, 5, 0.5) 0
(0 , 0, -82) (5, 5, 0.5) 0
(0 , 0, -81) (5, 5, 0.5) 0
(0 , 0, -80) (5, 5, 0.5) 0
(0 , 0, -79) (5, 5, 0.5) 0
(0 , 0, -78) (5, 5, 0.5) 0
(0 , 0, -77) (5, 5, 0.5) 0
(0 , 0, -76) (5, 5, 0.5) 0
(0 , 0, -75) (5, 5, 0.5) 0
(0 , 0, -74) (5, 5, 0.5) 0
(0 , 0, -73) (5, 5, 0.5) 0
(0 , 0, -72) (5, 5, 0.5) 0
(0 , 0, -71) (5, 5, 0.5) 0
(0 , 0, -70) (5, 5, 0.5) 0
(0 , 0, -69) (5, 5, 0.5) 0
(0 , 0, -68) (5, 5, 0.5) 0
(0 , 0, -67) (5, 5, 0.5) 0
(0 , 0, -66) (5, 5, 0.5) 0
(0 , 0, -65) (5, 5, 0.5) 0
(0 , 0, -64) (5, 5, 0.5) 0
(0 , 0, -63) (5, 5, 0.5) 0
(0 , 0, -62) (5, 5, 0.5) 0
(0 , 0, -61) (5, 5, 0.5) 0
(0 , 0, -60) (5, 5, 0.5) 0
(0 , 0, -59) (5, 5, 0.5) 0
(0 , 0, -58) (5, 5, 0.5) 0
(0 , 0, -57) (5, 5, 0.5) 0
(0 , 0, -56) (5, 5, 0.5) 0
(0 , 0, -55) (5, 5, 0.5) 0
(0 , 0, -54) (5, 5, 0.5) 0
(0 , 0, -53) (5, 5, 0.5) 0
(0 , 0, -52) (5, 5, 0.5) 0
(0 , 0, -51) (5, 5, 0.5) 0
(0 , 0, -50) (5, 5, 0.5) 0
(0 , 0, -49) (5, 5, 0.5) 0
(0 , 0, -48) (5, 5, 0.5) 0
(0 , 0, -47) (5, 5, 0.5) 0
(0 , 0, -46) (5, 5, 0.5) 0
(0 , 0, -45) (5, 5, 0.5) 0
(0 , 0, -44) (5, 5, 0.5) 0
(0 , 0, -43) (5, 5, 0.5) 0
(0 , 0, -42) (5, 5, 0.5) 0
(0 , 0, -41) (5, 5, 0.5) 0
(0 , 0, -40) (5, 5, 0.5) 0
(0 , 0, -39) (5, 5, 0.5) 0
(0 , 0, -38) (5, 5, 0.5) 0
(0 , 0, -37) (5, 5, 0.5) 0
(0 , 0, -36) (5, 5, 0.5) 0
(0 , 0, -35) (5, 5, 0.5) 0
(0 , 0, -34) (5, 5, 0.5) 0
(0 , 0, -33) (5, 5, 0.5) 0
(0 , 0, -32) (5, 5, 0.5) 0
(0 , 0, -31) (5, 5, 0.5) 0
(0 , 0, -30) (5, 5, 0.5) 0
(0 , 0, -29) (5, 5, 0.5) 0
(0 , 0, -28) (5, 5, 0.5) 0
(0 , 0, -27) (5, 5, 0.5) 0
(0 , 0, -26) (5, 5, 0.5) 0
(0 , 0, -25) (5, 5, 0.5) 0
(0 , 0, -24) (5, 5, 0.5) 0
(0 , 0, -23) (5, 5, 0.5) 0
(0 , 0, -22) (5, 5, 0.5) 0
(0 , 0, -21) (5, 5, 0.5) 0
(0 , 0, -20) (5, 5, 0.5) 0
(0 , 0, -19) (5, 5, 0.5) 0
(0 , 0, -18) (5, 5, 0.5) 0
(0 , 0, -17) (5, 5, 0.5) 0
(0 , 0, -16) (5, 5, 0.5) 0
(0 , 0, -15) (5, 5, 0.5) 0
(0 , 0, -14) (5, 5, 0.5) 0
(0 , 0, -13) (5, 5, 0.5) 0
(0 , 0, -12) (5, 5, 0.5) 0
(0 , 0, -11) (5, 5, 0.5) 0
(0 , 0, -10) (5, 5, 0.5) 0
(0 , 0, -9) (5, 5, 0.5) 0
(0 , 0, -8) (5, 5, 0.5) 0
(0 , 0, -7) (5, 5, 0.5) 0
(0 , 0, -6) (5, 5, 0.5) 0
(0 , 0, -5) (5, 5, 0.5) 0
(0 , 0, -4) (5, 5, 0.5) 0
(0 , 0, -3) (5, 5, 0.5) 0
(0 , 0, -2) (5, 5, 0.5) 0
(0 , 0, -1) (5, 5, 0.5) 0
(0 , 0, 0) (5, 5, 0.5) 0
(0 , 0, 1) (5, 5, 0.5) 0
(0 , 0, 2) (5, 5, 0.5) 0
(0 , 0, 3) (5, 5, 0.5) 0
(0 , 0, 4) (5, 5, 0.5) 0
(0 , 0, 5) (5, 5, 0.5) 0
(0 , 0, 6) (5, 5, 0.5) 0
(0 , 0, 7) (5, 5, 0.5) 0
(0 , 0, 8) (5, 5, 0.5) 0
(0 , 0, 9) (5, 5, 0.5) 0
(0 , 0, 10) (5, 5, 0.5) 0
(0 , 0, 11) (5, 5, 0.5) 0
(0 , 0, 12) (5, 5, 0.5) 0
(0 , 0, 13) (5, 5, 0.5) 0
(0 , 0, 14) (5, 5, 0.5) 0
(0 , 0, 15) (5, 5, 0.5) 0
(0 , 0, 16) (5, 5, 0.5) 0
(0 , 0, 17) (5, 5, 0.5) 0
(0 , 0, 18) (5, 5, 0.5) 0
(0 , 0, 19) (5, 5, 0.5) 0
(0 , 0, 20) (5, 5, 0.5) 0
(0 , 0, 21) (5, 5, 0.5) 0
(0 , 0, 22) (5, 5, 0.5) 0
(0 , 0, 23) (5, 5, 0.5) 0
(0 , 0, 24) (5, 5, 0.5) 0
(0 , 0, 25) (5, 5, 0.5) 0
(0 , 0, 26) (5, 5, 0.5) 0
(0 , 0, 27) (5, 5, 0.5) 0
(0 , 0, 28) (5, 5, 0.5) 0
(0 , 0, 29) (5, 5, 0.5) 0
(0 , 0, 30) (5, 5, 0.5) 0
(0 , 0, 31) (5, 5, 0.5) 0
(0 , 0, 32) (5, 5, 0.5) 0
(0 , 0, 33) (5, 5, 0.5) 0
(0 , 0, 34) (5, 5, 0.5) 0
(0 , 0, 35) (5, 5, 0.5) 0
(0 , 0, 36) (5, 5, 0.5) 0
(0 , 0, 37) (5, 5, 0.5) 0
(0 , 0, 38) (5, 5, 0.5) 0
(0 , 0, 39) (5, 5, 0.5) 0
(0 , 0, 40) (5, 5, 0.5) 0
(0 , 0, 41) (5, 5, 0.5) 0
(0 , 0, 42) (5, 5, 0.5) 0
(0 , 0, 43) (5, 5, 0.5) 0
(0 , 0, 44) (5, 5, 0.5) 0
(0 , 0, 45) (5, 5, 0.5) 0
(0 , 0, 46) (5, 5, 0.5) 0
(0 , 0, 47) (5, 5, 0.5) 0
(0 , 0, 48) (5, 5, 0.5) 0
(0 , 0, 49) (5, 5, 0.5) 0
(0 , 0, 50) (5, 5, 0.5) 0
(0 , 0, 51) (5, 5, 0.5) 0
(0 , 0, 52) (5, 5, 0.5) 0
(0 , 0, 53) (5, 5, 0.5) 0
(0 , 0, 54) (5, 5, 0.5) 0
(0 , 0, 55) (5, 5, 0.5) 0
(0 , 0, 56) (5, 5, 0.5) 0
(0 , 0, 57) (5, 5, 0.5) 0
(0 , 0, 58) (5, 5, 0.5) 0
(0 , 0, 59) (5, 5, 0.5) 0
(0 , 0, 60) (5, 5, 0.5) 0
(0 , 0, 61) (5, 5, 0.5) 0
(0 , 0, 62) (5, 5, 0.5) 0
(0 , 0, 63) (5, 5, 0.5) 0
(0 , 0, 64) (5, 5, 0.5) 0
(0 , 0, 65) (5, 5, 0.5) 0
(0 , 0, 66) (5, 5, 0.5) 0
(0 , 0, 67) (5, 5, 0.5) 0
(0 , 0, 68) (5, 5, 0.5) 0
(0 , 0, 69) (5, 5, 0.5) 0
(0 , 0, 70) (5, 5, 0.5) 0
(0 , 0, 71) (5, 5, 0.5) 0
(0 , 0, 72) (5, 5, 0.5) 0
(0 , 0, 73) (5, 5, 0.5) 0
(0 , 0, 74) (5, 5, 0.5) 0
(0 , 0, 75) (5, 5, 0.5) 0
(0 , 0, 76) (5, 5, 0.5) 0
(0 , 0, 77) (5, 5, 0.5) 0
(0 , 0, 78) (5, 5, 0.5) 0
(0 , 0, 79) (5, 5, 0.5) 0
(0 , 0, 80) (5, 5, 0.5) 0
(0 , 0, 81) (5, 5, 0.5) 0
(0 , 0, 82) (5, 5, 0.5) 0
(0 , 0, 83) (5, 5, 0.5) 0
(0 , 0, 84) (5, 5, 0.5) 0
(0 , 0, 85) (5, 5, 0.5) 0
(0 , 0, 86) (5, 5, 0.5) 0
(0 , 0, 87) (5, 5, 0.5) 0
(0 , 0, 88) (5, 5, 0.5) 0
(0 , 0, 89) (5, 5, 0.5) 0
(0 , 0, 90) (5, 5, 0.5) 0
(0 , 0, 91) (5, 5, 0.5) 0
(0 , 0, 92) (5, 5, 0.5) 0
(0 , 0, 93) (5, 5, 0.5) 0
(0 , 0, 94) (5, 5, 0.5) 0
(0 , 0, 95) (5, 5, 0.5) 0
(0 , 0, 96) (5, 5, 0.5) 0
(0 , 0, 97) (5, 5, 0.5) 0
(0 , 0, 98) (5, 5, 0.5) 0
(0 , 0, 99) (5, 5, 0.5) 0
(0 , 0, 100) (5, 5, 0.5) 0
(0 , 0, 101) (5, 5, 0.5) 0
(0 , 0, 102) (5, 5, 0.5) 0
(0 , 0, 103) (5, 5, 0.5) 0
(0 , 0, 104) (5, 5, 0.5) 0
(0 , 0, 105) (5, 5, 0.5) 0
(0 , 0, 106) (5, 5, 0.5) 0
(0 , 0, 107) (5, 5, 0.5) 0
(0 , 0, 108) (5, 5, 0.5) 0
(0 , 0, 109) (5, 5, 0.5) 0
(0 , 0, 110) (5, 5, 0.5) 0
(0 , 0, 111) (5, 5, 0.5) 0
(0 , 0, 112) (5, 5, 0.5) 0
(0 , 0, 113) (5, 5, 0.5) 0
(0 , 0, 114) (5, 5, 0.5) 0
(0 , 0, 115) (5, 5, 0.5) 0
(0 , 0, 116) (5, 5, 0.5) 0
(0 , 0, 117) (5, 5, 0.5) 0
(0 , 0, 118) (5, 5, 0.5) 0
(0 , 0, 119) (5, 5, 0.5) 0
(0 , 0, 120) (5, 5, 0.5) 0
(0 , 0, 121) (5, 5, 0.5) 0
(0 , 0, 122) (5, 5, 0.5) 0
(0 , 0, 123) (5, 5, 0.5) 0
(0 , 0, 124) (5, 5, 0.5) 0
(0 , 0, 125) (5, 5, 0.5) 0
(0 , 0, 126) (5, 5, 0.5) 0
(0 , 0, 127) (5, 5, 0.5) 0
(0 , 0, 128) (5, 5, 0.5) 0
(0 , 0, 129) (5, 5, 0.5) 0
(0 , 0, 130) (5, 5, 0.5) 0
(0 , 0, 131) (5, 5, 0.5) 0
(0 , 0, 132) (5, 5, 0.5) 0
(0 , 0, 133) (5, 5, 0.5) 0
(0 , 0, 134) (5, 5, 0.5) 0
(0 , 0, 135) (5, 5, 0.5) 0
(0 , 0, 136) (5, 5, 0.5) 0
(0 , 0, 137) (5, 5, 0.5) 0
(0 , 0, 138) (5, 5, 0.5) 0
(0 , 0, 139) (5, 5, 0.5) 0
(0 , 0, 140) (5, 5, 0.5) 0
(0 , 0, 141) (5, 5, 0.5) 0
(0 , 0, 142) (5, 5, 0.5) 0
(0 , 0, 143) (5, 5, 0.5) 0
(0 , 0, 144) (5, 5, 0.5) 0
(0 , 0, 145) (5, 5, 0.5) 0
(0 , 0, 146) (5, 5, 0.5) 0
(0 , 0, 147) (5, 5, 0.5) 0
(0 , 0, 148) (5, 5, 0.5) 0
(0 , 0, 149) (5, 5, 0.5) 0
(0 , 0, 150) (5, 5, 0.5) 0
(0 , 0, 151) (5, 5, 0.5) 0
(0 , 0, 152) (5, 5, 0.5) 0
(0 , 0, 153) (5, 5, 0.5) 0
(0 , 0, 154) (5, 5, 0.5) 0
(0 , 0, 155) (5, 5, 0.5) 0
(0 , 0, 156) (5, 5, 0.5) 0
(0 , 0, 157) (5, 5, 0.5) 0
(0 , 0, 158) (5, 5, 0.5) 0
(0 , 0, 159) (5, 5, 0.5) 0
(0 , 0, 160) (5, 5, 0.5) 0
(0 , 0, -99.9) (20, 20, 0.05) 0
(0 , 0, -99.8) (20, 20, 0.05) 0
(0 , 0, -99.7) (20, 20, 0.05) 0
(0 , 0, -99.6) (20, 20, 0.05) 0
(0 , 0, -99.5) (20, 20, 0.05) 0
(0 , 0, -99.4) (20, 20, 0.05) 0
(0 , 0, -99.3) (20, 20, 0.05) 0
(0 , 0, -99.2) (20, 20, 0.05) 0
(0 , 0, -99.1000000000001) (20, 20, 0.05) 0
(0 , 0, -99.0000000000001) (20, 20, 0.05) 0
(0 , 0, -98.9000000000001) (20, 20, 0.05) 0
(0 , 0, -98.8000000000001) (20, 20, 0.05) 0
(0 , 0, -98.7000000000001) (20, 20, 0.05) 0
(0 , 0, -98.6000000000001) (20, 20, 0.05) 0
(0 , 0, -98.5000000000001) (20, 20, 0.05) 0
(0 , 0, -98.4000000000001) (20, 20, 0.05) 0
(0 , 0, -98.3000000000001) (20, 20, 0.05) 0
(0 , 0, -98.2000000000001) (20, 20, 0.05) 0
(0 , 0, -98.1000000000001) (20, 20, 0.05) 0
(0 , 0, -98.0000000000001) (20, 20, 0.05) 0
(0 , 0, -97.9000000000001) (20, 20, 0.05) 0
(0 , 0, -97.8000000000001) (20, 20, 0.05) 0
(0 , 0, -97.7000000000001) (20, 20, 0.05) 0
(0 , 0, -97.6000000000001) (20, 20, 0.05) 0
(0 , 0, -97.5000000000001) (20, 20, 0.05) 0
(0 , 0, -97.4000000000001) (20, 20, 0.05) 0
(0 , 0, -97.3000000000002) (20, 20, 0.05) 0
(0 , 0, -97.2000000000002) (20, 20, 0.05) 0
(0 , 0, -97.1000000000002) (20, 20, 0.05) 0
(0 , 0, -97.0000000000002) (20, 20, 0.05) 0
(0 , 0, -96.9000000000002) (20, 20, 0.05) 0
(0 , 0, -96.8000000000002) (20, 20, 0.05) 0
(0 , 0, -96.7000000000002) (20, 20, 0.05) 0
(0 , 0, -96.6000000000002) (20, 20, 0.05) 0
(0 , 0, -96.5000000000002) (20, 20, 0.05) 0
(0 , 0, -96.4000000000002) (20, 20, 0.05) 0
(0 , 0, -96.3000000000002) (20, 20, 0.05) 0
(0 , 0, -96.2000000000002) (20, 20, 0.05) 0
(0 , 0, -96.1000000000002) (20, 20, 0.05) 0
(0 , 0, -96.0000000000002) (20, 20, 0.05) 0
(0 , 0, -95.9000000000002) (20, 20, 0.05) 0
(0 , 0, -95.8000000000002) (20, 20, 0.05) 0
(0 , 0, -95.7000000000002) (20, 20, 0.05) 0
(0 , 0, -95.6000000000003) (20, 20, 0.05) 0
(0 , 0, -95.5000000000003) (20, 20, 0.05) 0
(0 , 0, -95.4000000000003) (20, 20, 0.05) 0
(0 , 0, -95.3000000000003) (20, 20, 0.05) 0
(0 , 0, -95.2000000000003) (20, 20, 0.05) 0
(0 , 0, -95.1000000000003) (20, 20, 0.05) 0
(0 , 0, -95.0000000000003) (20, 20, 0.05) 0
(0 , 0, -94.9000000000003) (20, 20, 0.05) 0
(0 , 0, -94.8000000000003) (20, 20, 0.05) 0
(0 , 0, -94.7000000000003) (20, 20, 0.05) 0
(0 , 0, -94.6000000000003) (20, 20, 0.05) 0
(0 , 0, -94.5000000000003) (20, 20, 0.05) 0
(0 , 0, -94.4000000000003) (20, 20, 0.05) 0
(0 , 0, -94.3000000000003) (20, 20, 0.05) 0
(0 , 0, -94.2000000000003) (20, 20, 0.05) 0
(0 , 0, -94.1000000000003) (20, 20, 0.05) 0
(0 , 0, -94.0000000000003) (20, 20, 0.05) 0
(0 , 0, -93.9000000000003) (20, 20, 0.05) 0
(0 , 0, -93.8000000000004) (20, 20, 0.05) 0
(0 , 0, -93.7000000000004) (20, 20, 0.05) 0
(0 , 0, -93.6000000000004) (20, 20, 0.05) 0
(0 , 0, -93.5000000000004) (20, 20, 0.05) 0
(0 , 0, -93.4000000000004) (20, 20, 0.05) 0
(0 , 0, -93.3000000000004) (20, 20, 0.05) 0
(0 , 0, -93.2000000000004) (20, 20, 0.05) 0
(0 , 0, -93.1000000000004) (20, 20, 0.05) 0
(0 , 0, -93.0000000000004) (20, 20, 0.05) 0
(0 , 0, -92.9000000000004) (20, 20, 0.05) 0
(0 , 0, -92.8000000000004) (20, 20, 0.05) 0
(0 , 0, -92.7000000000004) (20, 20, 0.05) 0
(0 , 0, -92.6000000000004) (20, 20, 0.05) 0
(0 , 0, -92.5000000000004) (20, 20, 0.05) 0
(0 , 0, -92.4000000000004) (20, 20, 0.05) 0
(0 , 0, -92.3000000000004) (20, 20, 0.05) 0
(0 , 0, -92.2000000000004) (20, 20, 0.05) 0
(0 , 0, -92.1000000000004) (20, 20, 0.05) 0
(0 , 0, -92.0000000000005) (20, 20, 0.05) 0
(0 , 0, -91.9000000000005) (20, 20, 0.05) 0
(0 , 0, -91.8000000000005) (20, 20, 0.05) 0
(0 , 0, -91.7000000000005) (20, 20, 0.05) 0
(0 , 0, -91.6000000000005) (20, 20, 0.05) 0
(0 , 0, -91.5000000000005) (20, 20, 0.05) 0
(0 , 0, -91.4000000000005) (20, 20, 0.05) 0
(0 , 0, -91.3000000000005) (20, 20, 0.05) 0
(0 , 0, -91.2000000000005) (20, 20, 0.05) 0
(0 , 0, -91.1000000000005) (20, 20, 0.05) 0
(0 , 0, -91.0000000000005) (20, 20, 0.05) 0
(0 , 0, -90.9000000000005) (20, 20, 0.05) 0
(0 , 0, -90.8000000000005) (20, 20, 0.05) 0
(0 , 0, -90.7000000000005) (20, 20, 0.05) 0
(0 , 0, -90.6000000000005) (20, 20, 0.05) 0
(0 , 0, -90.5000000000005) (20, 20, 0.05) 0
(0 , 0, -90.4000000000005) (20, 20, 0.05) 0
(0 , 0, -90.3000000000006) (20, 20, 0.05) 0
(0 , 0, -90.2000000000006) (20, 20, 0.05) 0
(0 , 0, -90.1000000000006) (20, 20, 0.05) 0
(0 , 0, -90.0000000000006) (20, 20, 0.05) 0
(0 , 0, -89.9000000000006) (20, 20, 0.05) 0
(0 , 0, -89.8000000000006) (20, 20, 0.05) 0
(0 , 0, -89.7000000000006) (20, 20, 0.05) 0
(0 , 0, -89.6000000000006) (20, 20, 0.05) 0
(0 , 0, -89.5000000000006) (20, 20, 0.05) 0
(0 , 0, -89.4000000000006) (20, 20, 0.05) 0
(0 , 0, -89.3000000000006) (20, 20, 0.05) 0
(0 , 0, -89.2000000000006) (20, 20, 0.05) 0
(0 , 0, -89.1000000000006) (20, 20, 0.05) 0
(0 , 0, -89.0000000000006) (20, 20, 0.05) 0
(0 , 0, -88.9000000000006) (20, 20, 0.05) 0
(0 , 0, -88.8000000000006) (20, 20, 0.05) 0
(0 , 0, -88.7000000000006) (20, 20, 0.05) 0
(0 , 0, -88.6000000000006) (20, 20, 0.05) 0
(0 , 0, -88.5000000000007) (20, 20, 0.05) 0
(0 , 0, -88.4000000000007) (20, 20, 0.05) 0
(0 , 0, -88.3000000000007) (20, 20, 0.05) 0
(0 , 0, -88.2000000000007) (20, 20, 0.05) 0
(0 , 0, -88.1000000000007) (20, 20, 0.05) 0
(0 , 0, -88.0000000000007) (20, 20, 0.05) 0
(0 , 0, -87.9000000000007) (20, 20, 0.05) 0
(0 , 0, -87.8000000000007) (20, 20, 0.05) 0
(0 , 0, -87.7000000000007) (20, 20, 0.05) 0
(0 , 0, -87.6000000000007) (20, 20, 0.05) 0
(0 , 0, -87.5000000000007) (20, 20, 0.05) 0
(0 , 0, -87.4000000000007) (20, 20, 0.05) 0
(0 , 0, -87.3000000000007) (20, 20, 0.05) 0
(0 , 0, -87.2000000000007) (20, 20, 0.05) 0
(0 , 0, -87.1000000000007) (20, 20, 0.05) 0
(0 , 0, -87.0000000000007) (20, 20, 0.05) 0
(0 , 0, -86.9000000000007) (20, 20, 0.05) 0
(0 , 0, -86.8000000000008) (20, 20, 0.05) 0
(0 , 0, -86.7000000000008) (20, 20, 0.05) 0
(0 , 0, -86.6000000000008) (20, 20, 0.05) 0
(0 , 0, -86.5000000000008) (20, 20, 0.05) 0
(0 , 0, -86.4000000000008) (20, 20, 0.05) 0
(0 , 0, -86.3000000000008) (20, 20, 0.05) 0
(0 , 0, -86.2000000000008) (20, 20, 0.05) 0
(0 , 0, -86.1000000000008) (20, 20, 0.05) 0
(0 , 0, -86.0000000000008) (20, 20, 0.05) 0
(0 , 0, -85.9000000000008) (20, 20, 0.05) 0
(0 , 0, -85.8000000000008) (20, 20, 0.05) 0
(0 , 0, -85.7000000000008) (20, 20, 0.05) 0
(0 , 0, -85.6000000000008) (20, 20, 0.05) 0
(0 , 0, -85.5000000000008) (20, 20, 0.05) 0
(0 , 0, -85.4000000000008) (20, 20, 0.05) 0
(0 , 0, -85.3000000000008) (20, 20, 0.05) 0
(0 , 0, -85.2000000000008) (20, 20, 0.05) 0
(0 , 0, -85.1000000000008) (20, 20, 0.05) 0
(0 , 0, -85.0000000000009) (20, 20, 0.05) 0
(0 , 0, -84.9000000000009) (20, 20, 0.05) 0
(0 , 0, -84.8000000000009) (20, 20, 0.05) 0
(0 , 0, -84.7000000000009) (20, 20, 0.05) 0
(0 , 0, -84.6000000000009) (20, 20, 0.05) 0
(0 , 0, -84.5000000000009) (20, 20, 0.05) 0
(0 , 0, -84.4000000000009) (20, 20, 0.05) 0
(0 , 0, -84.3000000000009) (20, 20, 0.05) 0
(0 , 0, -84.2000000000009) (20, 20, 0.05) 0
(0 , 0, -84.1000000000009) (20, 20, 0.05) 0
(0 , 0, -84.0000000000009) (20, 20, 0.05) 0
(0 , 0, -83.9000000000009) (20, 20, 0.05) 0
(0 , 0, -83.8000000000009) (20, 20, 0.05) 0
(0 , 0, -83.7000000000009) (20, 20, 0.05) 0
(0 , 0, -83.6000000000009) (20, 20, 0.05) 0
(0 , 0, -83.5000000000009) (20, 20, 0.05) 0
(0 , 0, -83.4000000000009) (20, 20, 0.05) 0
(0 , 0, -83.3000000000009) (20, 20, 0.05) 0
(0 , 0, -83.200000000001) (20, 20, 0.05) 0
(0 , 0, -83.100000000001) (20, 20, 0.05) 0
(0 , 0, -83.000000000001) (20, 20, 0.05) 0
(0 , 0, -82.900000000001) (20, 20, 0.05) 0
(0 , 0, -82.800000000001) (20, 20, 0.05) 0
(0 , 0, -82.700000000001) (20, 20, 0.05) 0
(0 , 0, -82.600000000001) (20, 20, 0.05) 0
(0 , 0, -82.500000000001) (20, 20, 0.05) 0
(0 , 0, -82.400000000001) (20, 20, 0.05) 0
(0 , 0, -82.300000000001) (20, 20, 0.05) 0
(0 , 0, -82.200000000001) (20, 20, 0.05) 0
(0 , 0, -82.100000000001) (20, 20, 0.05) 0
(0 , 0, -82.000000000001) (20, 20, 0.05) 0
(0 , 0, -81.900000000001) (20, 20, 0.05) 0
(0 , 0, -81.800000000001) (20, 20, 0.05) 0
(0 , 0, -81.700000000001) (20, 20, 0.05) 0
(0 , 0, -81.600000000001) (20, 20, 0.05) 0
(0 , 0, -81.5000000000011) (20, 20, 0.05) 0
(0 , 0, -81.4000000000011) (20, 20, 0.05) 0
(0 , 0, -81.3000000000011) (20, 20, 0.05) 0
(0 , 0, -81.2000000000011) (20, 20, 0.05) 0
(0 , 0, -81.1000000000011) (20, 20, 0.05) 0
(0 , 0, -81.0000000000011) (20, 20, 0.05) 0
(0 , 0, -80.9000000000011) (20, 20, 0.05) 0
(0 , 0, -80.8000000000011) (20, 20, 0.05) 0
(0 , 0, -80.7000000000011) (20, 20, 0.05) 0
(0 , 0, -80.6000000000011) (20, 20, 0.05) 0
(0 , 0, -80.5000000000011) (20, 20, 0.05) 0
(0 , 0, -80.4000000000011) (20, 20, 0.05) 0
(0 , 0, -80.3000000000011) (20, 20, 0.05) 0
(0 , 0, -80.2000000000011) (20, 20, 0.05) 0
(0 , 0, -80.1000000000011) (20, 20, 0.05) 0
(0 , 0, -80.0000000000011) (20, 20, 0.05) 0
(0 , 0, -79.9000000000011) (20, 20, 0.05) 0
(0 , 0, -79.8000000000011) (20, 20, 0.05) 0
(0 , 0, -79.7000000000012) (20, 20, 0.05) 0
(0 , 0, -79.6000000000012) (20, 20, 0.05) 0
(0 , 0, -79.5000000000012) (20, 20, 0.05) 0
(0 , 0, -79.4000000000012) (20, 20, 0.05) 0
(0 , 0, -79.3000000000012) (20, 20, 0.05) 0
(0 , 0, -79.2000000000012) (20, 20, 0.05) 0
(0 , 0, -79.1000000000012) (20, 20, 0.05) 0
(0 , 0, -79.0000000000012) (20, 20, 0.05) 0
(0 , 0, -78.9000000000012) (20, 20, 0.05) 0
(0 , 0, -78.8000000000012) (20, 20, 0.05) 0
(0 , 0, -78.7000000000012) (20, 20, 0.05) 0
(0 , 0, -78.6000000000012) (20, 20, 0.05) 0
(0 , 0, -78.5000000000012) (20, 20, 0.05) 0
(0 , 0, -78.4000000000012) (20, 20, 0.05) 0
(0 , 0, -78.3000000000012) (20, 20, 0.05) 0
(0 , 0, -78.2000000000012) (20, 20, 0.05) 0
(0 , 0, -78.1000000000012) (20, 20, 0.05) 0
(0 , 0, -78.0000000000013) (20, 20, 0.05) 0
(0 , 0, -77.9000000000013) (20, 20, 0.05) 0
(0 , 0, -77.8000000000013) (20, 20, 0.05) 0
(0 , 0, -77.7000000000013) (20, 20, 0.05) 0
(0 , 0, -77.6000000000013) (20, 20, 0.05) 0
(0 , 0, -77.5000000000013) (20, 20, 0.05) 0
(0 , 0, -77.4000000000013) (20, 20, 0.05) 0
(0 , 0, -77.3000000000013) (20, 20, 0.05) 0
(0 , 0, -77.2000000000013) (20, 20, 0.05) 0
(0 , 0, -77.1000000000013) (20, 20, 0.05) 0
(0 , 0, -77.0000000000013) (20, 20, 0.05) 0
(0 , 0, -76.9000000000013) (20, 20, 0.05) 0
(0 , 0, -76.8000000000013) (20, 20, 0.05) 0
(0 , 0, -76.7000000000013) (20, 20, 0.05) 0
(0 , 0, -76.6000000000013) (20, 20, 0.05) 0
(0 , 0, -76.5000000000013) (20, 20, 0.05) 0
(0 , 0, -76.4000000000013) (20, 20, 0.05) 0
(0 , 0, -76.3000000000013) (20, 20, 0.05) 0
(0 , 0, -76.2000000000014) (20, 20, 0.05) 0
(0 , 0, -76.1000000000014) (20, 20, 0.05) 0
(0 , 0, -76.0000000000014) (20, 20, 0.05) 0
(0 , 0, -75.9000000000014) (20, 20, 0.05) 0
(0 , 0, -75.8000000000014) (20, 20, 0.05) 0
(0 , 0, -75.7000000000014) (20, 20, 0.05) 0
(0 , 0, -75.6000000000014) (20, 20, 0.05) 0
(0 , 0, -75.5000000000014) (20, 20, 0.05) 0
(0 , 0, -75.4000000000014) (20, 20, 0.05) 0
(0 , 0, -75.3000000000014) (20, 20, 0.05) 0
(0 , 0, -75.2000000000014) (20, 20, 0.05) 0
(0 , 0, -75.1000000000014) (20, 20, 0.05) 0
(0 , 0, -75.0000000000014) (20, 20, 0.05) 0
(0 , 0, -74.9000000000014) (20, 20, 0.05) 0
(0 , 0, -74.8000000000014) (20, 20, 0.05) 0
(0 , 0, -74.7000000000014) (20, 20, 0.05) 0
(0 , 0, -74.6000000000014) (20, 20, 0.05) 0
(0 , 0, -74.5000000000014) (20, 20, 0.05) 0
(0 , 0, -74.4000000000015) (20, 20, 0.05) 0
(0 , 0, -74.3000000000015) (20, 20, 0.05) 0
(0 , 0, -74.2000000000015) (20, 20, 0.05) 0
(0 , 0, -74.1000000000015) (20, 20, 0.05) 0
(0 , 0, -74.0000000000015) (20, 20, 0.05) 0
(0 , 0, -73.9000000000015) (20, 20, 0.05) 0
(0 , 0, -90) (5, 5, 0.5) 1.15516096276178
(0 , 0, -90) (5, 5, 0.5) 1.15516096276178
(0 , 0, -90) (5, 5, 0.5) 1.15516096276178
(0 , 0, -85) (5, 5, 0.5) 1.2861248643109
(0 , 0, -80) (5, 5, 0.5) 1.34043303656672
(0 , 0, -75) (5, 5, 0.5) 1.35492850370507
(0 , 0, -70) (5, 5, 0.5) 1.34862715315633
(0 , 0, -65) (5, 5, 0.5) 1.32960273728068
(0 , 0, -60) (5, 5, 0.5) 1.30520592197063
(0 , 0, -55) (5, 5, 0.5) 1.2790103953542
(0 , 0, -50) (5, 5, 0.5) 1.25145457556239
(0 , 0, -45) (5, 5, 0.5) 1.22451386113822
(0 , 0, -40) (5, 5, 0.5) 1.19863184558817
(0 , 0, -35) (5, 5, 0.5) 1.17248372765203
(0 , 0, -30) (5, 5, 0.5) 1.14644073026283
(0 , 0, -25) (5, 5, 0.5) 1.12126615965625
(0 , 0, -20) (5, 5, 0.5) 1.09633568758544
(0 , 0, -15) (5, 5, 0.5) 1.07180334149544
(0 , 0, -10) (5, 5, 0.5) 1.04848463450287
(0 , 0, -5) (5, 5, 0.5) 1.02219940259251
(0 , 0, 0) (5, 5, 0.5) 1
(0 , 0, 5) (5, 5, 0.5) 0.978632000002416
(0 , 0, 10) (5, 5, 0.5) 0.956200630206105
(0 , 0, 15) (5, 5, 0.5) 0.934263415364368
(0 , 0, 20) (5, 5, 0.5) 0.912385582600047
(0 , 0, 25) (5, 5, 0.5) 0.891618381586654
(0 , 0, 30) (5, 5, 0.5) 0.870864227819576
(0 , 0, 35) (5, 5, 0.5) 0.851026612658926
(0 , 0, 40) (5, 5, 0.5) 0.831264614303541
(0 , 0, 45) (5, 5, 0.5) 0.811437635720813
(0 , 0, 50) (5, 5, 0.5) 0.793261367353615
(0 , 0, 55) (5, 5, 0.5) 0.774618388694629
(0 , 0, 60) (5, 5, 0.5) 0.757105338082603
(0 , 0, 65) (5, 5, 0.5) 0.739699317405524
(0 , 0, 70) (5, 5, 0.5) 0.722255427832368
(0 , 0, 75) (5, 5, 0.5) 0.705986261040235
(0 , 0, 80) (5, 5, 0.5) 0.689580963693219
(0 , 0, 85) (5, 5, 0.5) 0.673647735538629
(0 , 0, 90) (5, 5, 0.5) 0.657879848300687
(0 , 0, 95) (5, 5, 0.5) 0.642875930336545
(0 , 0, 100) (5, 5, 0.5) 0.628241356312623
(0 , 0, 105) (5, 5, 0.5) 0.613432923626622
(0 , 0, 110) (5, 5, 0.5) 0.59967288191037
(0 , 0, 115) (5, 5, 0.5) 0.585373787188907
(0 , 0, 120) (5, 5, 0.5) 0.572173416042306
(0 , 0, 125) (5, 5, 0.5) 0.558518185342686
(0 , 0, 130) (5, 5, 0.5) 0.545502126267583
(0 , 0, 135) (5, 5, 0.5) 0.533181958076884
(0 , 0, 140) (5, 5, 0.5) 0.520813376180812
(0 , -110, 0) (5, 0.5, 5) 0.0179976632727861
(0 , -105, 0) (5, 0.5, 5) 0.0200702472991824
(0 , -100, 0) (5, 0.5, 5) 0.0228792722411569
(0 , -95, 0) (5, 0.5, 5) 0.0261322878864947
(0 , -90, 0) (5, 0.5, 5) 0.0301145020152179
(0 , -85, 0) (5, 0.5, 5) 0.034799062409669
(0 , -80, 0) (5, 0.5, 5) 0.0403457091146155
(0 , -75, 0) (5, 0.5, 5) 0.0475848602055544
(0 , -70, 0) (5, 0.5, 5) 0.0567504662490323
(0 , -65, 0) (5, 0.5, 5) 0.0703421346767592
(0 , -60, 0) (5, 0.5, 5) 0.0968739727423597
(0 , -55, 0) (5, 0.5, 5) 0.174916565428646
(0 , -50, 0) (5, 0.5, 5) 0.528436022247895
(0 , -45, 0) (5, 0.5, 5) 0.882006125182457
(0 , -40, 0) (5, 0.5, 5) 0.96086177274652
(0 , -35, 0) (5, 0.5, 5) 0.982183337149846
(0 , -30, 0) (5, 0.5, 5) 0.990345929529699
(0 , -25, 0) (5, 0.5, 5) 0.996399472425805
(0 , -20, 0) (5, 0.5, 5) 0.996019526897457
(0 , -15, 0) (5, 0.5, 5) 1.0011367983001
(0 , -10, 0) (5, 0.5, 5) 1.00306419032585
(0 , -5, 0) (5, 0.5, 5) 1.00243382615381
(0 , 0, 0) (5, 0.5, 5) 1
(0 , 5, 0) (5, 0.5, 5) 1.00243382615381
(0 , 10, 0) (5, 0.5, 5) 1.00306419032585
(0 , 15, 0) (5, 0.5, 5) 1.0011367983001
(0 , 20, 0) (5, 0.5, 5) 0.996019526897457
(0 , 25, 0) (5, 0.5, 5) 0.996399472425805
(0 , 30, 0) (5, 0.5, 5) 0.990345929529699
(0 , 35, 0) (5, 0.5, 5) 0.982183337149846
(0 , 40, 0) (5, 0.5, 5) 0.96086177274652
(0 , 45, 0) (5, 0.5, 5) 0.882006125182457
(0 , 50, 0) (5, 0.5, 5) 0.528436022247895
(0 , 55, 0) (5, 0.5, 5) 0.174916565428646
(0 , 60, 0) (5, 0.5, 5) 0.0968739727423597
(0 , 65, 0) (5, 0.5, 5) 0.0703421346767592
(0 , 70, 0) (5, 0.5, 5) 0.0567504662490323
(0 , 75, 0) (5, 0.5, 5) 0.0475848602055544
(0 , 80, 0) (5, 0.5, 5) 0.0403457091146155
(0 , 85, 0) (5, 0.5, 5) 0.034799062409669
(0 , 90, 0) (5, 0.5, 5) 0.0301145020152179
(0 , 95, 0) (5, 0.5, 5) 0.0261322878864947
(0 , 100, 0) (5, 0.5, 5) 0.0228792722411569
(0 , 105, 0) (5, 0.5, 5) 0.0200702472991824
(0 , 110, 0) (5, 0.5, 5) 0.0179976632727861
(0 , -110, 4) (5, 0.5, 5) 0.0179976632727861
(0 , -105, 4) (5, 0.5, 5) 0.0200702472991824
(0 , -100, 4) (5, 0.5, 5) 0.0228792722411569
(0 , -95, 4) (5, 0.5, 5) 0.0261322878864947
(0 , -90, 4) (5, 0.5, 5) 0.0301145020152179
(0 , -85, 4) (5, 0.5, 5) 0.034799062409669
(0 , -80, 4) (5, 0.5, 5) 0.0403457091146155
(0 , -75, 4) (5, 0.5, 5) 0.0475848602055544
(0 , -70, 4) (5, 0.5, 5) 0.0567504662490323
(0 , -65, 4) (5, 0.5, 5) 0.0703421346767592
(0 , -60, 4) (5, 0.5, 5) 0.0968739727423597
(0 , -55, 4) (5, 0.5, 5) 0.174916565428646
(0 , -50, 4) (5, 0.5, 5) 0.528436022247895
(0 , -45, 4) (5, 0.5, 5) 0.882006125182457
(0 , -40, 4) (5, 0.5, 5) 0.96086177274652
(0 , -35, 4) (5, 0.5, 5) 0.982183337149846
(0 , -30, 4) (5, 0.5, 5) 0.990345929529699
(0 , -25, 4) (5, 0.5, 5) 0.996399472425805
(0 , -20, 4) (5, 0.5, 5) 0.996019526897457
(0 , -15, 4) (5, 0.5, 5) 1.0011367983001
(0 , -10, 4) (5, 0.5, 5) 1.00306419032585
(0 , -5, 4) (5, 0.5, 5) 1.00243382615381
(0 , 0, 4) (5, 0.5, 5) 1
(0 , 5, 4) (5, 0.5, 5) 1.00243382615381
(0 , 10, 4) (5, 0.5, 5) 1.00306419032585
(0 , 15, 4) (5, 0.5, 5) 1.0011367983001
(0 , 20, 4) (5, 0.5, 5) 0.996019526897457
(0 , 25, 4) (5, 0.5, 5) 0.996399472425805
(0 , 30, 4) (5, 0.5, 5) 0.990345929529699
(0 , 35, 4) (5, 0.5, 5) 0.982183337149846
(0 , 40, 4) (5, 0.5, 5) 0.96086177274652
(0 , 45, 4) (5, 0.5, 5) 0.882006125182457
(0 , 50, 4) (5, 0.5, 5) 0.528436022247895
(0 , 55, 4) (5, 0.5, 5) 0.174916565428646
(0 , 60, 4) (5, 0.5, 5) 0.0968739727423597
(0 , 65, 4) (5, 0.5, 5) 0.0703421346767592
(0 , 70, 4) (5, 0.5, 5) 0.0567504662490323
(0 , 75, 4) (5, 0.5, 5) 0.0475848602055544
(0 , 80, 4) (5, 0.5, 5) 0.0403457091146155
(0 , 85, 4) (5, 0.5, 5) 0.034799062409669
(0 , 90, 4) (5, 0.5, 5) 0.0301145020152179
(0 , 95, 4) (5, 0.5, 5) 0.0261322878864947
(0 , 100, 4) (5, 0.5, 5) 0.0228792722411569
(0 , 105, 4) (5, 0.5, 5) 0.0200702472991824
(0 , 110, 4) (5, 0.5, 5) 0.0179976632727861
(0 , 0, -90) (2, 2, 0.5) 1.15516096276178
(0 , 0, -85) (2, 2, 0.5) 1.2861248643109
(0 , 0, -80) (2, 2, 0.5) 1.34043303656672
(0 , 0, -75) (2, 2, 0.5) 1.35492850370507
(0 , 0, -70) (2, 2, 0.5) 1.34862715315633
(0 , 0, -65) (2, 2, 0.5) 1.32960273728068
(0 , 0, -60) (2, 2, 0.5) 1.30520592197063
(0 , 0, -55) (2, 2, 0.5) 1.2790103953542
(0 , 0, -50) (2, 2, 0.5) 1.25145457556239
(0 , 0, -45) (2, 2, 0.5) 1.22451386113822
(0 , 0, -40) (2, 2, 0.5) 1.19863184558817
(0 , 0, -35) (2, 2, 0.5) 1.17248372765203
(0 , 0, -30) (2, 2, 0.5) 1.14644073026283
(0 , 0, -25) (2, 2, 0.5) 1.12126615965625
(0 , 0, -20) (2, 2, 0.5) 1.09633568758544
(0 , 0, -15) (2, 2, 0.5) 1.07180334149544
(0 , 0, -10) (2, 2, 0.5) 1.04848463450287
(0 , 0, -5) (2, 2, 0.5) 1.02219940259251
(0 , 0, 0) (2, 2, 0.5) 1
(0 , 0, 5) (2, 2, 0.5) 0.978632000002416
(0 , 0, 10) (2, 2, 0.5) 0.956200630206105
(0 , 0, 15) (2, 2, 0.5) 0.934263415364368
(0 , 0, 20) (2, 2, 0.5) 0.912385582600047
(0 , 0, 25) (2, 2, 0.5) 0.891618381586654
(0 , 0, 30) (2, 2, 0.5) 0.870864227819576
(0 , 0, 35) (2, 2, 0.5) 0.851026612658926
(0 , 0, 40) (2, 2, 0.5) 0.831264614303541
(0 , 0, 45) (2, 2, 0.5) 0.811437635720813
(0 , 0, 50) (2, 2, 0.5) 0.793261367353615
(0 , 0, 55) (2, 2, 0.5) 0.774618388694629
(0 , 0, 60) (2, 2, 0.5) 0.757105338082603
(0 , 0, 65) (2, 2, 0.5) 0.739699317405524
(0 , 0, 70) (2, 2, 0.5) 0.722255427832368
(0 , 0, 75) (2, 2, 0.5) 0.705986261040235
(0 , 0, 80) (2, 2, 0.5) 0.689580963693219
(0 , 0, 85) (2, 2, 0.5) 0.673647735538629
(0 , 0, 90) (2, 2, 0.5) 0.657879848300687
(0 , 0, 95) (2, 2, 0.5) 0.642875930336545
(0 , 0, 100) (2, 2, 0.5) 0.628241356312623
(0 , 0, 105) (2, 2, 0.5) 0.613432923626622
(0 , 0, 110) (2, 2, 0.5) 0.59967288191037
(0 , 0, 115) (2, 2, 0.5) 0.585373787188907
(0 , 0, 120) (2, 2, 0.5) 0.572173416042306
(0 , 0, 125) (2, 2, 0.5) 0.558518185342686
(0 , 0, 130) (2, 2, 0.5) 0.545502126267583
(0 , 0, 135) (2, 2, 0.5) 0.533181958076884
(0 , 0, 140) (2, 2, 0.5) 0.520813376180812
(0 , -110, 0) (2, 0.5, 2) 0.0179976632727861
(0 , -105, 0) (2, 0.5, 2) 0.0200702472991824
(0 , -100, 0) (2, 0.5, 2) 0.0228792722411569
(0 , -95, 0) (2, 0.5, 2) 0.0261322878864947
(0 , -90, 0) (2, 0.5, 2) 0.0301145020152179
(0 , -85, 0) (2, 0.5, 2) 0.034799062409669
(0 , -80, 0) (2, 0.5, 2) 0.0403457091146155
(0 , -75, 0) (2, 0.5, 2) 0.0475848602055544
(0 , -70, 0) (2, 0.5, 2) 0.0567504662490323
(0 , -65, 0) (2, 0.5, 2) 0.0703421346767592
(0 , -60, 0) (2, 0.5, 2) 0.0968739727423597
(0 , -55, 0) (2, 0.5, 2) 0.174916565428646
(0 , -50, 0) (2, 0.5, 2) 0.528436022247895
(0 , -45, 0) (2, 0.5, 2) 0.882006125182457
(0 , -40, 0) (2, 0.5, 2) 0.96086177274652
(0 , -35, 0) (2, 0.5, 2) 0.982183337149846
(0 , -30, 0) (2, 0.5, 2) 0.990345929529699
(0 , -25, 0) (2, 0.5, 2) 0.996399472425805
(0 , -20, 0) (2, 0.5, 2) 0.996019526897457
(0 , -15, 0) (2, 0.5, 2) 1.0011367983001
(0 , -10, 0) (2, 0.5, 2) 1.00306419032585
(0 , -5, 0) (2, 0.5, 2) 1.00243382615381
(0 , 0, 0) (2, 0.5, 2) 1
(0 , 5, 0) (2, 0.5, 2) 1.00243382615381
(0 , 10, 0) (2, 0.5, 2) 1.00306419032585
(0 , 15, 0) (2, 0.5, 2) 1.0011367983001
(0 , 20, 0) (2, 0.5, 2) 0.996019526897457
(0 , 25, 0) (2, 0.5, 2) 0.996399472425805
(0 , 30, 0) (2, 0.5, 2) 0.990345929529699
(0 , 35, 0) (2, 0.5, 2) 0.982183337149846
(0 , 40, 0) (2, 0.5, 2) 0.96086177274652
(0 , 45, 0) (2, 0.5, 2) 0.882006125182457
(0 , 50, 0) (2, 0.5, 2) 0.528436022247895
(0 , 55, 0) (2, 0.5, 2) 0.174916565428646
(0 , 60, 0) (2, 0.5, 2) 0.0968739727423597
(0 , 65, 0) (2, 0.5, 2) 0.0703421346767592
(0 , 70, 0) (2, 0.5, 2) 0.0567504662490323
(0 , 75, 0) (2, 0.5, 2) 0.0475848602055544
(0 , 80, 0) (2, 0.5, 2) 0.0403457091146155
(0 , 85, 0) (2, 0.5, 2) 0.034799062409669
(0 , 90, 0) (2, 0.5, 2) 0.0301145020152179
(0 , 95, 0) (2, 0.5, 2) 0.0261322878864947
(0 , 100, 0) (2, 0.5, 2) 0.0228792722411569
(0 , 105, 0) (2, 0.5, 2) 0.0200702472991824
(0 , 110, 0) (2, 0.5, 2) 0.0179976632727861
(0 , -110, 4) (2, 0.5, 2) 0.0179976632727861
(0 , -105, 4) (2, 0.5, 2) 0.0200702472991824
(0 , -100, 4) (2, 0.5, 2) 0.0228792722411569
(0 , -95, 4) (2, 0.5, 2) 0.0261322878864947
(0 , -90, 4) (2, 0.5, 2) 0.0301145020152179
(0 , -85, 4) (2, 0.5, 2) 0.034799062409669
(0 , -80, 4) (2, 0.5, 2) 0.0403457091146155
(0 , -75, 4) (2, 0.5, 2) 0.0475848602055544
(0 , -70, 4) (2, 0.5, 2) 0.0567504662490323
(0 , -65, 4) (2, 0.5, 2) 0.0703421346767592
(0 , -60, 4) (2, 0.5, 2) 0.0968739727423597
(0 , -55, 4) (2, 0.5, 2) 0.174916565428646
(0 , -50, 4) (2, 0.5, 2) 0.528436022247895
(0 , -45, 4) (2, 0.5, 2) 0.882006125182457
(0 , -40, 4) (2, 0.5, 2) 0.96086177274652
(0 , -35, 4) (2, 0.5, 2) 0.982183337149846
(0 , -30, 4) (2, 0.5, 2) 0.990345929529699
(0 , -25, 4) (2, 0.5, 2) 0.996399472425805
(0 , -20, 4) (2, 0.5, 2) 0.996019526897457
(0 , -15, 4) (2, 0.5, 2) 1.0011367983001
(0 , -10, 4) (2, 0.5, 2) 1.00306419032585
(0 , -5, 4) (2, 0.5, 2) 1.00243382615381
(0 , 0, 4) (2, 0.5, 2) 1
(0 , 5, 4) (2, 0.5, 2) 1.00243382615381
(0 , 10, 4) (2, 0.5, 2) 1.00306419032585
(0 , 15, 4) (2, 0.5, 2) 1.0011367983001
(0 , 20, 4) (2, 0.5, 2) 0.996019526897457
(0 , 25, 4) (2, 0.5, 2) 0.996399472425805
(0 , 30, 4) (2, 0.5, 2) 0.990345929529699
(0 , 35, 4) (2, 0.5, 2) 0.982183337149846
(0 , 40, 4) (2, 0.5, 2) 0.96086177274652
(0 , 45, 4) (2, 0.5, 2) 0.882006125182457
(0 , 50, 4) (2, 0.5, 2) 0.528436022247895
(0 , 55, 4) (2, 0.5, 2) 0.174916565428646
(0 , 60, 4) (2, 0.5, 2) 0.0968739727423597
(0 , 65, 4) (2, 0.5, 2) 0.0703421346767592
(0 , 70, 4) (2, 0.5, 2) 0.0567504662490323
(0 , 75, 4) (2, 0.5, 2) 0.0475848602055544
(0 , 80, 4) (2, 0.5, 2) 0.0403457091146155
(0 , 85, 4) (2, 0.5, 2) 0.034799062409669
(0 , 90, 4) (2, 0.5, 2) 0.0301145020152179
(0 , 95, 4) (2, 0.5, 2) 0.0261322878864947
(0 , 100, 4) (2, 0.5, 2) 0.0228792722411569
(0 , 105, 4) (2, 0.5, 2) 0.0200702472991824
(0 , 110, 4) (2, 0.5, 2) 0.0179976632727861
(0 , 0, -90) (10, 10, 0.5) 1.15516096276178
(0 , 0, -90) (10, 10, 0.5) 1.15516096276178
(0 , 0, -90) (10, 10, 0.5) 1.15516096276178
(0 , 0, -85) (10, 10, 0.5) 1.2861248643109
(0 , 0, -80) (10, 10, 0.5) 1.34043303656672
(0 , 0, -75) (10, 10, 0.5) 1.35492850370507
(0 , 0, -70) (10, 10, 0.5) 1.34862715315633
(0 , 0, -65) (10, 10, 0.5) 1.32960273728068
(0 , 0, -60) (10, 10, 0.5) 1.30520592197063
(0 , 0, -55) (10, 10, 0.5) 1.2790103953542
(0 , 0, -50) (10, 10, 0.5) 1.25145457556239
(0 , 0, -45) (10, 10, 0.5) 1.22451386113822
(0 , 0, -40) (10, 10, 0.5) 1.19863184558817
(0 , 0, -35) (10, 10, 0.5) 1.17248372765203
(0 , 0, -30) (10, 10, 0.5) 1.14644073026283
(0 , 0, -25) (10, 10, 0.5) 1.12126615965625
(0 , 0, -20) (10, 10, 0.5) 1.09633568758544
(0 , 0, -15) (10, 10, 0.5) 1.07180334149544
(0 , 0, -10) (10, 10, 0.5) 1.04848463450287
(0 , 0, -5) (10, 10, 0.5) 1.02219940259251
(0 , 0, 0) (10, 10, 0.5) 1
(0 , 0, 5) (10, 10, 0.5) 0.978632000002416
(0 , 0, 10) (10, 10, 0.5) 0.956200630206105
(0 , 0, 15) (10, 10, 0.5) 0.934263415364368
(0 , 0, 20) (10, 10, 0.5) 0.912385582600047
(0 , 0, 25) (10, 10, 0.5) 0.891618381586654
(0 , 0, 30) (10, 10, 0.5) 0.870864227819576
(0 , 0, 35) (10, 10, 0.5) 0.851026612658926
(0 , 0, 40) (10, 10, 0.5) 0.831264614303541
(0 , 0, 45) (10, 10, 0.5) 0.811437635720813
(0 , 0, 50) (10, 10, 0.5) 0.793261367353615
(0 , 0, 55) (10, 10, 0.5) 0.774618388694629
(0 , 0, 60) (10, 10, 0.5) 0.757105338082603
(0 , 0, 65) (10, 10, 0.5) 0.739699317405524
(0 , 0, 70) (10, 10, 0.5) 0.722255427832368
(0 , 0, 75) (10, 10, 0.5) 0.705986261040235
(0 , 0, 80) (10, 10, 0.5) 0.689580963693219
(0 , 0, 85) (10, 10, 0.5) 0.673647735538629
(0 , 0, 90) (10, 10, 0.5) 0.657879848300687
(0 , 0, 95) (10, 10, 0.5) 0.642875930336545
(0 , 0, 100) (10, 10, 0.5) 0.628241356312623
(0 , 0, 105) (10, 10, 0.5) 0.613432923626622
(0 , 0, 110) (10, 10, 0.5) 0.59967288191037
(0 , 0, 115) (10, 10, 0.5) 0.585373787188907
(0 , 0, 120) (10, 10, 0.5) 0.572173416042306
(0 , 0, 125) (10, 10, 0.5) 0.558518185342686
(0 , 0, 130) (10, 10, 0.5) 0.545502126267583
(0 , 0, 135) (10, 10, 0.5) 0.533181958076884
(0 , 0, 140) (10, 10, 0.5) 0.520813376180812