0	0.00146
0.04	0.0395
0.06	0.0934
0.07	0.152
0.08	0.212
0.1	0.276
0.11	0.328
0.12	0.388
0.13	0.467
0.16	0.531
1.500E-01	0.577
0.16	0.653
0.2	0.722
0.2	0.778
0.2	0.829
0.26	0.887
0.3	0.947
0.37	0.985
0.997	0.997
100.5	0.966
100.58	0.939
100.66	0.916
100.71	0.889
100.79	0.863
100.85	0.836
100.93	0.813
100.94	0.771
100.94	0.73
100.95	0.694
100.95	0.654
100.99	0.622
101.04	0.6
101.06	0.561
101.09	0.516
101.09	0.459
101.14	0.404
101.2	0.35
101.24	0.297
101.27	0.245
101.32	0.201
101.37	0.147
101.42	0.0993
101.47	0.0644
101.55	0.0311
101.6	0.0057
101.71	0.00226