0	0.00146
0.04	0.0395
0.06	0.0934
0.07	0.152
0.08	0.212
0.1	0.276
0.11	0.328
0.12	0.388
0.13	0.467
0.16	0.531
0.15	0.577
0.16	0.653
0.2	0.722
0.2	0.778
0.2	0.829
0.26	0.887
0.3	0.947
0.37	0.985
0.42	0.997
10000.5	0.966
10000.58	0.939
10000.66	0.916
10000.71	0.889
10000.79	0.863
10000.85	0.836
10000.93	0.813
10000.94	0.771
10000.94	0.73
10000.95	0.694
10000.95	0.654
10000.99	0.622
10001.04	0.6
10001.06	0.561
10001.09	0.516
10001.09	0.459
10001.14	0.404
10001.2	0.35
10001.24	0.297
10001.27	0.245
10001.32	0.201
10001.37	0.147
10001.42	0.0993
10001.47	0.0644
10001.55	0.0311
10001.6	0.0057
10001.71	0.00226