0	0.00146
0.04	0.0395
0.06	0.0934
0.07	0.152
0.08	0.212
0.1	0.276
0.11	0.328
0.12	0.388
0.13	0.467
0.16	0.531
1.500E-01	0.577
0.16	0.653
0.2	0.722
0.2	0.778
0.2	0.829
0.26	0.887
0.3	0.947
0.37	0.985
0.42	0.997
10.5	0.966
10.58	0.939
10.66	0.916
10.71	0.889
10.79	0.863
10.85	0.836
10.93	0.813
10.94	0.771
10.94	0.73
10.95	0.694
10.95	0.654
10.99	0.622
11.04	0.6
11.06	0.561
11.09	0.516
11.09	0.459
11.14	0.404
11.2	0.35
11.24	0.297
11.27	0.245
11.32	0.201
11.37	0.147
11.42	0.0993
11.47	0.0644
11.55	0.0311
11.6	0.0057
11.71	0.00226