0	0.00146
0.04	0.0395
0.06	0.0934
0.07	0.152
0.08	0.212
0.1	0.276
0.11	0.328
0.12	0.388
0.13	0.467
0.16	0.531
0.15	0.577
0.16	0.653
0.2	0.722
0.2	0.778
0.2	0.829
0.26	0.887
0.3	0.947
0.37	0.985
0.42	0.997
1000.5	0.966
1000.58	0.939
1000.66	0.916
1000.71	0.889
1000.79	0.863
1000.85	0.836
1000.93	0.813
1000.94	0.771
1000.94	0.73
1000.95	0.694
1000.95	0.654
1000.99	0.622
1001.04	0.6
1001.06	0.561
1001.09	0.516
1001.09	0.459
1001.14	0.404
1001.2	0.35
1001.24	0.297
1001.27	0.245
1001.32	0.201
1001.37	0.147
1001.42	0.0993
1001.47	0.0644
1001.55	0.0311
1001.6	0.0057
1001.71	0.00226