0.00E+00	0.00146
4.00E-02	0.0395
6.00E-02	0.0934
7.00E-02	0.152
8.00E-02	0.212
1.00E-01	0.276
1.10E-01	0.328
1.20E-01	0.388
1.30E-01	0.467
1.60E-01	0.531
1.50E-01	0.577
1.60E-01	0.653
2.00E-01	0.722
2.00E-01	0.778
2.00E-01	0.829
2.60E-01	0.887
3.00E-01	0.947
3.70E-01	0.985
4.20E-01	0.997
1.00E+06	0.966
1.00E+06	0.939
1.00E+06	0.916
1.00E+06	0.889
1.00E+06	0.863
1.00E+06	0.836
1.00E+06	0.813
1.00E+06	0.771
1.00E+06	0.73
1.00E+06	0.694
1.00E+06	0.654
1.00E+06	0.622
1.00E+06	0.6
1.00E+06	0.561
1.00E+06	0.516
1.00E+06	0.459
1.00E+06	0.404
1.00E+06	0.35
1.00E+06	0.297
1.00E+06	0.245
1.00E+06	0.201
1.00E+06	0.147
1.00E+06	0.0993
1.00E+06	0.0644
1.00E+06	0.0311
1.00E+06	0.0057
1.00E+06	0.00226