0.00E+00	0.00146
4.00E-02	0.0395
6.00E-02	0.0934
7.00E-02	0.152
8.00E-02	0.212
1.00E-01	0.276
1.10E-01	0.328
1.20E-01	0.388
1.30E-01	0.467
1.60E-01	0.531
1.50E-01	0.577
1.60E-01	0.653
2.00E-01	0.722
2.00E-01	0.778
2.00E-01	0.829
2.60E-01	0.887
3.00E-01	0.947
3.70E-01	0.985
4.20E-01	0.997
2.00E+06	0.966
2.00E+06	0.939
2.00E+06	0.916
2.00E+06	0.889
2.00E+06	0.863
2.00E+06	0.836
2.00E+06	0.813
2.00E+06	0.771
2.00E+06	0.73
2.00E+06	0.694
2.00E+06	0.654
2.00E+06	0.622
2.00E+06	0.6
2.00E+06	0.561
2.00E+06	0.516
2.00E+06	0.459
2.00E+06	0.404
2.00E+06	0.35
2.00E+06	0.297
2.00E+06	0.245
2.00E+06	0.201
2.00E+06	0.147
2.00E+06	0.0993
2.00E+06	0.0644
2.00E+06	0.0311
2.00E+06	0.0057
2.00E+06	0.00226