0.00E+00	0.00146
4.00E-02	0.0395
6.00E-02	0.0934
7.00E-02	0.152
8.00E-02	0.212
1.00E-01	0.276
1.10E-01	0.328
1.20E-01	0.388
1.30E-01	0.467
1.60E-01	0.531
1.50E-01	0.577
1.60E-01	0.653
2.00E-01	0.722
2.00E-01	0.778
2.00E-01	0.829
2.60E-01	0.887
3.00E-01	0.947
3.70E-01	0.985
4.20E-01	0.997
5.00E+05	0.966
5.00E+05	0.939
5.00E+05	0.916
5.00E+05	0.889
5.00E+05	0.863
5.00E+05	0.836
5.00E+05	0.813
5.00E+05	0.771
5.00E+05	0.73
5.00E+05	0.694
5.00E+05	0.654
5.00E+05	0.622
5.00E+05	0.6
5.00E+05	0.561
5.00E+05	0.516
5.00E+05	0.459
5.00E+05	0.404
5.00E+05	0.35
5.00E+05	0.297
5.00E+05	0.245
5.00E+05	0.201
5.00E+05	0.147
5.00E+05	0.0993
5.00E+05	0.0644
5.00E+05	0.0311
5.00E+05	0.0057
5.00E+05	0.00226