0	0.00146
0.04	0.0395
0.06	0.0934
0.07	0.152
0.08	0.212
0.1	0.276
0.11	0.328
0.12	0.388
0.13	0.467
0.16	0.531
0.15	0.577
0.16	0.653
0.2	0.722
0.2	0.778
0.2	0.829
0.26	0.887
0.3	0.947
0.37	0.985
0.42	0.997
5000.5	0.966
5000.58	0.939
5000.66	0.916
5000.71	0.889
5000.79	0.863
5000.85	0.836
5000.93	0.813
5000.94	0.771
5000.94	0.73
5000.95	0.694
5000.95	0.654
5000.99	0.622
5001.04	0.6
5001.06	0.561
5001.09	0.516
5001.09	0.459
5001.14	0.404
5001.2	0.35
5001.24	0.297
5001.27	0.245
5001.32	0.201
5001.37	0.147
5001.42	0.0993
5001.47	0.0644
5001.55	0.0311
5001.6	0.0057
5001.71	0.00226