0	2.62655
0.000833367	6.83524
0.0016667	12.553
0.002500033	17.0223
0.003333367	24.7406
0.0041667	32.4819
0.005000033	42.8519
0.005833367	48.6027
0.0066667	56.4824
0.007500033	62.09
0.008333367	69.1621
0.0091667	74.3751
0.010000033	80.2126
0.010833367	83.9005
0.0116667	87.5853
0.012500033	89.5126
0.013333367	91.5201
0.0141667	92.4811
0.015000033	92.9938
0.015833367	93.4008
0.0166667	93.3343
0.017500033	93.0633
0.018333367	92.4693
0.0191667	91.6022
0.020000033	90.8025
0.020833367	90.1
0.0216667	89.1324
0.022500033	88.3259
0.023333367	87.0589
0.0241667	85.7656
0.025000033	84.1971
0.025833367	83.1376
0.0266667	82.2867
0.027500033	81.4951
0.028333367	80.594
0.0291667	79.6264
0.030000033	78.6214
0.030833367	77.5289
0.0316667	76.521
0.032500033	75.6933
0.033333367	75.028
0.0341667	74.2267
0.035000033	73.3055
0.035833367	72.6401
0.0366667	72.0123
0.037500033	71.4163
0.038333367	70.8578
0.0391667	70.3184
0.040000033	69.7047
0.040833367	69.1162
0.0416667	68.7255
0.042500033	68.2682
0.043333367	67.7121
0.0441667	67.311
0.045000033	66.9099
0.045833367	66.5897
0.0466667	66.3253
0.047500033	66.0608
0.048333367	65.7764
0.0491667	65.453
0.050000033	65.1296
0.050833367	64.8234
0.0516667	64.5258
0.052500033	64.2282
0.053333367	63.9305
0.0541667	63.6328
0.055000033	63.079
0.055833367	60.5713
0.0566667	37.4664
0.057500033	40.3387
0.058333367	43.7965
0.0591667	45.9804
0.060000033	36.3683
0.060833367	29.7977
0.0616667	30.6857
0.062500033	30.2191
0.063333367	26.0506
0.0641667	19.788
0.065000033	18.1777
0.065833367	16.052
0.0666667	13.2789
0.067500033	10.394
0.068333367	8.90658
0.0691667	6.26689
0.070000033	4.90529
0.070833367	3.5856
0.0716667	2.12792
0.072500033	1.50895
0.073333367	0.889984
0.0741667	0