34
6.7	2.429E-05
16.2	2.384E-05
21.1	2.347E-05
25.0	2.319E-05
31.4	2.240E-05
41.3	2.108E-05
47.4	2.012E-05
52.8	1.921E-05
57.7	1.830E-05
62.2	1.748E-05
67.7	1.645E-05
72.9	1.557E-05
77.7	1.459E-05
82.2	1.377E-05
87.5	1.280E-05
92.5	1.184E-05
97.2	1.106E-05
102.6	1.011E-05
107.8	9.307E-06
112.7	8.532E-06
117.4	7.849E-06
122.6	7.125E-06
127.6	6.504E-06
132.5	5.911E-06
137.2	5.403E-06
142.3	4.856E-06
147.3	4.400E-06
152.1	3.974E-06
157.3	3.537E-06
162.4	3.185E-06
167.3	2.891E-06
172.1	2.608E-06
177.2	2.350E-06
179.8	2.217E-06

Fluence (mm-2) vs position (mm)
13MeV - Al 0.05185cm
