34
6.7	2.856E-05
16.2	2.798E-05
21.1	2.748E-05
25.0	2.693E-05
31.4	2.593E-05
41.3	2.405E-05
47.4	2.276E-05
52.8	2.151E-05
57.7	2.035E-05
62.2	1.922E-05
67.7	1.787E-05
72.9	1.659E-05
77.7	1.547E-05
82.2	1.442E-05
87.5	1.318E-05
92.5	1.209E-05
97.2	1.109E-05
102.6	1.002E-05
107.8	9.090E-06
112.7	8.220E-06
117.4	7.511E-06
122.6	6.680E-06
127.6	6.022E-06
132.5	5.412E-06
137.2	4.834E-06
142.3	4.341E-06
147.3	3.856E-06
152.1	3.442E-06
157.3	3.071E-06
162.4	2.713E-06
167.3	2.435E-06
172.1	2.165E-06
177.2	1.958E-06
179.8	1.841E-06

Fluence (mm-2) vs position (mm)
13MeV - Au 0.00162cm
