34
6.7	1.004E-05
16.2	9.948E-06
21.1	9.910E-06
25.0	9.849E-06
31.4	9.725E-06
41.3	9.487E-06
47.4	9.291E-06
52.8	9.107E-06
57.7	8.869E-06
62.2	8.758E-06
67.7	8.491E-06
72.9	8.296E-06
77.7	8.093E-06
82.2	7.862E-06
87.5	7.622E-06
92.5	7.374E-06
97.2	7.122E-06
102.6	6.908E-06
107.8	6.619E-06
112.7	6.362E-06
117.4	6.129E-06
122.6	5.886E-06
127.6	5.618E-06
132.5	5.366E-06
137.2	5.181E-06
142.3	4.901E-06
147.3	4.703E-06
152.1	4.489E-06
157.3	4.253E-06
162.4	4.063E-06
167.3	3.884E-06
172.1	3.711E-06
177.2	3.546E-06
179.8	3.470E-06

Fluence (mm-2) vs position (mm)
13MeV - Au 0.00485cm
