34
6.7	9.948E-06
16.2	9.900E-06
21.1	9.845E-06
25.0	9.767E-06
31.4	9.659E-06
41.3	9.419E-06
47.4	9.213E-06
52.8	9.087E-06
57.7	8.864E-06
62.2	8.723E-06
67.7	8.506E-06
72.9	8.330E-06
77.7	8.093E-06
82.2	7.903E-06
87.5	7.646E-06
92.5	7.438E-06
97.2	7.205E-06
102.6	6.942E-06
107.8	6.695E-06
112.7	6.446E-06
117.4	6.274E-06
122.6	5.964E-06
127.6	5.732E-06
132.5	5.516E-06
137.2	5.292E-06
142.3	5.038E-06
147.3	4.846E-06
152.1	4.633E-06
157.3	4.412E-06
162.4	4.212E-06
167.3	4.015E-06
172.1	3.880E-06
177.2	3.716E-06
179.8	3.669E-06

Fluence (mm-2) vs position (mm)
13MeV - Be 0.5005cm
