34
6.7	1.139E-05
16.2	1.131E-05
21.1	1.116E-05
25.0	1.109E-05
31.4	1.091E-05
41.3	1.065E-05
47.4	1.039E-05
52.8	1.020E-05
57.7	9.937E-06
62.2	9.739E-06
67.7	9.509E-06
72.9	9.198E-06
77.7	8.948E-06
82.2	8.686E-06
87.5	8.399E-06
92.5	8.131E-06
97.2	7.848E-06
102.6	7.514E-06
107.8	7.211E-06
112.7	6.925E-06
117.4	6.632E-06
122.6	6.329E-06
127.6	6.086E-06
132.5	5.775E-06
137.2	5.518E-06
142.3	5.250E-06
147.3	4.956E-06
152.1	4.729E-06
157.3	4.482E-06
162.4	4.247E-06
167.3	4.044E-06
172.1	3.870E-06
177.2	3.688E-06
179.8	3.607E-06

Fluence (mm-2) vs position (mm)
13MeV - C 0.2505cm
