34
6.7	1.200E-04
16.2	1.106E-04
21.1	1.019E-04
25.0	9.387E-05
31.4	7.991E-05
41.3	5.859E-05
47.4	4.683E-05
52.8	3.768E-05
57.7	3.055E-05
62.2	2.491E-05
67.7	1.913E-05
72.9	1.497E-05
77.7	1.177E-05
82.2	9.375E-06
87.5	7.169E-06
92.5	5.582E-06
97.2	4.366E-06
102.6	3.351E-06
107.8	2.623E-06
112.7	2.088E-06
117.4	1.694E-06
122.6	1.334E-06
127.6	1.089E-06
132.5	8.990E-07
137.2	7.488E-07
142.3	6.242E-07
147.3	5.263E-07
152.1	4.414E-07
157.3	3.752E-07
162.4	3.241E-07
167.3	2.894E-07
172.1	2.513E-07
177.2	2.221E-07
179.8	2.051E-07

Fluence (mm-2) vs position (mm)
13MeV - No Foil
