34
6.7	3.797E-05
16.2	3.698E-05
21.1	3.614E-05
25.0	3.525E-05
31.4	3.349E-05
41.3	3.036E-05
47.4	2.821E-05
52.8	2.623E-05
57.7	2.443E-05
62.2	2.277E-05
67.7	2.065E-05
72.9	1.888E-05
77.7	1.714E-05
82.2	1.575E-05
87.5	1.397E-05
92.5	1.253E-05
97.2	1.127E-05
102.6	9.886E-06
107.8	8.694E-06
112.7	7.671E-06
117.4	6.780E-06
122.6	5.928E-06
127.6	5.180E-06
132.5	4.504E-06
137.2	3.967E-06
142.3	3.455E-06
147.3	2.994E-06
152.1	2.609E-06
157.3	2.257E-06
162.4	1.938E-06
167.3	1.688E-06
172.1	1.497E-06
177.2	1.300E-06
179.8	1.230E-06

Fluence (mm-2) vs position (mm)
13MeV - Ti 0.01235cm
