INSTITUTE  (1USALAS)
REFERENCE  (J,NSE,110,289,199203)
           (R,LA-11656,198908)
AUTHOR     (M.M.MEIER,W.B.AMIAN,C.A.GOULDING,G.L.MORGAN,C.E.MOSS)
TITLE      Differential Neutron Production Cross Sections for
            256-MeV Protons
FACILITY   (MESON) WNR at LAMPF.
METHOD     (TOF) Neutron energy determined by time-of-flight.
DETECTOR   (SCIN) Cylindrical plastic scintillators at 3 energy
            biases.  Efficiency calibrated relative to 7Li(p,n)7Be
            reaction.
           Proton beam monitored using secondary electron monitor.
ANALYSIS   Data averaged over bins widths. Neutron energy given
            midpoint of bin.  The resolution given is the bin
            width.
CORRECTION Corrected for
           . dead-time,
           . background,
           . beam attenuation,
           . detector efficiency and solid angle.
REACTION   (26-FE-0(P,X)0-NN-1,,DA/DE)
ERR-ANALYS (DATA-ERR) Uncertainties include statitical uncertainty
            and uncertainty in background and shadow-bar
            corrections.
MEV
256.
ENDCOMMON            3          0
DATA                 5        342
ANG        E          E-RSL      DATA       DATA-ERR
ADEG       MEV        MEV        B/SR/MEV   B/SR/MEV
  7.5       1.0750E+00 1.0000E-01 0.0        0.0
  7.5       1.0750E+00 1.0000E-01 1.3880E-02 9.3190E-04
  7.5       1.1500E+00 1.0000E-01 1.5280E-02 8.0250E-04
  7.5       1.2500E+00 1.0000E-01 1.6530E-02 7.3590E-04
  7.5       1.3500E+00 1.0000E-01 1.2920E-02 7.3550E-04
  7.5       1.4500E+00 1.0000E-01 1.4420E-02 7.1260E-04
  7.5       1.5500E+00 1.0000E-01 1.3920E-02 6.8360E-04
  7.5       1.6500E+00 1.0000E-01 1.4890E-02 6.4780E-04
  7.5       1.7500E+00 1.0000E-01 1.4590E-02 6.2170E-04
  7.5       1.8500E+00 1.0000E-01 1.4150E-02 6.3580E-04
  7.5       1.9500E+00 1.0000E-01 1.5820E-02 6.4080E-04
  7.5       2.1000E+00 2.0000E-01 1.3930E-02 4.6120E-04
  7.5       2.3000E+00 2.0000E-01 1.6880E-02 5.3560E-04
  7.5       2.5000E+00 2.0000E-01 1.7710E-02 5.7890E-04
  7.5       2.7000E+00 2.0000E-01 1.5010E-02 5.0220E-04
  7.5       2.9000E+00 2.0000E-01 1.5580E-02 5.3130E-04
  7.5       3.1000E+00 2.0000E-01 1.2560E-02 4.7000E-04
  7.5       3.3000E+00 2.0000E-01 1.1210E-02 4.1860E-04
  7.5       3.5000E+00 2.0000E-01 1.0680E-02 3.8400E-04
  7.5       3.7000E+00 2.0000E-01 9.8650E-03 3.7290E-04
  7.5       3.9000E+00 2.0000E-01 8.8630E-03 3.3300E-04
  7.5       4.1000E+00 2.0000E-01 8.2180E-03 3.3320E-04
  7.5       4.3000E+00 2.0000E-01 8.6140E-03 3.3500E-04
  7.5       4.5000E+00 2.0000E-01 8.1110E-03 3.0710E-04
  7.5       4.7000E+00 2.0000E-01 8.0460E-03 3.0590E-04
  7.5       4.9000E+00 2.0000E-01 8.1760E-03 3.0220E-04
  7.5       5.2500E+00 5.0000E-01 6.2790E-03 1.9140E-04
  7.5       5.7500E+00 5.0000E-01 6.2790E-03 1.9130E-04
  7.5       6.2500E+00 5.0000E-01 4.8600E-03 1.5200E-04
  7.5       6.7500E+00 5.0000E-01 4.4550E-03 1.4050E-04
  7.5       7.2500E+00 5.0000E-01 3.7740E-03 1.2770E-04
  7.5       7.7500E+00 5.0000E-01 3.5740E-03 1.1870E-04
  7.5       8.2500E+00 5.0000E-01 3.0760E-03 1.0590E-04
  7.5       8.7500E+00 5.0000E-01 2.8140E-03 9.9890E-05
  7.5       9.2500E+00 5.0000E-01 2.6690E-03 9.3710E-05
  7.5       9.7500E+00 5.0000E-01 2.5030E-03 9.2020E-05
  7.5       1.0750E+01 1.0000E+00 2.0810E-03 6.4610E-05
  7.5       1.1500E+01 1.0000E+00 1.8230E-03 6.0770E-05
  7.5       1.2500E+01 1.0000E+00 1.6870E-03 5.6210E-05
  7.5       1.3500E+01 1.0000E+00 1.4660E-03 5.3330E-05
  7.5       1.4500E+01 1.0000E+00 1.3930E-03 5.0740E-05
  7.5       1.5500E+01 1.0000E+00 1.2730E-03 4.9450E-05
  7.5       1.6500E+01 1.0000E+00 1.1910E-03 4.6880E-05
  7.5       1.7500E+01 1.0000E+00 1.1430E-03 4.7130E-05
  7.5       1.8500E+01 1.0000E+00 1.1020E-03 4.7680E-05
  7.5       1.9500E+01 1.0000E+00 1.0100E-03 4.6460E-05
  7.5       2.1000E+01 2.0000E+00 9.4590E-04 3.3180E-05
  7.5       2.3000E+01 2.0000E+00 8.2170E-04 3.0720E-05
  7.5       2.5000E+01 2.0000E+00 7.7210E-04 2.8960E-05
  7.5       2.7000E+01 2.0000E+00 7.3440E-04 2.7930E-05
  7.5       2.9000E+01 2.0000E+00 6.9340E-04 2.7690E-05
  7.5       3.1000E+01 2.0000E+00 6.9770E-04 2.6900E-05
  7.5       3.3000E+01 2.0000E+00 6.8450E-04 2.7180E-05
  7.5       3.5000E+01 2.0000E+00 7.2060E-04 3.4080E-05
  7.5       3.7000E+01 2.0000E+00 6.3620E-04 3.1040E-05
  7.5       3.9000E+01 2.0000E+00 6.6790E-04 3.2410E-05
  7.5       4.1000E+01 2.0000E+00 6.5850E-04 3.1620E-05
  7.5       4.3000E+01 2.0000E+00 6.5220E-04 3.0470E-05
  7.5       4.5000E+01 2.0000E+00 6.2830E-04 3.1210E-05
  7.5       4.7000E+01 2.0000E+00 5.9730E-04 3.0610E-05
  7.5       4.9000E+01 2.0000E+00 6.3060E-04 3.1290E-05
  7.5       5.2500E+01 5.0000E+00 5.8430E-04 2.1240E-05
  7.5       5.7500E+01 5.0000E+00 5.7970E-04 2.1090E-05
  7.5       6.2500E+01 5.0000E+00 5.5520E-04 2.0780E-05
  7.5       6.7500E+01 5.0000E+00 5.2760E-04 2.0260E-05
  7.5       7.2500E+01 5.0000E+00 5.4010E-04 2.0550E-05
  7.5       7.7500E+01 5.0000E+00 5.1990E-04 2.0760E-05
  7.5       8.2500E+01 5.0000E+00 4.8540E-04 2.1140E-05
  7.5       8.7500E+01 5.0000E+00 5.2260E-04 2.1010E-05
  7.5       9.2500E+01 5.0000E+00 4.8520E-04 2.0400E-05
  7.5       9.7500E+01 5.0000E+00 4.8710E-04 1.9670E-05
  7.5       1.0750E+02 1.0000E+01 4.7310E-04 1.5200E-05
  7.5       1.1500E+02 1.0000E+01 4.6860E-04 1.5600E-05
  7.5       1.2500E+02 1.0000E+01 4.5720E-04 1.5240E-05
  7.5       1.3500E+02 1.0000E+01 4.9930E-04 1.6020E-05
  7.5       1.4500E+02 1.0000E+01 5.1420E-04 1.6210E-05
  7.5       1.5500E+02 1.0000E+01 5.4050E-04 1.7040E-05
  7.5       1.6500E+02 1.0000E+01 6.0370E-04 1.8320E-05
  7.5       1.7500E+02 1.0000E+01 6.8240E-04 1.9990E-05
  7.5       1.8500E+02 1.0000E+01 8.9130E-04 2.4360E-05
  7.5       1.9500E+02 1.0000E+01 1.1710E-03 3.0430E-05
  7.5       2.1000E+02 2.0000E+01 1.7360E-03 3.9660E-05
  7.5       2.3000E+02 2.0000E+01 1.6010E-03 3.7130E-05
  7.5       2.5000E+02 2.0000E+01 1.9250E-04 7.1330E-06
  7.5       2.7000E+02 2.0000E+01 7.2800E-07 7.0890E-07
 30.        6.2500E-01 5.0000E-02 1.3720E-02 0.0
 30.        6.2500E-01 5.0000E-02 1.3720E-02 3.9930E-04
 30.        6.7500E-01 5.0000E-02 1.4010E-02 3.9690E-04
 30.        7.2500E-01 5.0000E-02 1.5670E-02 4.2160E-04
 30.        7.7500E-01 5.0000E-02 1.6580E-02 4.3630E-04
 30.        8.2500E-01 5.0000E-02 1.6720E-02 4.3610E-04
 30.        8.7500E-01 5.0000E-02 1.7600E-02 4.4950E-04
 30.        9.2500E-01 5.0000E-02 1.9620E-02 4.9450E-04
 30.        9.7500E-01 5.0000E-02 1.8130E-02 4.6380E-04
 30.        1.0750E+00 1.0000E-01 1.7370E-02 4.0320E-04
 30.        1.1500E+00 1.0000E-01 1.7950E-02 4.1020E-04
 30.        1.2500E+00 1.0000E-01 1.9050E-02 4.3090E-04
 30.        1.3500E+00 1.0000E-01 1.7340E-02 3.9670E-04
 30.        1.4500E+00 1.0000E-01 1.7610E-02 3.9980E-04
 30.        1.5500E+00 1.0000E-01 1.7830E-02 4.0460E-04
 30.        1.6500E+00 1.0000E-01 1.7570E-02 3.9830E-04
 30.        1.7500E+00 1.0000E-01 1.6870E-02 3.8340E-04
 30.        1.8500E+00 1.0000E-01 1.7410E-02 3.9490E-04
 30.        1.9500E+00 1.0000E-01 1.7410E-02 3.9560E-04
 30.        2.1000E+00 2.0000E-01 1.6320E-02 3.5400E-04
 30.        2.3000E+00 2.0000E-01 1.7620E-02 3.8260E-04
 30.        2.5000E+00 2.0000E-01 1.7930E-02 3.9020E-04
 30.        2.7000E+00 2.0000E-01 1.6170E-02 3.5280E-04
 30.        2.9000E+00 2.0000E-01 1.5600E-02 3.4250E-04
 30.        3.1000E+00 2.0000E-01 1.4140E-02 3.1260E-04
 30.        3.3000E+00 2.0000E-01 1.2440E-02 2.7710E-04
 30.        3.5000E+00 2.0000E-01 1.1280E-02 2.5260E-04
 30.        3.7000E+00 2.0000E-01 1.0860E-02 2.4430E-04
 30.        3.9000E+00 2.0000E-01 9.9260E-03 2.2440E-04
 30.        4.1000E+00 2.0000E-01 9.4440E-03 2.1550E-04
 30.        4.3000E+00 2.0000E-01 9.3540E-03 2.1430E-04
 30.        4.5000E+00 2.0000E-01 8.6460E-03 1.9930E-04
 30.        4.7000E+00 2.0000E-01 8.4370E-03 1.9510E-04
 30.        4.9000E+00 2.0000E-01 7.9940E-03 1.8620E-04
 30.        5.2500E+00 5.0000E-01 6.9670E-03 1.5190E-04
 30.        5.7500E+00 5.0000E-01 6.4840E-03 1.4260E-04
 30.        6.2500E+00 5.0000E-01 5.2870E-03 1.1770E-04
 30.        6.7500E+00 5.0000E-01 4.5970E-03 1.0360E-04
 30.        7.2500E+00 5.0000E-01 4.0670E-03 9.3210E-05
 30.        7.7500E+00 5.0000E-01 3.8430E-03 8.8470E-05
 30.        8.2500E+00 5.0000E-01 3.3950E-03 7.9140E-05
 30.        8.7500E+00 5.0000E-01 2.9810E-03 7.0750E-05
 30.        9.2500E+00 5.0000E-01 2.8380E-03 6.7560E-05
 30.        9.7500E+00 5.0000E-01 2.5570E-03 6.2260E-05
 30.        1.0750E+01 1.0000E+00 2.2130E-03 5.0390E-05
 30.        1.1500E+01 1.0000E+00 1.9950E-03 4.5990E-05
 30.        1.2500E+01 1.0000E+00 1.7580E-03 4.1230E-05
 30.        1.3500E+01 1.0000E+00 1.5900E-03 3.7880E-05
 30.        1.4500E+01 1.0000E+00 1.4530E-03 3.5240E-05
 30.        1.5500E+01 1.0000E+00 1.3680E-03 3.3510E-05
 30.        1.6500E+01 1.0000E+00 1.2960E-03 3.2050E-05
 30.        1.7500E+01 1.0000E+00 1.2080E-03 3.0400E-05
 30.        1.8500E+01 1.0000E+00 1.1770E-03 2.9840E-05
 30.        1.9500E+01 1.0000E+00 1.0940E-03 2.8350E-05
 30.        2.1000E+01 2.0000E+00 1.0060E-03 2.3710E-05
 30.        2.3000E+01 2.0000E+00 9.5300E-04 2.2730E-05
 30.        2.5000E+01 2.0000E+00 9.1790E-04 2.2060E-05
 30.        2.7000E+01 2.0000E+00 8.5890E-04 2.0980E-05
 30.        2.9000E+01 2.0000E+00 8.2960E-04 2.0500E-05
 30.        3.1000E+01 2.0000E+00 8.1050E-04 2.0180E-05
 30.        3.3000E+01 2.0000E+00 7.9390E-04 2.0050E-05
 30.        3.5000E+01 2.0000E+00 8.2540E-04 2.3290E-05
 30.        3.7000E+01 2.0000E+00 8.1040E-04 2.2930E-05
 30.        3.9000E+01 2.0000E+00 7.7820E-04 2.2480E-05
 30.        4.1000E+01 2.0000E+00 7.6080E-04 2.1960E-05
 30.        4.3000E+01 2.0000E+00 7.4730E-04 2.1700E-05
 30.        4.5000E+01 2.0000E+00 7.7580E-04 2.2240E-05
 30.        4.7000E+01 2.0000E+00 7.4050E-04 2.1770E-05
 30.        4.9000E+01 2.0000E+00 7.4510E-04 2.1750E-05
 30.        5.2500E+01 5.0000E+00 7.0980E-04 1.7430E-05
 30.        5.7500E+01 5.0000E+00 6.7720E-04 1.6890E-05
 30.        6.2500E+01 5.0000E+00 6.9310E-04 1.7370E-05
 30.        6.7500E+01 5.0000E+00 6.7430E-04 1.7130E-05
 30.        7.2500E+01 5.0000E+00 6.5870E-04 1.6900E-05
 30.        7.7500E+01 5.0000E+00 6.5500E-04 1.6890E-05
 30.        8.2500E+01 5.0000E+00 6.4280E-04 1.6750E-05
 30.        8.7500E+01 5.0000E+00 6.3430E-04 1.6710E-05
 30.        9.2500E+01 5.0000E+00 6.3090E-04 1.6690E-05
 30.        9.7500E+01 5.0000E+00 6.2240E-04 1.6590E-05
 30.        1.0750E+02 1.0000E+01 6.2350E-04 1.4820E-05
 30.        1.1500E+02 1.0000E+01 6.1630E-04 1.4740E-05
 30.        1.2500E+02 1.0000E+01 6.4880E-04 1.5420E-05
 30.        1.3500E+02 1.0000E+01 6.5730E-04 1.5630E-05
 30.        1.4500E+02 1.0000E+01 6.6390E-04 1.5830E-05
 30.        1.5500E+02 1.0000E+01 6.5180E-04 1.5660E-05
 30.        1.6500E+02 1.0000E+01 6.4670E-04 1.5560E-05
 30.        1.7500E+02 1.0000E+01 6.2230E-04 1.5100E-05
 30.        1.8500E+02 1.0000E+01 5.5330E-04 1.3650E-05
 30.        1.9500E+02 1.0000E+01 4.7290E-04 1.2020E-05
 30.        2.1000E+02 2.0000E+01 3.2890E-04 7.9510E-06
 30.        2.3000E+02 2.0000E+01 1.5090E-04 4.2010E-06
 30.        2.5000E+02 2.0000E+01 2.8960E-05 1.3500E-06
 30.        2.7000E+02 2.0000E+01 1.2850E-06 3.4270E-07
 60.        5.2500E-01 5.0000E-02 9.7690E-03 0.0
 60.        5.2500E-01 5.0000E-02 9.7690E-03 8.7820E-04
 60.        5.7500E-01 5.0000E-02 1.1510E-02 7.6400E-04
 60.        6.2500E-01 5.0000E-02 1.2740E-02 6.9290E-04
 60.        6.7500E-01 5.0000E-02 1.3210E-02 6.3690E-04
 60.        7.2500E-01 5.0000E-02 1.5200E-02 6.2540E-04
 60.        7.7500E-01 5.0000E-02 1.5230E-02 6.2050E-04
 60.        8.2500E-01 5.0000E-02 1.6240E-02 6.0870E-04
 60.        8.7500E-01 5.0000E-02 1.7480E-02 6.1710E-04
 60.        9.2500E-01 5.0000E-02 2.1490E-02 7.2880E-04
 60.        9.7500E-01 5.0000E-02 1.8830E-02 6.8030E-04
 60.        1.0750E+00 1.0000E-01 1.6810E-02 4.9850E-04
 60.        1.1500E+00 1.0000E-01 1.7380E-02 4.7370E-04
 60.        1.2500E+00 1.0000E-01 1.8060E-02 4.7930E-04
 60.        1.3500E+00 1.0000E-01 1.5730E-02 4.3360E-04
 60.        1.4500E+00 1.0000E-01 1.6220E-02 4.3050E-04
 60.        1.5500E+00 1.0000E-01 1.6320E-02 4.3250E-04
 60.        1.6500E+00 1.0000E-01 1.5900E-02 4.1850E-04
 60.        1.7500E+00 1.0000E-01 1.4730E-02 3.9370E-04
 60.        1.8500E+00 1.0000E-01 1.5920E-02 4.1710E-04
 60.        1.9500E+00 1.0000E-01 1.6520E-02 4.3210E-04
 60.        2.1000E+00 2.0000E-01 1.4870E-02 3.5050E-04
 60.        2.3000E+00 2.0000E-01 1.7490E-02 4.1340E-04
 60.        2.5000E+00 2.0000E-01 1.9340E-02 4.5880E-04
 60.        2.7000E+00 2.0000E-01 1.6370E-02 3.9070E-04
 60.        2.9000E+00 2.0000E-01 1.6080E-02 3.9320E-04
 60.        3.1000E+00 2.0000E-01 1.4080E-02 3.4800E-04
 60.        3.3000E+00 2.0000E-01 1.1590E-02 2.9340E-04
 60.        3.5000E+00 2.0000E-01 1.0070E-02 2.5860E-04
 60.        3.7000E+00 2.0000E-01 9.7110E-03 2.5250E-04
 60.        3.9000E+00 2.0000E-01 8.4780E-03 2.2310E-04
 60.        4.1000E+00 2.0000E-01 8.3580E-03 2.2380E-04
 60.        4.3000E+00 2.0000E-01 8.3630E-03 2.2560E-04
 60.        4.5000E+00 2.0000E-01 7.7210E-03 2.0840E-04
 60.        4.7000E+00 2.0000E-01 7.9770E-03 2.1330E-04
 60.        4.9000E+00 2.0000E-01 7.3970E-03 2.0150E-04
 60.        5.2500E+00 5.0000E-01 5.9380E-03 1.4420E-04
 60.        5.7500E+00 5.0000E-01 5.7920E-03 1.4390E-04
 60.        6.2500E+00 5.0000E-01 4.3910E-03 1.1270E-04
 60.        6.7500E+00 5.0000E-01 3.9090E-03 1.0220E-04
 60.        7.2500E+00 5.0000E-01 3.3510E-03 9.1230E-05
 60.        7.7500E+00 5.0000E-01 3.0050E-03 8.3820E-05
 60.        8.2500E+00 5.0000E-01 2.8000E-03 7.8880E-05
 60.        8.7500E+00 5.0000E-01 2.4850E-03 7.2790E-05
 60.        9.2500E+00 5.0000E-01 2.2800E-03 6.7190E-05
 60.        9.7500E+00 5.0000E-01 2.2340E-03 6.7910E-05
 60.        1.0750E+01 1.0000E+00 1.8480E-03 5.0020E-05
 60.        1.1500E+01 1.0000E+00 1.6520E-03 4.5870E-05
 60.        1.2500E+01 1.0000E+00 1.3610E-03 3.9780E-05
 60.        1.3500E+01 1.0000E+00 1.2140E-03 3.6940E-05
 60.        1.4500E+01 1.0000E+00 1.1580E-03 3.5740E-05
 60.        1.5500E+01 1.0000E+00 1.0600E-03 3.3770E-05
 60.        1.6500E+01 1.0000E+00 9.9240E-04 3.2770E-05
 60.        1.7500E+01 1.0000E+00 9.6580E-04 3.2040E-05
 60.        1.8500E+01 1.0000E+00 9.1460E-04 3.1350E-05
 60.        1.9500E+01 1.0000E+00 8.6940E-04 3.0370E-05
 60.        2.1000E+01 2.0000E+00 7.4690E-04 2.2330E-05
 60.        2.3000E+01 2.0000E+00 7.1330E-04 2.1250E-05
 60.        2.5000E+01 2.0000E+00 6.4200E-04 2.0220E-05
 60.        2.7000E+01 2.0000E+00 6.4540E-04 2.0250E-05
 60.        2.9000E+01 2.0000E+00 6.2000E-04 2.0010E-05
 60.        3.1000E+01 2.0000E+00 5.8320E-04 1.9490E-05
 60.        3.3000E+01 2.0000E+00 5.9510E-04 1.9460E-05
 60.        3.5000E+01 2.0000E+00 5.0880E-04 2.1270E-05
 60.        3.7000E+01 2.0000E+00 5.3050E-04 2.1850E-05
 60.        3.9000E+01 2.0000E+00 4.8810E-04 2.0970E-05
 60.        4.1000E+01 2.0000E+00 4.8390E-04 2.0640E-05
 60.        4.3000E+01 2.0000E+00 5.0200E-04 2.1150E-05
 60.        4.5000E+01 2.0000E+00 5.1230E-04 2.1400E-05
 60.        4.7000E+01 2.0000E+00 5.0850E-04 2.1330E-05
 60.        4.9000E+01 2.0000E+00 4.9680E-04 2.1010E-05
 60.        5.2500E+01 5.0000E+00 4.4520E-04 1.4400E-05
 60.        5.7500E+01 5.0000E+00 4.2710E-04 1.4080E-05
 60.        6.2500E+01 5.0000E+00 3.8620E-04 1.3160E-05
 60.        6.7500E+01 5.0000E+00 3.8170E-04 1.3080E-05
 60.        7.2500E+01 5.0000E+00 3.5340E-04 1.2510E-05
 60.        7.7500E+01 5.0000E+00 3.1620E-04 1.1730E-05
 60.        8.2500E+01 5.0000E+00 3.0030E-04 1.1420E-05
 60.        8.7500E+01 5.0000E+00 2.7620E-04 1.1000E-05
 60.        9.2500E+01 5.0000E+00 2.7000E-04 1.0760E-05
 60.        9.7500E+01 5.0000E+00 2.5000E-04 1.0320E-05
 60.        1.0750E+02 1.0000E+01 2.0840E-04 7.2450E-06
 60.        1.1500E+02 1.0000E+01 1.5610E-04 6.0440E-06
 60.        1.2500E+02 1.0000E+01 1.2550E-04 5.2910E-06
 60.        1.3500E+02 1.0000E+01 1.0220E-04 4.7220E-06
 60.        1.4500E+02 1.0000E+01 6.6980E-05 3.7600E-06
 60.        1.5500E+02 1.0000E+01 4.8790E-05 3.2210E-06
 60.        1.6500E+02 1.0000E+01 3.4760E-05 2.7450E-06
 60.        1.7500E+02 1.0000E+01 2.3570E-05 2.2910E-06
 60.        1.8500E+02 1.0000E+01 1.5590E-05 1.9490E-06
 60.        1.9500E+02 1.0000E+01 9.6490E-06 1.6190E-06
 60.        2.1000E+02 2.0000E+01 3.0850E-06 8.2800E-07
 60.        2.3000E+02 2.0000E+01 4.6950E-07 6.3920E-07
150.        6.2500E-01 5.0000E-02 1.4150E-02 0.0
150.        6.2500E-01 5.0000E-02 1.4150E-02 4.0450E-04
150.        6.7500E-01 5.0000E-02 1.4140E-02 3.9590E-04
150.        7.2500E-01 5.0000E-02 1.4800E-02 4.0240E-04
150.        7.7500E-01 5.0000E-02 1.6080E-02 4.2320E-04
150.        8.2500E-01 5.0000E-02 1.6170E-02 4.2340E-04
150.        8.7500E-01 5.0000E-02 1.6490E-02 4.2660E-04
150.        9.2500E-01 5.0000E-02 1.8360E-02 4.6940E-04
150.        9.7500E-01 5.0000E-02 1.7750E-02 4.5670E-04
150.        1.0750E+00 1.0000E-01 1.6010E-02 3.7650E-04
150.        1.1500E+00 1.0000E-01 1.6460E-02 3.7970E-04
150.        1.2500E+00 1.0000E-01 1.6610E-02 3.8180E-04
150.        1.3500E+00 1.0000E-01 1.5310E-02 3.5570E-04
150.        1.4500E+00 1.0000E-01 1.5120E-02 3.5010E-04
150.        1.5500E+00 1.0000E-01 1.5160E-02 3.5040E-04
150.        1.6500E+00 1.0000E-01 1.5070E-02 3.4730E-04
150.        1.7500E+00 1.0000E-01 1.4220E-02 3.2980E-04
150.        1.8500E+00 1.0000E-01 1.3970E-02 3.2480E-04
150.        1.9500E+00 1.0000E-01 1.4420E-02 3.3480E-04
150.        2.1000E+00 2.0000E-01 1.3050E-02 2.8740E-04
150.        2.3000E+00 2.0000E-01 1.3970E-02 3.0850E-04
150.        2.5000E+00 2.0000E-01 1.3730E-02 3.0510E-04
150.        2.7000E+00 2.0000E-01 1.2240E-02 2.7330E-04
150.        2.9000E+00 2.0000E-01 1.1630E-02 2.6220E-04
150.        3.1000E+00 2.0000E-01 1.0610E-02 2.4100E-04
150.        3.3000E+00 2.0000E-01 9.0510E-03 2.0790E-04
150.        3.5000E+00 2.0000E-01 8.0570E-03 1.8710E-04
150.        3.7000E+00 2.0000E-01 7.6250E-03 1.7890E-04
150.        3.9000E+00 2.0000E-01 6.9430E-03 1.6400E-04
150.        4.1000E+00 2.0000E-01 6.5590E-03 1.5720E-04
150.        4.3000E+00 2.0000E-01 6.4290E-03 1.5530E-04
150.        4.5000E+00 2.0000E-01 5.9330E-03 1.4430E-04
150.        4.7000E+00 2.0000E-01 5.9380E-03 1.4430E-04
150.        4.9000E+00 2.0000E-01 5.3340E-03 1.3190E-04
150.        5.2500E+00 5.0000E-01 4.5830E-03 1.0370E-04
150.        5.7500E+00 5.0000E-01 4.1510E-03 9.5650E-05
150.        6.2500E+00 5.0000E-01 3.3450E-03 7.8560E-05
150.        6.7500E+00 5.0000E-01 2.8710E-03 6.8800E-05
150.        7.2500E+00 5.0000E-01 2.4320E-03 6.0010E-05
150.        7.7500E+00 5.0000E-01 2.2510E-03 5.6250E-05
150.        8.2500E+00 5.0000E-01 1.8790E-03 4.8600E-05
150.        8.7500E+00 5.0000E-01 1.6710E-03 4.4140E-05
150.        9.2500E+00 5.0000E-01 1.5380E-03 4.1210E-05
150.        9.7500E+00 5.0000E-01 1.3670E-03 3.8130E-05
150.        1.0750E+01 1.0000E+00 1.1390E-03 2.8560E-05
150.        1.1500E+01 1.0000E+00 9.5720E-04 2.4900E-05
150.        1.2500E+01 1.0000E+00 7.8820E-04 2.1650E-05
150.        1.3500E+01 1.0000E+00 6.8100E-04 1.9270E-05
150.        1.4500E+01 1.0000E+00 5.8000E-04 1.7230E-05
150.        1.5500E+01 1.0000E+00 5.3080E-04 1.6340E-05
150.        1.6500E+01 1.0000E+00 4.7710E-04 1.5330E-05
150.        1.7500E+01 1.0000E+00 3.9530E-04 1.3900E-05
150.        1.8500E+01 1.0000E+00 3.6300E-04 1.3160E-05
150.        1.9500E+01 1.0000E+00 3.3550E-04 1.2560E-05
150.        2.1000E+01 2.0000E+00 2.8850E-04 8.9590E-06
150.        2.3000E+01 2.0000E+00 2.2250E-04 7.8080E-06
150.        2.5000E+01 2.0000E+00 1.9640E-04 7.1170E-06
150.        2.7000E+01 2.0000E+00 1.6010E-04 6.4240E-06
150.        2.9000E+01 2.0000E+00 1.4030E-04 6.1070E-06
150.        3.1000E+01 2.0000E+00 1.2450E-04 5.8280E-06
150.        3.3000E+01 2.0000E+00 1.0510E-04 5.4050E-06
150.        3.5000E+01 2.0000E+00 1.0670E-04 6.1290E-06
150.        3.7000E+01 2.0000E+00 9.1040E-05 5.8340E-06
150.        3.9000E+01 2.0000E+00 7.4770E-05 5.2960E-06
150.        4.1000E+01 2.0000E+00 7.0330E-05 5.3680E-06
150.        4.3000E+01 2.0000E+00 6.5540E-05 4.9390E-06
150.        4.5000E+01 2.0000E+00 4.5880E-05 4.5100E-06
150.        4.7000E+01 2.0000E+00 5.1850E-05 4.6500E-06
150.        4.9000E+01 2.0000E+00 4.1080E-05 4.4010E-06
150.        5.2500E+01 5.0000E+00 3.3940E-05 2.6330E-06
150.        5.7500E+01 5.0000E+00 2.8360E-05 2.5040E-06
150.        6.2500E+01 5.0000E+00 1.9250E-05 2.4180E-06
150.        6.7500E+01 5.0000E+00 1.4990E-05 2.1880E-06
150.        7.2500E+01 5.0000E+00 1.2780E-05 2.2850E-06
150.        7.7500E+01 5.0000E+00 1.2260E-05 2.1010E-06
150.        0.0        5.0000E+00 1.2260E-05 2.1010E-06
ENDDATA            344          0
ENDSUBENT          351          0
